6.430000000000000000e+02
1.902000000000000000e+03
3.056000000000000000e+03
4.005000000000000000e+03
4.946000000000000000e+03
5.460000000000000000e+03
6.106000000000000000e+03
6.446000000000000000e+03
6.889000000000000000e+03
7.123000000000000000e+03
7.403000000000000000e+03
7.708000000000000000e+03
8.094000000000000000e+03
8.074000000000000000e+03
8.439000000000000000e+03
8.573000000000000000e+03
8.889000000000000000e+03
9.051000000000000000e+03
9.223000000000000000e+03
9.251000000000000000e+03
9.330000000000000000e+03
9.203000000000000000e+03
9.135000000000000000e+03
8.968000000000000000e+03
8.527000000000000000e+03
8.074000000000000000e+03
7.616000000000000000e+03
7.016000000000000000e+03
6.367000000000000000e+03
5.572000000000000000e+03
4.801000000000000000e+03
3.944000000000000000e+03
3.234000000000000000e+03
2.467000000000000000e+03
1.819000000000000000e+03
1.226000000000000000e+03
9.360000000000000000e+02
6.580000000000000000e+02
4.210000000000000000e+02
2.830000000000000000e+02
1.450000000000000000e+02
8.700000000000000000e+01
3.900000000000000000e+01
2.100000000000000000e+01
4.000000000000000000e+00
0.000000000000000000e+00
0.000000000000000000e+00
0.000000000000000000e+00
0.000000000000000000e+00
0.000000000000000000e+00
