7.607459773405492731e-01
7.971062039618878048e-01
8.352042854248343806e-01
8.751232833527928801e-01
9.169502293401434745e-01
9.607763146989505287e-01
1.006697089274706247e+00
1.054812669764571220e+00
1.105227957992286791e+00
1.158052869615643576e+00
1.213402573765136605e+00
1.271397744136265162e+00
1.332164822082914535e+00
1.395836292285413727e+00
1.462550971594282379e+00
1.532454311679407155e+00
1.605698716144482896e+00
1.682443872798095263e+00
1.762857101805859639e+00
1.847113720482666421e+00
1.935397425520344772e+00
2.027900693484090855e+00
2.124825200450815021e+00
2.226382261704308085e+00
2.332793292445859645e+00
2.444290290524759435e+00
2.561116342241142707e+00
2.683526152323930880e+00
2.811786599239324502e+00
2.946177317040541865e+00
3.086991305027345422e+00
3.234535566544550989e+00
3.389131778312215904e+00
3.551116991746803286e+00
3.720844367802318864e+00
3.898683946933553024e+00
4.085023455860094188e+00
4.280269152890005202e+00
4.484846713646184035e+00
4.699202159126434353e+00
4.923802828120615871e+00
5.159138396104972379e+00
5.405721942834991189e+00
5.664091070964385466e+00
5.934809078129045901e+00
6.218466185051283013e+00
6.515680822341935574e+00
6.827100978805817455e+00
7.153405614190067041e+00
7.495306139455507832e+00
7.853547967798313323e+00
8.228912139803485459e+00
8.622217026273359508e+00
9.034320112443634088e+00
9.466119867476869842e+00
9.918557703309341278e+00
1.039262002712194288e+01
1.088934039190996472e+01
1.140980174984034967e+01
1.195513881330933614e+01
1.252654052884795099e+01
1.312525266926903811e+01
1.375258054970726640e+01
1.440989187347351574e+01
1.509861971392837887e+01
1.582026563887565906e+01
1.657640298428786707e+01
1.736868028450095380e+01
1.819882486635699337e+01
1.906864661513052894e+01
1.998004192044936289e+01
2.093499781081245814e+01
2.193559628571916420e+01
2.298401885485475660e+01
2.408255129422844476e+01
2.523358862963346283e+01
2.643964035829397474e+01
2.770333592008320878e+01
2.902743043024106129e+01
3.041481068608990412e+01
3.186850146084411861e+01
3.339167209823551730e+01
3.498764342233199187e+01
3.665989497761442095e+01
3.841207261509647708e+01
4.024799644102687068e+01
4.217166914550369228e+01
4.418728472915889682e+01
4.629923764693899102e+01
4.851213238891710233e+01
5.083079351902492249e+01
5.326027619359035015e+01
5.580587718261420349e+01
5.847314641781397881e+01
6.126789909261214007e+01
6.419622834044913873e+01
6.726451851906290358e+01
7.047945912969659332e+01
7.384805940158202020e+01
7.737766357349548230e+01
