1.941557237220321863e-01
2.034353427716743823e-01
2.131584786440798573e-01
2.233463291029735842e-01
2.340211050533281545e-01
2.452060789641681005e-01
2.569256356057309509e-01
2.692053252115945705e-01
2.820719191816758453e-01
2.955534684475364937e-01
3.096793646272451017e-01
3.244804041031160158e-01
3.399888551620285915e-01
3.562385283446977136e-01
3.732648501572688460e-01
3.911049403059385088e-01
4.097976926229814909e-01
4.293838598606158352e-01
4.499061425375665557e-01
4.714092820320263666e-01
4.939401581239690198e-01
5.175478911994702003e-01
5.422839493398554644e-01
5.682022605291450201e-01
5.953593302244213348e-01
6.238143645454408137e-01
6.536293993520579937e-01
6.848694354908704263e-01
7.176025805059387253e-01
7.519001971225313108e-01
7.878370588276092379e-01
8.254915128862365670e-01
8.649456511493149868e-01
9.062854890250272577e-01
9.496011530041708060e-01
9.949870771482128839e-01
1.042542208968437745e+00
1.092370225145031126e+00
1.144579757556398070e+00
1.199284630111489003e+00
1.256604106901463513e+00
1.316663152211690724e+00
1.379592702960954265e+00
1.445529954161811625e+00
1.514618658024453612e+00
1.587009437356149411e+00
1.662860113939530260e+00
1.742336052605625518e+00
1.825610521751769744e+00
1.912865071090366742e+00
2.004289927452049369e+00
2.100084409506144834e+00
2.200457362302583597e+00
2.305627612582624053e+00
2.415824445851026958e+00
2.531288106249758307e+00
2.652270320323020680e+00
2.779034845815488985e+00
2.911858046700205538e+00
3.051029495689772553e+00
3.196852605544402870e+00
3.349645290553163068e+00
3.509740659630527393e+00
3.677487742539294224e+00
3.853252250823121727e+00
4.037417375107621886e+00
4.230384620508246485e+00
4.432574681966254815e+00
4.644428361421126361e+00
4.866407528818968764e+00
5.098996129052063786e+00
5.342701237024805039e+00
5.598054163146223061e+00
5.865611611659216962e+00
6.145956894331813025e+00
6.439701202156459026e+00
6.747484937829836049e+00
7.069979111918171633e+00
7.407886805751890513e+00
7.761944704238907811e+00
8.132924701938309298e+00
8.521635585895877441e+00
8.928924798910282234e+00
9.355680287074077839e+00
9.802832435617423457e+00
1.027135609727491428e+01
1.076227271759762871e+01
1.127665256184391218e+01
1.181561704830375703e+01
1.238034119314376547e+01
1.297205617210284423e+01
1.359205200462340812e+01
1.424168036626989675e+01
1.492235753556602873e+01
1.563556748167536803e+01
1.638286509965672977e+01
1.716587960034766880e+01
1.798631806226654462e+01
1.884596915327681543e+01
1.974670703012712636e+01
