1.000000000000000000e+00
0.000000000000000000e+00
0.000000000000000000e+00
0.000000000000000000e+00
0.000000000000000000e+00
0.000000000000000000e+00
0.000000000000000000e+00
0.000000000000000000e+00
0.000000000000000000e+00
0.000000000000000000e+00
0.000000000000000000e+00
0.000000000000000000e+00
0.000000000000000000e+00
0.000000000000000000e+00
0.000000000000000000e+00
0.000000000000000000e+00
0.000000000000000000e+00
0.000000000000000000e+00
0.000000000000000000e+00
2.000000000000000000e+00
9.000000000000000000e+00
1.800000000000000000e+01
4.800000000000000000e+01
1.300000000000000000e+02
2.460000000000000000e+02
3.930000000000000000e+02
5.760000000000000000e+02
7.910000000000000000e+02
1.027000000000000000e+03
1.258000000000000000e+03
1.626000000000000000e+03
1.921000000000000000e+03
2.409000000000000000e+03
2.810000000000000000e+03
3.125000000000000000e+03
3.465000000000000000e+03
3.965000000000000000e+03
4.411000000000000000e+03
5.104000000000000000e+03
5.582000000000000000e+03
6.264000000000000000e+03
6.844000000000000000e+03
7.532000000000000000e+03
8.305000000000000000e+03
8.947000000000000000e+03
9.731000000000000000e+03
1.071400000000000000e+04
1.147900000000000000e+04
1.255500000000000000e+04
1.362100000000000000e+04
1.463000000000000000e+04
1.575300000000000000e+04
1.697100000000000000e+04
1.824100000000000000e+04
1.904500000000000000e+04
2.052100000000000000e+04
2.177300000000000000e+04
2.305100000000000000e+04
2.434200000000000000e+04
2.556700000000000000e+04
2.685600000000000000e+04
2.800000000000000000e+04
2.946500000000000000e+04
3.009600000000000000e+04
3.080200000000000000e+04
3.163000000000000000e+04
3.243000000000000000e+04
3.236700000000000000e+04
3.265700000000000000e+04
3.297500000000000000e+04
3.244100000000000000e+04
3.153000000000000000e+04
3.079600000000000000e+04
2.966800000000000000e+04
2.806400000000000000e+04
2.577300000000000000e+04
2.308000000000000000e+04
2.028700000000000000e+04
1.765400000000000000e+04
1.455800000000000000e+04
1.200100000000000000e+04
9.613000000000000000e+03
7.665000000000000000e+03
6.009000000000000000e+03
4.491000000000000000e+03
3.202000000000000000e+03
2.333000000000000000e+03
1.643000000000000000e+03
1.044000000000000000e+03
6.460000000000000000e+02
4.090000000000000000e+02
2.470000000000000000e+02
1.610000000000000000e+02
8.600000000000000000e+01
3.700000000000000000e+01
2.400000000000000000e+01
5.000000000000000000e+00
7.000000000000000000e+00
0.000000000000000000e+00
1.000000000000000000e+00
