0.000000000000000000e+00
1.000000000000000000e+00
0.000000000000000000e+00
0.000000000000000000e+00
0.000000000000000000e+00
0.000000000000000000e+00
0.000000000000000000e+00
1.000000000000000000e+00
1.000000000000000000e+00
9.000000000000000000e+00
2.300000000000000000e+01
7.300000000000000000e+01
1.050000000000000000e+02
1.620000000000000000e+02
2.760000000000000000e+02
4.600000000000000000e+02
6.170000000000000000e+02
7.150000000000000000e+02
8.950000000000000000e+02
1.169000000000000000e+03
1.369000000000000000e+03
1.649000000000000000e+03
1.857000000000000000e+03
2.189000000000000000e+03
2.532000000000000000e+03
2.836000000000000000e+03
3.130000000000000000e+03
3.476000000000000000e+03
3.759000000000000000e+03
4.328000000000000000e+03
4.646000000000000000e+03
5.091000000000000000e+03
5.605000000000000000e+03
6.067000000000000000e+03
6.626000000000000000e+03
7.114000000000000000e+03
7.709000000000000000e+03
8.248000000000000000e+03
8.913000000000000000e+03
9.653000000000000000e+03
1.028700000000000000e+04
1.108200000000000000e+04
1.182900000000000000e+04
1.259500000000000000e+04
1.348700000000000000e+04
1.433200000000000000e+04
1.517400000000000000e+04
1.609900000000000000e+04
1.679900000000000000e+04
1.792600000000000000e+04
1.867700000000000000e+04
1.982700000000000000e+04
2.073100000000000000e+04
2.164900000000000000e+04
2.245700000000000000e+04
2.328000000000000000e+04
2.447100000000000000e+04
2.481000000000000000e+04
2.573100000000000000e+04
2.624400000000000000e+04
2.670700000000000000e+04
2.719000000000000000e+04
2.729100000000000000e+04
2.748500000000000000e+04
2.754300000000000000e+04
2.750300000000000000e+04
2.713900000000000000e+04
2.646300000000000000e+04
2.603000000000000000e+04
2.500500000000000000e+04
2.388500000000000000e+04
2.238100000000000000e+04
2.071900000000000000e+04
1.847900000000000000e+04
1.660400000000000000e+04
1.462100000000000000e+04
1.229400000000000000e+04
1.056800000000000000e+04
8.839000000000000000e+03
7.132000000000000000e+03
5.896000000000000000e+03
4.625000000000000000e+03
3.590000000000000000e+03
2.651000000000000000e+03
2.021000000000000000e+03
1.497000000000000000e+03
1.008000000000000000e+03
6.930000000000000000e+02
4.620000000000000000e+02
2.860000000000000000e+02
1.920000000000000000e+02
1.290000000000000000e+02
7.800000000000000000e+01
4.000000000000000000e+01
2.600000000000000000e+01
7.000000000000000000e+00
9.000000000000000000e+00
4.000000000000000000e+00
2.000000000000000000e+00
0.000000000000000000e+00
