0.000000000000000000e+00
3.000000000000000000e+00
3.000000000000000000e+00
5.000000000000000000e+00
3.000000000000000000e+00
8.000000000000000000e+00
1.300000000000000000e+01
2.400000000000000000e+01
2.600000000000000000e+01
3.800000000000000000e+01
4.100000000000000000e+01
6.000000000000000000e+01
9.600000000000000000e+01
1.110000000000000000e+02
1.580000000000000000e+02
1.600000000000000000e+02
2.110000000000000000e+02
2.240000000000000000e+02
3.060000000000000000e+02
3.450000000000000000e+02
4.220000000000000000e+02
5.210000000000000000e+02
5.990000000000000000e+02
8.000000000000000000e+02
9.180000000000000000e+02
1.036000000000000000e+03
1.273000000000000000e+03
1.401000000000000000e+03
1.658000000000000000e+03
1.841000000000000000e+03
2.248000000000000000e+03
2.500000000000000000e+03
2.765000000000000000e+03
3.241000000000000000e+03
3.603000000000000000e+03
4.069000000000000000e+03
4.333000000000000000e+03
4.941000000000000000e+03
5.194000000000000000e+03
5.732000000000000000e+03
6.128000000000000000e+03
6.576000000000000000e+03
7.000000000000000000e+03
7.363000000000000000e+03
7.758000000000000000e+03
7.855000000000000000e+03
8.197000000000000000e+03
8.322000000000000000e+03
8.492000000000000000e+03
8.542000000000000000e+03
8.582000000000000000e+03
8.481000000000000000e+03
8.255000000000000000e+03
8.146000000000000000e+03
7.793000000000000000e+03
7.477000000000000000e+03
7.115000000000000000e+03
6.820000000000000000e+03
6.297000000000000000e+03
6.043000000000000000e+03
5.678000000000000000e+03
5.195000000000000000e+03
4.634000000000000000e+03
4.380000000000000000e+03
3.944000000000000000e+03
3.596000000000000000e+03
3.170000000000000000e+03
2.812000000000000000e+03
2.519000000000000000e+03
2.227000000000000000e+03
1.835000000000000000e+03
1.607000000000000000e+03
1.375000000000000000e+03
1.177000000000000000e+03
9.710000000000000000e+02
8.360000000000000000e+02
6.820000000000000000e+02
5.750000000000000000e+02
4.760000000000000000e+02
3.570000000000000000e+02
2.710000000000000000e+02
2.220000000000000000e+02
1.780000000000000000e+02
1.290000000000000000e+02
1.000000000000000000e+02
5.700000000000000000e+01
5.300000000000000000e+01
4.000000000000000000e+01
2.600000000000000000e+01
2.100000000000000000e+01
1.000000000000000000e+01
1.200000000000000000e+01
2.000000000000000000e+00
3.000000000000000000e+00
1.000000000000000000e+00
3.000000000000000000e+00
1.000000000000000000e+00
0.000000000000000000e+00
1.000000000000000000e+00
0.000000000000000000e+00
