2.041275747599666512e-01
2.136920916717277019e-01
2.237047596177766662e-01
2.341865769769532757e-01
2.451595260194203429e-01
2.566466190074664366e-01
2.686719464563898097e-01
2.812607276566740921e-01
2.944393635634093287e-01
3.082354921638784107e-01
3.226780464394244374e-01
3.377973150431542448e-01
3.536250058207324187e-01
3.701943123074781239e-01
3.875399833412233042e-01
4.056983959369214743e-01
4.247076315758392950e-01
4.446075560693219519e-01
4.654399031646235252e-01
4.872483620681362648e-01
5.100786690695718884e-01
5.339787034592483606e-01
5.589985879396367485e-01
5.851907937417494265e-01
6.126102506668189562e-01
6.413144622840436515e-01
6.713636265259911307e-01
7.028207619345698820e-01
7.357518398223296119e-01
7.702259226262567759e-01
8.063153087442187505e-01
8.440956841578023395e-01
8.836462811595313660e-01
9.250500445173401864e-01
9.683938054247791527e-01
1.013768463601761427e+00
1.061269177927745000e+00
1.110995566007143998e+00
1.163051913085494826e+00
1.217547390754510905e+00
1.274596285904691761e+00
1.334318240405637956e+00
1.396838502016730210e+00
1.462288187054374244e+00
1.530804555366671593e+00
1.602531298192191977e+00
1.677618839506534565e+00
1.756224651488659916e+00
1.838513584768580289e+00
1.924658214149000957e+00
2.014839200525948115e+00
2.109245669767402465e+00
2.208075609344510415e+00
2.311536283547182435e+00
2.419844668154866429e+00
2.533227905474066510e+00
2.651923780696914257e+00
2.776181220579804876e+00
2.906260815487903049e+00
3.042435365900353350e+00
3.184990454522317549e+00
3.334225045203647930e+00
3.490452109920245238e+00
3.653999285133004982e+00
3.825209558900836804e+00
4.004441990188763789e+00
4.192072461879635448e+00
4.388494469068636938e+00
4.594119944293791669e+00
4.809380121433142641e+00
5.034726440080318888e+00
5.270631492295158260e+00
5.517590013714889885e+00
5.776119921104402088e+00
6.046763398521532551e+00
6.330088034375282113e+00
6.626688011761544317e+00
6.937185354572709350e+00
7.262231231994479508e+00
7.602507324125626909e+00
7.958727251584673645e+00
8.331638072101627657e+00
8.722021847233394354e+00
9.130697282488570821e+00
9.558521444301224079e+00
1.000639155745449571e+01
1.047524688672353932e+01
1.096607070668394179e+01
1.147989236381664568e+01
1.201778943523403775e+01
1.258088998855439300e+01
1.317037494766404926e+01
1.378748056932879251e+01
1.443350103584826449e+01
1.510979116919072673e+01
1.581776927230021990e+01
1.655892010353480615e+01
1.733479799047386294e+01
1.814703008962464992e+01
1.899731979886432143e+01
