0.000000000000000000e+00
1.000000000000000000e+00
0.000000000000000000e+00
0.000000000000000000e+00
3.000000000000000000e+00
5.000000000000000000e+00
1.600000000000000000e+01
3.800000000000000000e+01
7.300000000000000000e+01
1.290000000000000000e+02
2.050000000000000000e+02
3.020000000000000000e+02
3.730000000000000000e+02
5.650000000000000000e+02
7.970000000000000000e+02
9.330000000000000000e+02
1.117000000000000000e+03
1.414000000000000000e+03
1.705000000000000000e+03
1.950000000000000000e+03
2.229000000000000000e+03
2.465000000000000000e+03
2.829000000000000000e+03
3.213000000000000000e+03
3.614000000000000000e+03
4.007000000000000000e+03
4.402000000000000000e+03
4.802000000000000000e+03
5.031000000000000000e+03
5.668000000000000000e+03
6.155000000000000000e+03
6.616000000000000000e+03
7.169000000000000000e+03
7.907000000000000000e+03
8.357000000000000000e+03
9.161000000000000000e+03
9.737000000000000000e+03
1.028600000000000000e+04
1.107200000000000000e+04
1.187000000000000000e+04
1.261700000000000000e+04
1.340600000000000000e+04
1.413800000000000000e+04
1.508500000000000000e+04
1.625400000000000000e+04
1.705700000000000000e+04
1.793900000000000000e+04
1.889200000000000000e+04
2.003600000000000000e+04
2.099700000000000000e+04
2.189800000000000000e+04
2.305300000000000000e+04
2.407900000000000000e+04
2.507600000000000000e+04
2.608300000000000000e+04
2.721900000000000000e+04
2.814300000000000000e+04
2.897100000000000000e+04
2.964900000000000000e+04
3.049200000000000000e+04
3.083600000000000000e+04
3.147600000000000000e+04
3.162000000000000000e+04
3.200300000000000000e+04
3.191300000000000000e+04
3.167000000000000000e+04
3.157000000000000000e+04
3.088300000000000000e+04
2.957200000000000000e+04
2.828400000000000000e+04
2.713100000000000000e+04
2.516300000000000000e+04
2.271300000000000000e+04
2.068900000000000000e+04
1.809000000000000000e+04
1.577700000000000000e+04
1.342100000000000000e+04
1.144900000000000000e+04
9.544000000000000000e+03
7.977000000000000000e+03
6.614000000000000000e+03
5.284000000000000000e+03
4.292000000000000000e+03
3.228000000000000000e+03
2.499000000000000000e+03
1.786000000000000000e+03
1.262000000000000000e+03
9.640000000000000000e+02
6.910000000000000000e+02
4.760000000000000000e+02
3.190000000000000000e+02
2.010000000000000000e+02
1.270000000000000000e+02
7.800000000000000000e+01
4.500000000000000000e+01
3.000000000000000000e+01
2.300000000000000000e+01
1.000000000000000000e+01
3.000000000000000000e+00
0.000000000000000000e+00
