0.000000000000000000e+00
2.000000000000000000e+00
3.000000000000000000e+00
6.000000000000000000e+00
1.000000000000000000e+01
8.000000000000000000e+00
1.000000000000000000e+01
1.200000000000000000e+01
1.700000000000000000e+01
4.100000000000000000e+01
2.600000000000000000e+01
4.400000000000000000e+01
6.200000000000000000e+01
7.100000000000000000e+01
9.700000000000000000e+01
1.300000000000000000e+02
1.420000000000000000e+02
2.090000000000000000e+02
2.350000000000000000e+02
2.900000000000000000e+02
3.660000000000000000e+02
4.340000000000000000e+02
5.300000000000000000e+02
6.190000000000000000e+02
6.840000000000000000e+02
8.580000000000000000e+02
1.002000000000000000e+03
1.252000000000000000e+03
1.438000000000000000e+03
1.613000000000000000e+03
1.854000000000000000e+03
2.121000000000000000e+03
2.386000000000000000e+03
2.791000000000000000e+03
3.079000000000000000e+03
3.509000000000000000e+03
3.814000000000000000e+03
4.355000000000000000e+03
4.701000000000000000e+03
4.994000000000000000e+03
5.597000000000000000e+03
6.033000000000000000e+03
6.318000000000000000e+03
6.671000000000000000e+03
6.977000000000000000e+03
7.420000000000000000e+03
7.718000000000000000e+03
7.642000000000000000e+03
7.853000000000000000e+03
8.165000000000000000e+03
8.002000000000000000e+03
7.996000000000000000e+03
7.882000000000000000e+03
7.776000000000000000e+03
7.418000000000000000e+03
7.212000000000000000e+03
7.006000000000000000e+03
6.688000000000000000e+03
6.104000000000000000e+03
5.848000000000000000e+03
5.448000000000000000e+03
5.065000000000000000e+03
4.530000000000000000e+03
4.305000000000000000e+03
3.779000000000000000e+03
3.434000000000000000e+03
3.122000000000000000e+03
2.722000000000000000e+03
2.474000000000000000e+03
2.185000000000000000e+03
1.864000000000000000e+03
1.674000000000000000e+03
1.397000000000000000e+03
1.158000000000000000e+03
9.850000000000000000e+02
8.680000000000000000e+02
6.800000000000000000e+02
5.350000000000000000e+02
4.590000000000000000e+02
3.630000000000000000e+02
2.840000000000000000e+02
2.190000000000000000e+02
1.890000000000000000e+02
1.310000000000000000e+02
9.200000000000000000e+01
6.400000000000000000e+01
5.200000000000000000e+01
3.500000000000000000e+01
3.000000000000000000e+01
2.000000000000000000e+01
1.000000000000000000e+01
9.000000000000000000e+00
1.000000000000000000e+00
4.000000000000000000e+00
1.000000000000000000e+00
1.000000000000000000e+00
3.000000000000000000e+00
0.000000000000000000e+00
2.000000000000000000e+00
0.000000000000000000e+00
