7.090000000000000000e+02
2.108000000000000000e+03
3.358000000000000000e+03
4.450000000000000000e+03
5.433000000000000000e+03
6.131000000000000000e+03
6.842000000000000000e+03
7.274000000000000000e+03
7.827000000000000000e+03
8.146000000000000000e+03
8.615000000000000000e+03
8.761000000000000000e+03
9.457000000000000000e+03
9.671000000000000000e+03
9.918000000000000000e+03
1.028200000000000000e+04
1.072600000000000000e+04
1.082500000000000000e+04
1.081100000000000000e+04
1.112600000000000000e+04
1.084500000000000000e+04
1.085300000000000000e+04
1.083200000000000000e+04
1.084100000000000000e+04
1.031200000000000000e+04
9.772000000000000000e+03
9.186000000000000000e+03
8.308000000000000000e+03
7.600000000000000000e+03
6.657000000000000000e+03
5.646000000000000000e+03
4.737000000000000000e+03
3.727000000000000000e+03
2.941000000000000000e+03
2.134000000000000000e+03
1.466000000000000000e+03
1.050000000000000000e+03
7.600000000000000000e+02
5.060000000000000000e+02
3.280000000000000000e+02
1.720000000000000000e+02
8.500000000000000000e+01
4.300000000000000000e+01
1.800000000000000000e+01
1.200000000000000000e+01
0.000000000000000000e+00
0.000000000000000000e+00
0.000000000000000000e+00
0.000000000000000000e+00
0.000000000000000000e+00
