6.480000000000000000e+02
1.916000000000000000e+03
3.148000000000000000e+03
4.220000000000000000e+03
5.036000000000000000e+03
5.792000000000000000e+03
6.184000000000000000e+03
6.592000000000000000e+03
7.045000000000000000e+03
7.485000000000000000e+03
7.699000000000000000e+03
7.904000000000000000e+03
8.319000000000000000e+03
8.643000000000000000e+03
8.661000000000000000e+03
8.844000000000000000e+03
8.965000000000000000e+03
9.362000000000000000e+03
9.357000000000000000e+03
9.514000000000000000e+03
9.490000000000000000e+03
9.521000000000000000e+03
9.473000000000000000e+03
9.184000000000000000e+03
8.796000000000000000e+03
8.406000000000000000e+03
7.822000000000000000e+03
7.230000000000000000e+03
6.575000000000000000e+03
5.909000000000000000e+03
4.926000000000000000e+03
4.142000000000000000e+03
3.297000000000000000e+03
2.477000000000000000e+03
1.831000000000000000e+03
1.256000000000000000e+03
9.590000000000000000e+02
6.760000000000000000e+02
4.460000000000000000e+02
2.990000000000000000e+02
1.500000000000000000e+02
9.600000000000000000e+01
4.300000000000000000e+01
1.900000000000000000e+01
5.000000000000000000e+00
2.000000000000000000e+00
1.000000000000000000e+00
0.000000000000000000e+00
0.000000000000000000e+00
0.000000000000000000e+00
