6.970000000000000000e+02
2.034000000000000000e+03
3.272000000000000000e+03
4.440000000000000000e+03
5.230000000000000000e+03
5.814000000000000000e+03
6.486000000000000000e+03
7.028000000000000000e+03
7.540000000000000000e+03
7.801000000000000000e+03
8.120000000000000000e+03
8.599000000000000000e+03
8.688000000000000000e+03
9.029000000000000000e+03
9.431000000000000000e+03
9.765000000000000000e+03
9.845000000000000000e+03
9.971000000000000000e+03
1.035400000000000000e+04
1.035500000000000000e+04
1.033100000000000000e+04
1.019300000000000000e+04
1.005300000000000000e+04
9.850000000000000000e+03
9.502000000000000000e+03
9.133000000000000000e+03
8.459000000000000000e+03
7.787000000000000000e+03
7.028000000000000000e+03
6.173000000000000000e+03
5.268000000000000000e+03
4.307000000000000000e+03
3.540000000000000000e+03
2.782000000000000000e+03
1.946000000000000000e+03
1.349000000000000000e+03
9.990000000000000000e+02
6.490000000000000000e+02
4.590000000000000000e+02
2.780000000000000000e+02
1.770000000000000000e+02
9.600000000000000000e+01
4.600000000000000000e+01
2.600000000000000000e+01
5.000000000000000000e+00
0.000000000000000000e+00
1.000000000000000000e+00
0.000000000000000000e+00
0.000000000000000000e+00
0.000000000000000000e+00
