0.000000000000000000e+00
2.000000000000000000e+00
2.000000000000000000e+00
2.000000000000000000e+00
5.000000000000000000e+00
7.000000000000000000e+00
8.000000000000000000e+00
1.000000000000000000e+01
1.400000000000000000e+01
2.500000000000000000e+01
2.800000000000000000e+01
3.500000000000000000e+01
5.200000000000000000e+01
7.400000000000000000e+01
9.800000000000000000e+01
1.110000000000000000e+02
1.250000000000000000e+02
1.390000000000000000e+02
2.240000000000000000e+02
2.680000000000000000e+02
2.940000000000000000e+02
3.750000000000000000e+02
4.370000000000000000e+02
5.620000000000000000e+02
6.740000000000000000e+02
7.960000000000000000e+02
8.790000000000000000e+02
1.053000000000000000e+03
1.208000000000000000e+03
1.404000000000000000e+03
1.702000000000000000e+03
1.854000000000000000e+03
2.099000000000000000e+03
2.582000000000000000e+03
2.706000000000000000e+03
3.046000000000000000e+03
3.529000000000000000e+03
3.879000000000000000e+03
4.307000000000000000e+03
4.720000000000000000e+03
5.209000000000000000e+03
5.712000000000000000e+03
6.204000000000000000e+03
6.410000000000000000e+03
6.864000000000000000e+03
7.500000000000000000e+03
7.674000000000000000e+03
7.989000000000000000e+03
8.211000000000000000e+03
8.459000000000000000e+03
8.648000000000000000e+03
8.560000000000000000e+03
8.544000000000000000e+03
8.633000000000000000e+03
8.343000000000000000e+03
8.283000000000000000e+03
8.020000000000000000e+03
7.732000000000000000e+03
7.273000000000000000e+03
7.075000000000000000e+03
6.737000000000000000e+03
6.206000000000000000e+03
5.848000000000000000e+03
5.569000000000000000e+03
5.010000000000000000e+03
4.529000000000000000e+03
4.234000000000000000e+03
3.832000000000000000e+03
3.529000000000000000e+03
3.041000000000000000e+03
2.753000000000000000e+03
2.379000000000000000e+03
2.033000000000000000e+03
1.817000000000000000e+03
1.544000000000000000e+03
1.310000000000000000e+03
1.115000000000000000e+03
9.300000000000000000e+02
7.710000000000000000e+02
6.520000000000000000e+02
5.450000000000000000e+02
4.190000000000000000e+02
3.540000000000000000e+02
2.590000000000000000e+02
2.080000000000000000e+02
1.670000000000000000e+02
1.130000000000000000e+02
8.400000000000000000e+01
7.200000000000000000e+01
5.000000000000000000e+01
4.000000000000000000e+01
1.300000000000000000e+01
1.500000000000000000e+01
1.200000000000000000e+01
9.000000000000000000e+00
3.000000000000000000e+00
3.000000000000000000e+00
1.000000000000000000e+00
4.000000000000000000e+00
0.000000000000000000e+00
