7.050000000000000000e+02
2.118000000000000000e+03
3.312000000000000000e+03
4.426000000000000000e+03
5.289000000000000000e+03
5.979000000000000000e+03
6.622000000000000000e+03
7.067000000000000000e+03
7.429000000000000000e+03
8.049000000000000000e+03
7.990000000000000000e+03
8.606000000000000000e+03
8.941000000000000000e+03
9.028000000000000000e+03
9.322000000000000000e+03
9.557000000000000000e+03
9.854000000000000000e+03
1.002000000000000000e+04
1.012500000000000000e+04
1.034800000000000000e+04
1.031100000000000000e+04
1.011100000000000000e+04
1.000900000000000000e+04
9.882000000000000000e+03
9.379000000000000000e+03
9.176000000000000000e+03
8.622000000000000000e+03
7.856000000000000000e+03
7.012000000000000000e+03
6.098000000000000000e+03
5.249000000000000000e+03
4.261000000000000000e+03
3.566000000000000000e+03
2.741000000000000000e+03
1.968000000000000000e+03
1.337000000000000000e+03
9.780000000000000000e+02
6.860000000000000000e+02
4.460000000000000000e+02
2.980000000000000000e+02
1.680000000000000000e+02
9.500000000000000000e+01
4.600000000000000000e+01
2.500000000000000000e+01
8.000000000000000000e+00
0.000000000000000000e+00
0.000000000000000000e+00
0.000000000000000000e+00
0.000000000000000000e+00
0.000000000000000000e+00
