1.000000000000000000e+00
0.000000000000000000e+00
0.000000000000000000e+00
0.000000000000000000e+00
0.000000000000000000e+00
0.000000000000000000e+00
0.000000000000000000e+00
0.000000000000000000e+00
0.000000000000000000e+00
0.000000000000000000e+00
0.000000000000000000e+00
0.000000000000000000e+00
0.000000000000000000e+00
0.000000000000000000e+00
0.000000000000000000e+00
0.000000000000000000e+00
0.000000000000000000e+00
0.000000000000000000e+00
0.000000000000000000e+00
0.000000000000000000e+00
0.000000000000000000e+00
0.000000000000000000e+00
0.000000000000000000e+00
0.000000000000000000e+00
0.000000000000000000e+00
0.000000000000000000e+00
0.000000000000000000e+00
1.000000000000000000e+00
3.000000000000000000e+00
2.600000000000000000e+01
6.400000000000000000e+01
1.750000000000000000e+02
3.200000000000000000e+02
5.340000000000000000e+02
8.320000000000000000e+02
1.154000000000000000e+03
1.489000000000000000e+03
1.794000000000000000e+03
2.341000000000000000e+03
2.820000000000000000e+03
3.334000000000000000e+03
3.926000000000000000e+03
4.590000000000000000e+03
5.161000000000000000e+03
5.894000000000000000e+03
6.616000000000000000e+03
7.402000000000000000e+03
8.195000000000000000e+03
9.310000000000000000e+03
1.034600000000000000e+04
1.141200000000000000e+04
1.230800000000000000e+04
1.357600000000000000e+04
1.489700000000000000e+04
1.634300000000000000e+04
1.773600000000000000e+04
1.904800000000000000e+04
2.078500000000000000e+04
2.248600000000000000e+04
2.445900000000000000e+04
2.589000000000000000e+04
2.798500000000000000e+04
2.954300000000000000e+04
3.121700000000000000e+04
3.325500000000000000e+04
3.461000000000000000e+04
3.582000000000000000e+04
3.704100000000000000e+04
3.845900000000000000e+04
3.880700000000000000e+04
3.956900000000000000e+04
3.944300000000000000e+04
3.898700000000000000e+04
3.813300000000000000e+04
3.685300000000000000e+04
3.501000000000000000e+04
3.246900000000000000e+04
2.911600000000000000e+04
2.503200000000000000e+04
2.126300000000000000e+04
1.737100000000000000e+04
1.391800000000000000e+04
1.101000000000000000e+04
8.208000000000000000e+03
6.172000000000000000e+03
4.334000000000000000e+03
2.989000000000000000e+03
2.022000000000000000e+03
1.286000000000000000e+03
7.500000000000000000e+02
4.310000000000000000e+02
2.350000000000000000e+02
1.280000000000000000e+02
7.800000000000000000e+01
3.300000000000000000e+01
1.300000000000000000e+01
2.000000000000000000e+00
2.000000000000000000e+00
0.000000000000000000e+00
1.000000000000000000e+00
