0.000000000000000000e+00
1.000000000000000000e+00
0.000000000000000000e+00
0.000000000000000000e+00
0.000000000000000000e+00
0.000000000000000000e+00
0.000000000000000000e+00
0.000000000000000000e+00
2.000000000000000000e+00
5.000000000000000000e+00
2.200000000000000000e+01
5.300000000000000000e+01
1.060000000000000000e+02
1.820000000000000000e+02
2.950000000000000000e+02
4.140000000000000000e+02
5.660000000000000000e+02
7.640000000000000000e+02
9.020000000000000000e+02
1.124000000000000000e+03
1.412000000000000000e+03
1.638000000000000000e+03
1.890000000000000000e+03
2.213000000000000000e+03
2.526000000000000000e+03
2.851000000000000000e+03
3.142000000000000000e+03
3.431000000000000000e+03
3.782000000000000000e+03
4.232000000000000000e+03
4.666000000000000000e+03
5.207000000000000000e+03
5.609000000000000000e+03
6.200000000000000000e+03
6.607000000000000000e+03
7.116000000000000000e+03
7.849000000000000000e+03
8.273000000000000000e+03
9.074000000000000000e+03
9.768000000000000000e+03
1.037500000000000000e+04
1.115800000000000000e+04
1.193000000000000000e+04
1.269700000000000000e+04
1.375400000000000000e+04
1.447300000000000000e+04
1.546900000000000000e+04
1.637600000000000000e+04
1.712600000000000000e+04
1.814400000000000000e+04
1.893400000000000000e+04
2.006600000000000000e+04
2.110900000000000000e+04
2.203500000000000000e+04
2.281600000000000000e+04
2.366000000000000000e+04
2.474000000000000000e+04
2.513900000000000000e+04
2.598300000000000000e+04
2.660900000000000000e+04
2.700500000000000000e+04
2.739600000000000000e+04
2.765200000000000000e+04
2.775200000000000000e+04
2.783800000000000000e+04
2.759800000000000000e+04
2.735400000000000000e+04
2.640800000000000000e+04
2.596700000000000000e+04
2.500600000000000000e+04
2.376800000000000000e+04
2.224500000000000000e+04
2.039700000000000000e+04
1.821900000000000000e+04
1.622200000000000000e+04
1.407600000000000000e+04
1.208200000000000000e+04
1.010300000000000000e+04
8.456000000000000000e+03
6.829000000000000000e+03
5.624000000000000000e+03
4.367000000000000000e+03
3.341000000000000000e+03
2.535000000000000000e+03
1.838000000000000000e+03
1.390000000000000000e+03
9.640000000000000000e+02
6.220000000000000000e+02
4.230000000000000000e+02
2.490000000000000000e+02
1.890000000000000000e+02
1.130000000000000000e+02
8.000000000000000000e+01
3.100000000000000000e+01
1.800000000000000000e+01
9.000000000000000000e+00
6.000000000000000000e+00
4.000000000000000000e+00
2.000000000000000000e+00
0.000000000000000000e+00
