7.775157494360014354e-01
8.157452824342683595e-01
8.558545165116783204e-01
8.979358743548252475e-01
9.420863229648710480e-01
9.884075970961367918e-01
1.037006433680905726e+00
1.087994817780619128e+00
1.141490240630199882e+00
1.197615970370113914e+00
1.256501336090007026e+00
1.318282025838431792e+00
1.383100399285361881e+00
1.451105815757955275e+00
1.522454978405446857e+00
1.597312295286225536e+00
1.675850258209134136e+00
1.758249840201953740e+00
1.844700912522940550e+00
1.935402682176332601e+00
2.030564150939975665e+00
2.130404596962795605e+00
2.235154080041855451e+00
2.345053971743282784e+00
2.460357511588627144e+00
2.581330390588235879e+00
2.708251363466283923e+00
2.841412890988187279e+00
2.981121813870494908e+00
3.127700059826136858e+00
3.281485385374255159e+00
3.442832154123950161e+00
3.612112153325314878e+00
3.789715450569338007e+00
3.976051292610706334e+00
4.171549048384686209e+00
4.376659198391027239e+00
4.591854372724703204e+00
4.817630440145397763e+00
5.054507650695270193e+00
5.303031834497867969e+00
5.563775659500584503e+00
5.837339951058820198e+00
6.124355076402560272e+00
6.425482397175510840e+00
6.741415793393901623e+00
7.072883262336539190e+00
7.420648596050389401e+00
7.785513141337136567e+00
8.168317646276218369e+00
8.569944197539212993e+00
8.991318252959681345e+00
9.433410774042089386e+00
9.897240463323687010e+00
1.038387611174479375e+01
1.089443906143658047e+01
1.143010578960114110e+01
1.199211061943796963e+01
1.258174856436349387e+01
1.320037831207746493e+01
1.384942535535244801e+01
1.453038527676053349e+01
1.524482719490609917e+01
1.599439738010593715e+01
1.678082304784798140e+01
1.760591633876990514e+01
1.847157849432875665e+01
1.937980423778317274e+01
2.033268637058331407e+01
2.133242059476009800e+01
2.238131057242532762e+01
2.348177323404169670e+01
2.463634434769411641e+01
2.584768436219547638e+01
2.711858453749110964e+01
2.845197337648805558e+01
2.985092337312963195e+01
3.131865809226501440e+01
3.285855959762771050e+01
3.447417624503867728e+01
3.616923085879250976e+01
3.794762931006655293e+01
3.981346951712025373e+01
4.177105088802405675e+01
4.382488422767587366e+01
4.597970213193371336e+01
4.824046989281611530e+01
5.061239693989792698e+01
5.310094884426608530e+01
5.571185991269616267e+01
5.845114640106915971e+01
6.132512037747684985e+01
6.434040426695955261e+01
6.750394611139140011e+01
7.082303557967625807e+01
7.430532076514640494e+01
7.795882580886869562e+01
8.179196938946903117e+01
8.581358412207880804e+01
9.003293691110498287e+01
