0.000000000000000000e+00
1.000000000000000000e+00
2.000000000000000000e+00
4.000000000000000000e+00
3.000000000000000000e+00
1.200000000000000000e+01
1.400000000000000000e+01
2.100000000000000000e+01
2.800000000000000000e+01
2.900000000000000000e+01
3.200000000000000000e+01
6.500000000000000000e+01
6.200000000000000000e+01
7.200000000000000000e+01
1.060000000000000000e+02
1.320000000000000000e+02
1.860000000000000000e+02
2.130000000000000000e+02
2.600000000000000000e+02
2.840000000000000000e+02
3.930000000000000000e+02
4.400000000000000000e+02
4.930000000000000000e+02
6.640000000000000000e+02
7.330000000000000000e+02
8.790000000000000000e+02
1.043000000000000000e+03
1.207000000000000000e+03
1.358000000000000000e+03
1.545000000000000000e+03
1.855000000000000000e+03
1.998000000000000000e+03
2.285000000000000000e+03
2.660000000000000000e+03
2.974000000000000000e+03
3.261000000000000000e+03
3.633000000000000000e+03
4.031000000000000000e+03
4.389000000000000000e+03
4.895000000000000000e+03
5.095000000000000000e+03
5.588000000000000000e+03
5.975000000000000000e+03
6.356000000000000000e+03
6.655000000000000000e+03
7.056000000000000000e+03
7.152000000000000000e+03
7.394000000000000000e+03
7.513000000000000000e+03
7.632000000000000000e+03
7.763000000000000000e+03
7.831000000000000000e+03
7.655000000000000000e+03
7.326000000000000000e+03
7.158000000000000000e+03
6.919000000000000000e+03
6.608000000000000000e+03
6.497000000000000000e+03
5.937000000000000000e+03
5.739000000000000000e+03
5.238000000000000000e+03
4.974000000000000000e+03
4.519000000000000000e+03
4.164000000000000000e+03
3.853000000000000000e+03
3.550000000000000000e+03
3.126000000000000000e+03
2.821000000000000000e+03
2.468000000000000000e+03
2.214000000000000000e+03
1.922000000000000000e+03
1.614000000000000000e+03
1.424000000000000000e+03
1.147000000000000000e+03
1.035000000000000000e+03
9.160000000000000000e+02
7.140000000000000000e+02
5.880000000000000000e+02
4.700000000000000000e+02
4.230000000000000000e+02
2.890000000000000000e+02
2.520000000000000000e+02
1.790000000000000000e+02
1.590000000000000000e+02
1.180000000000000000e+02
7.700000000000000000e+01
5.500000000000000000e+01
4.900000000000000000e+01
1.900000000000000000e+01
2.000000000000000000e+01
8.000000000000000000e+00
6.000000000000000000e+00
8.000000000000000000e+00
3.000000000000000000e+00
6.000000000000000000e+00
1.000000000000000000e+00
1.000000000000000000e+00
1.000000000000000000e+00
1.000000000000000000e+00
0.000000000000000000e+00
