7.459180059469252555e-01
7.828392803586237125e-01
8.215880753467337261e-01
8.622548490958773515e-01
9.049345372686705691e-01
9.497267746308790670e-01
9.967361276465226405e-01
1.046072338585918304e+00
1.097850581716525831e+00
1.152191732174667083e+00
1.209222648145795942e+00
1.269076467012059117e+00
1.331892916158502027e+00
1.397818639163483700e+00
1.467007538134792233e+00
1.539621132990630636e+00
1.615828938524207947e+00
1.695808860132187901e+00
1.779747609130807540e+00
1.867841138629220188e+00
1.960295100977591076e+00
2.057325327857851605e+00
2.159158334137876611e+00
2.266031846665314653e+00
2.378195359235530049e+00
2.495910715029221016e+00
2.619452717879396264e+00
2.749109773794702782e+00
2.885184564236721538e+00
3.027994752722988014e+00
3.177873726405281651e+00
3.335171374354384710e+00
3.500254904368193642e+00
3.673509700210012774e+00
3.855340221278222401e+00
4.046170946807590596e+00
4.246447366806433088e+00
4.456637022042950314e+00
4.677230595508569344e+00
4.908743057906281848e+00
5.151714869838079025e+00
5.406713243498002974e+00
5.674333466816163352e+00
5.955200293144941703e+00
6.249969399731539532e+00
6.559328918381670981e+00
6.884001041887682248e+00
7.224743709971281014e+00
7.582352378676648463e+00
7.957661877344568424e+00
8.351548357502624143e+00
8.764931338221103374e+00
9.198775852709443868e+00
9.654094701164424919e+00
1.013195081512928830e+01
1.063345973888335294e+01
1.115979223365489581e+01
1.171217701073672401e+01
1.229190359988487025e+01
1.290032535969660543e+01
1.353886263699547321e+01
1.420900608259875497e+01
1.491232013120807309e+01
1.565044665354678344e+01
1.642510878927000206e+01
1.723811496959511658e+01
1.809136313904353699e+01
1.898684518614918204e+01
1.992665159347718884e+01
2.091297631780810917e+01
2.194812191188039563e+01
2.303450489964756187e+01
2.417466141759869913e+01
2.537125313531166526e+01
2.662707346906046268e+01
2.794505410298228298e+01
2.932827183302777740e+01
3.077995574967149750e+01
3.230349477615052933e+01
3.390244557982905604e+01
3.558054087515781561e+01
3.734169813761143786e+01
3.919002874894630395e+01
4.112984759512811195e+01
4.316568313933551337e+01
4.530228799355486302e+01
4.754465001344534869e+01
4.989800394237501990e+01
5.236784363181070034e+01
5.495993486658989724e+01
5.768032882501489667e+01
6.053537620519153961e+01
6.353174205059025326e+01
6.667642130943896461e+01
6.997675516427149489e+01
7.344044816975197421e+01
7.707558623878320248e+01
8.089065551888732841e+01
8.489456220292508704e+01
8.909665332040138708e+01
