2.594210568068646139e-01
2.710278904494829999e-01
2.831540288427090157e-01
2.958227063528051648e-01
3.090581968816345504e-01
3.228858603768278157e-01
3.373321914228757379e-01
3.524248700062498352e-01
3.681928145518204021e-01
3.846662373321926842e-01
4.018767023561274354e-01
4.198571858469657969e-01
4.386421394269355289e-01
4.582675561284065280e-01
4.787710393585733470e-01
5.001918749497089589e-01
5.225711064330379463e-01
5.459516136804620778e-01
5.703781950648169063e-01
5.958976532960853500e-01
6.225588850980342537e-01
6.504129748970998159e-01
6.795132927030345105e-01
7.099155963688612569e-01
7.416781384260702215e-01
7.748617776997598350e-01
8.095300959175842914e-01
8.457495195359361340e-01
8.835894470167893200e-01
9.231223817990737990e-01
9.644240712193601350e-01
1.007573651648036028e+00
1.052653800119063510e+00
1.099750892743846853e+00
1.148955170212741850e+00
1.200360910701317119e+00
1.254066610512665214e+00
1.310175172801883781e+00
1.368794104744334827e+00
1.430035723525466596e+00
1.494017371546886297e+00
1.560861641261032107e+00
1.630696610065236696e+00
1.703656085705258061e+00
1.779879862658479306e+00
1.859513989988026195e+00
1.942711051181023496e+00
2.029630456507175218e+00
2.120438748457850409e+00
2.215309920850904390e+00
2.314425752212664111e+00
2.417976154075855089e+00
2.526159534860826117e+00
2.639183180037296683e+00
2.757263649295022212e+00
2.880627191484398608e+00
3.009510178122042134e+00
3.144159556291968194e+00
3.284833321810158413e+00
3.431801013559117042e+00
3.585344229939599447e+00
3.745757168429062034e+00
3.913347189280643512e+00
4.088435404442778420e+00
4.271357292827834051e+00
4.462463343108660219e+00
4.662119725274684434e+00
4.870708992234302315e+00
5.088630812807863002e+00
5.316302737515712806e+00
5.554160998628575818e+00
5.802661346013234578e+00
6.062279920375027054e+00
6.333514165570334420e+00
6.616883781737117332e+00
6.912931721069737634e+00
7.222225228146040621e+00
7.545356926800022457e+00
7.882945955622564504e+00
8.235639154265957274e+00
8.604112302825230429e+00
8.989071416670981307e+00
9.391254099214721762e+00
9.811430955198678916e+00
1.025040706721802586e+01
1.070902353830462772e+01
1.118815910352794241e+01
1.168873181370109471e+01
1.221170079441808198e+01
1.275806808379260815e+01
1.332888055241971870e+01
1.392523190923901311e+01
1.454826479714274434e+01
1.519917298234419611e+01
1.587920364170114773e+01
1.658965975237723711e+01
1.733190258841979414e+01
1.810735432903783604e+01
1.891750078357778619e+01
1.976389423841812487e+01
