7.389570563118964541e-01
7.755298438078930268e-01
8.139127077810031086e-01
8.541952333319895452e-01
8.964714393468059539e-01
9.408399979354425957e-01
9.874044647313362510e-01
1.036273520588860020e+00
1.087561225243009799e+00
1.141387283523330298e+00
1.197877324743414906e+00
1.257163195918075571e+00
1.319383269492545141e+00
1.384682766301947199e+00
1.453214094514821086e+00
1.525137205351785541e+00
1.600619966409589257e+00
1.679838553461877826e+00
1.762977861651138234e+00
1.850231937031533658e+00
1.941804429469848214e+00
2.037909067961602094e+00
2.138770159471723442e+00
2.244623112464058767e+00
2.355714986341640671e+00
2.472305068080088652e+00
2.594665477400010634e+00
2.723081801890856468e+00
2.857853763568606098e+00
2.999295918423019014e+00
3.147738390587187851e+00
3.303527642842930767e+00
3.467027285260377845e+00
3.638618923859104015e+00
3.818703051271567173e+00
4.007699981487658825e+00
4.206050830862040790e+00
4.414218547673923077e+00
4.632688992642275849e+00
4.861972072918371524e+00
5.102602932202380259e+00
5.355143199761744910e+00
5.620182301266517300e+00
5.898338834501141825e+00
6.190262013163562393e+00
6.496633182121471783e+00
6.818167407662288682e+00
7.155615146448495167e+00
7.509763997073633846e+00
7.881440538307087351e+00
8.271512258318075794e+00
8.680889579381659615e+00
9.110527982792387292e+00
9.561430238945094473e+00
1.003464874778783233e+01
1.053128799510954750e+01
1.105250713039541743e+01
1.159952267226653433e+01
1.217361134781839738e+01
1.277611307248518813e+01
1.340843407738483428e+01
1.407205019144396729e+01
1.476851028596325222e+01
1.549943988966270680e+01
1.626654498264438331e+01
1.707161597812753939e+01
1.791653190124958428e+01
1.880326477468611301e+01
1.973388422132591202e+01
2.071056229474365296e+01
2.173557854874443152e+01
2.281132535781238246e+01
2.394031350088138410e+01
2.512517802146011903e+01
2.636868437778902674e+01
2.767373489738356085e+01
2.904337555102847546e+01
3.048080306203373269e+01
3.198937236734471767e+01
3.357260444792098752e+01
3.523419454665970107e+01
3.697802079304402412e+01
3.880815325464639898e+01
4.072886343661288322e+01
4.274463425130012695e+01
4.486017048133384577e+01
4.708040976050991588e+01
4.941053409816672115e+01
5.185598197392691588e+01
5.442246103103761357e+01
5.711596139793469717e+01
5.994276966912403992e+01
6.290948357801057256e+01
6.602302739592136049e+01
6.929066809326414500e+01
7.272003230054083645e+01
7.631912410880300968e+01
8.009634375109536109e+01
8.406050720848944025e+01
8.822086678646766700e+01
