6.985944383654099088e-01
7.330630452471066372e-01
7.692323310851730822e-01
8.071862072753486217e-01
8.470127253965089587e-01
8.888042814870481534e-01
9.326578304002467457e-01
9.786751107359185076e-01
1.026962880870172956e+00
1.077633166630869610e+00
1.130803521193366690e+00
1.186597297799508288e+00
1.245143935932549573e+00
1.306579261611936715e+00
1.371045802504612388e+00
1.438693118583892261e+00
1.509678149103032885e+00
1.584165576688451926e+00
1.662328209397287315e+00
1.744347381625651394e+00
1.830413374797675852e+00
1.920725858811325848e+00
2.015494355265126103e+00
2.114938723540463972e+00
2.219289670867163000e+00
2.328789287555662835e+00
2.443691608637521107e+00
2.564263203217221676e+00
2.690783792902567306e+00
2.823546900748390875e+00
2.962860532219105725e+00
3.109047889749909199e+00
3.262448122564394648e+00
3.423417113488112840e+00
3.592328304583471965e+00
3.769573563521408932e+00
3.955564092699788592e+00
4.150731383217650006e+00
4.355528215918479162e+00
4.570429711824900210e+00
4.795934434401745605e+00
5.032565546204726736e+00
5.280872022598071425e+00
5.541429925356915476e+00
5.814843739109162968e+00
6.101747773717311141e+00
6.402807635853688950e+00
6.718721773183149004e+00
7.050223094735629914e+00
7.398080671227802441e+00
7.763101519278482243e+00
8.146132473657122119e+00
8.548062151908929707e+00
8.969823015914467845e+00
9.412393535166485137e+00
9.876800456782682147e+00
1.036412118752077838e+01
1.087548629332206396e+01
1.141208212218224460e+01
1.197515355643461454e+01
1.256600690083068450e+01
1.318601291311855483e+01
1.383660998414980980e+01
1.451930747489272200e+01
1.523568921809346932e+01
1.598741719270909378e+01
1.677623537963678046e+01
1.760397380768457154e+01
1.847255279917001403e+01
1.938398742499640903e+01
2.034039217954224199e+01
2.134398588620936721e+01
2.239709684501062981e+01
2.350216823413920864e+01
2.466176377805093622e+01
2.587857369520958173e+01
2.715542093929346024e+01
2.849526774834278697e+01
2.990122251704160306e+01
3.137654700807762964e+01
3.292466391931019132e+01
3.454916482430176927e+01
3.625381850463482891e+01
3.804257969334473444e+01
3.991959824975305082e+01
4.188922878698656405e+01
4.395604077451753255e+01
4.612482913916262817e+01
4.840062538913451107e+01
5.078870928695351950e+01
5.329462109829991334e+01
5.592417444522394732e+01
5.868346979353243142e+01
6.157890860564214819e+01
6.461720819173416430e+01
6.780541729366325399e+01
7.115093243777637610e+01
7.466151509457829150e+01
7.834530968505396231e+01
8.221086247542187664e+01
