0.000000000000000000e+00
2.000000000000000000e+00
3.000000000000000000e+00
6.000000000000000000e+00
5.000000000000000000e+00
7.000000000000000000e+00
1.600000000000000000e+01
2.000000000000000000e+01
2.200000000000000000e+01
3.000000000000000000e+01
3.900000000000000000e+01
5.300000000000000000e+01
7.400000000000000000e+01
1.070000000000000000e+02
1.190000000000000000e+02
1.630000000000000000e+02
1.670000000000000000e+02
2.070000000000000000e+02
2.870000000000000000e+02
3.120000000000000000e+02
3.780000000000000000e+02
4.660000000000000000e+02
5.360000000000000000e+02
6.880000000000000000e+02
8.000000000000000000e+02
9.520000000000000000e+02
1.128000000000000000e+03
1.342000000000000000e+03
1.507000000000000000e+03
1.713000000000000000e+03
1.965000000000000000e+03
2.307000000000000000e+03
2.575000000000000000e+03
2.938000000000000000e+03
3.311000000000000000e+03
3.678000000000000000e+03
4.038000000000000000e+03
4.565000000000000000e+03
4.874000000000000000e+03
5.276000000000000000e+03
5.915000000000000000e+03
6.108000000000000000e+03
6.608000000000000000e+03
7.117000000000000000e+03
7.365000000000000000e+03
7.650000000000000000e+03
8.019000000000000000e+03
8.049000000000000000e+03
8.197000000000000000e+03
8.323000000000000000e+03
8.267000000000000000e+03
8.243000000000000000e+03
8.080000000000000000e+03
7.954000000000000000e+03
7.560000000000000000e+03
7.359000000000000000e+03
7.116000000000000000e+03
6.750000000000000000e+03
6.187000000000000000e+03
6.013000000000000000e+03
5.623000000000000000e+03
5.042000000000000000e+03
4.694000000000000000e+03
4.286000000000000000e+03
3.890000000000000000e+03
3.565000000000000000e+03
3.109000000000000000e+03
2.791000000000000000e+03
2.500000000000000000e+03
2.155000000000000000e+03
1.826000000000000000e+03
1.585000000000000000e+03
1.415000000000000000e+03
1.147000000000000000e+03
1.022000000000000000e+03
8.230000000000000000e+02
6.410000000000000000e+02
5.310000000000000000e+02
4.270000000000000000e+02
3.560000000000000000e+02
2.450000000000000000e+02
2.130000000000000000e+02
1.580000000000000000e+02
1.300000000000000000e+02
8.900000000000000000e+01
6.800000000000000000e+01
5.100000000000000000e+01
4.200000000000000000e+01
2.000000000000000000e+01
1.700000000000000000e+01
8.000000000000000000e+00
8.000000000000000000e+00
4.000000000000000000e+00
3.000000000000000000e+00
3.000000000000000000e+00
0.000000000000000000e+00
1.000000000000000000e+00
0.000000000000000000e+00
2.000000000000000000e+00
0.000000000000000000e+00
