2.281814678857656264e-01
2.384842757680075143e-01
2.492522741464009983e-01
2.605064672171014672e-01
2.722688075538855501e-01
2.845622389291237453e-01
2.974107410681979813e-01
3.108393764246627500e-01
3.248743390673890508e-01
3.395430057750520869e-01
3.548739894376282122e-01
3.708971948690658049e-01
3.876438771400005368e-01
4.051467025442976877e-01
4.234398123183455431e-01
4.425588892373902294e-01
4.625412272188158536e-01
4.834258040681399526e-01
5.052533575096218588e-01
5.280664646497922332e-01
5.519096250289040606e-01
5.768293474223090689e-01
6.028742405610727495e-01
6.300951079487905337e-01
6.585450469595554024e-01
6.882795524103791918e-01
7.193566248100957683e-01
7.518368834959007208e-01
7.857836848782093764e-01
8.212632460244865262e-01
8.583447738231094748e-01
8.971005999792156516e-01
9.376063221058561492e-01
9.799409511856729260e-01
1.024187065690737697e+00
1.070430972661181812e+00
1.118762876056818678e+00
1.169277052710149034e+00
1.222072036223962099e+00
1.277250809172249646e+00
1.334921003979338883e+00
1.395195112869084042e+00
1.458190707293645971e+00
1.524030667269878681e+00
1.592843421070670340e+00
1.664763195738785617e+00
1.739930278911860695e+00
1.818491292469275544e+00
1.900599478534675812e+00
1.986414998392033171e+00
2.076105244898303503e+00
2.169845169002088348e+00
2.267817621005206785e+00
2.370213707232842637e+00
2.477233162808005762e+00
2.589084741257428934e+00
2.705986621708883266e+00
2.828166834474192370e+00
2.955863705848090550e+00
3.089326322990558538e+00
3.228815019799445185e+00
3.374601884721116551e+00
3.526971291489675586e+00
3.686220453830029609e+00
3.852660005206805849e+00
4.026614604749982007e+00
4.208423570539164160e+00
4.398441541481791894e+00
4.597039169076357013e+00
4.804603840409988003e+00
5.021540433800680603e+00
5.248272108558153626e+00
5.485241130403840870e+00
5.732909734160102744e+00
5.991761025391411088e+00
6.262299922756280779e+00
6.545054142908096395e+00
6.840575229866007412e+00
7.149439630863790640e+00
7.472249820775234141e+00
7.809635477309378793e+00
8.162254709267951824e+00
8.530795340260874937e+00
8.915976250383833346e+00
9.318548778475044259e+00
9.739298187686454611e+00
1.017904519722815238e+01
1.063864758327380855e+01
1.111900185214992831e+01
1.162104498907260997e+01
1.214575628584296929e+01
1.269415925106632237e+01
1.326732360662123789e+01
1.386636737427279620e+01
1.449245905650021449e+01
1.514681991579282005e+01
1.583072635686039042e+01
1.654551241640457704e+01
1.729257236530806807e+01
1.807336342831729681e+01
