5.102964733958469112e-02
5.420432730590468012e-02
5.757651192714583616e-02
6.115848845403250300e-02
6.496330855740047039e-02
6.900483588465401719e-02
7.329779657482674016e-02
7.785783291630841985e-02
8.270156034275207013e-02
8.784662797483572261e-02
9.331178292847659705e-02
9.911693862381762421e-02
1.052832473438842370e-01
1.118331773072933216e-01
1.187905945358456589e-01
1.261808498153026148e-01
1.340308710662065916e-01
1.423692614613178142e-01
1.512264036471783202e-01
1.606345704495559801e-01
1.706280424661465456e-01
1.812432329750073845e-01
1.925188206138521152e-01
2.044958903136507578e-01
2.172180830000563223e-01
2.307317546081252835e-01
2.450861449897351052e-01
2.603335573291488680e-01
2.765295487204622593e-01
2.937331326013439825e-01
3.120069937806773108e-01
3.314177168435992193e-01
3.520360287661807863e-01
3.739370566237631421e-01
3.972006013319636097e-01
4.219114284177834517e-01
4.481595768803022239e-01
4.760406872663558442e-01
5.056563501566102570e-01
5.371144763318116411e-01
5.705296899679899170e-01
6.060237462933043551e-01
6.437259752283477354e-01
6.837737526264087151e-01
7.263130008307484564e-01
7.714987203727778908e-01
8.194955547484885638e-01
8.704783903310147064e-01
9.246329936052305465e-01
9.821566880462846427e-01
1.043259073108409707e+00
1.108162787943798078e+00
1.177104322634308975e+00
1.250334879891893847e+00
1.328121290367530571e+00
1.410746984903776591e+00
1.498513027273545850e+00
1.591739211168109680e+00
1.690765225431420271e+00
1.795951891786527144e+00
1.907682479564004607e+00
2.026364102222869779e+00
2.152429200752498772e+00
2.286337119360637438e+00
2.428575779188834272e+00
2.579663456153828971e+00
2.740150669392838356e+00
2.910622187193663279e+00
3.091699157718645896e+00
3.284041372286215843e+00
3.488349669456744184e+00
3.705368488682498906e+00
3.935888582826451376e+00
4.180749899433553018e+00
4.440844641252987834e+00
4.717120517163051474e+00
5.010584195344066849e+00
5.322304971281687891e+00
5.653418663965712909e+00
6.005131754481018547e+00
6.378725782070436168e+00
6.775562013687489227e+00
7.197086404053528952e+00
7.644834864292228360e+00
8.120438858338777877e+00
8.625631347515488656e+00
9.162253104934087844e+00
9.732259422732488119e+00
1.033772723658529102e+01
1.098086269344763544e+01
1.166400919010697912e+01
1.238965591183300496e+01
1.316044690223796998e+01
1.397919069739532993e+01
1.484887055932064825e+01
1.577265534610255848e+01
1.675391105829125493e+01
1.779621310361628517e+01
1.890335932472265412e+01
2.007938383739439203e+01
