6.920000000000000000e+02
2.099000000000000000e+03
3.291000000000000000e+03
4.313000000000000000e+03
5.195000000000000000e+03
5.856000000000000000e+03
6.708000000000000000e+03
6.969000000000000000e+03
7.484000000000000000e+03
7.716000000000000000e+03
7.935000000000000000e+03
8.352000000000000000e+03
8.834000000000000000e+03
8.896000000000000000e+03
9.096000000000000000e+03
9.349000000000000000e+03
9.682000000000000000e+03
9.857000000000000000e+03
9.878000000000000000e+03
1.014400000000000000e+04
1.015000000000000000e+04
9.813000000000000000e+03
9.759000000000000000e+03
9.789000000000000000e+03
9.180000000000000000e+03
8.999000000000000000e+03
8.395000000000000000e+03
7.811000000000000000e+03
6.873000000000000000e+03
6.079000000000000000e+03
5.116000000000000000e+03
4.206000000000000000e+03
3.441000000000000000e+03
2.725000000000000000e+03
1.979000000000000000e+03
1.326000000000000000e+03
9.600000000000000000e+02
7.080000000000000000e+02
4.350000000000000000e+02
3.000000000000000000e+02
1.630000000000000000e+02
7.300000000000000000e+01
5.700000000000000000e+01
1.600000000000000000e+01
3.000000000000000000e+00
1.000000000000000000e+00
0.000000000000000000e+00
0.000000000000000000e+00
0.000000000000000000e+00
0.000000000000000000e+00
