7.419772992583409943e-01
7.787858263749616317e-01
8.174203765651306686e-01
8.579715364544573397e-01
9.005343865530245351e-01
9.452087241911427684e-01
9.920992975146565307e-01
1.041316051088452488e+00
1.092974383684037765e+00
1.147195418855624593e+00
1.204106288939141400e+00
1.263840433140065223e+00
1.326537910409002707e+00
1.392345727838621983e+00
1.461418185351927246e+00
1.533917237490070029e+00
1.610012873147982804e+00
1.689883514148202481e+00
1.773716433587422037e+00
1.861708194936668059e+00
1.954065112924668890e+00
2.051003737285043815e+00
2.152751360501560907e+00
2.259546550741975413e+00
2.371639711230021597e+00
2.489293667367121099e+00
2.612784282980431971e+00
2.742401107142164118e+00
2.878448053076754221e+00
3.021244110747744127e+00
3.171124094795163995e+00
3.328439429577119579e+00
3.493558973156256187e+00
3.666869882163139582e+00
3.848778519564357126e+00
4.039711407463837389e+00
4.240116227171375485e+00
4.450462868883279022e+00
4.671244533436289537e+00
4.902978888718077854e+00
5.146209283445776883e+00
5.401506021158453130e+00
5.669467697410728313e+00
5.950722603302784464e+00
6.245930198637710262e+00
6.555782658160233645e+00
6.881006494502349469e+00
7.222364261641187611e+00
7.580656342863162145e+00
7.956722827426736977e+00
8.351445480323961945e+00
8.765749809759316946e+00
9.200607237193487720e+00
9.657037375040193439e+00
1.013611041735657636e+01
1.063894964913261987e+01
1.116673408006318269e+01
1.172070120897797985e+01
1.230214992541136354e+01
1.291244355511521391e+01
1.355301305665572720e+01
1.422536037658920627e+01
1.493106197108376776e+01
1.567177250224412788e+01
1.644922871780621776e+01
1.726525352329834107e+01
1.812176025621710806e+01
1.902075717223949525e+01
1.996435215399009522e+01
2.095475765340422214e+01
2.199429587927517460e+01
2.308540424214895737e+01
2.423064106933311024e+01
2.543269160341973745e+01
2.669437429838744791e+01
2.801864742804461628e+01
2.940861602230900473e+01
3.086753914758717698e+01
3.239883754832398211e+01
3.400610166763937769e+01
3.569310006585860862e+01
3.746378825667476775e+01
3.932231798166169767e+01
4.127304694488353221e+01
4.332054903042555338e+01
4.546962502680333529e+01
4.772531388339587011e+01
5.009290452529575077e+01
5.257794825427868801e+01
5.518627176496882214e+01
5.792399080671913225e+01
6.079752452324007095e+01
6.381361050359823395e+01
6.697932057987556220e+01
7.030207740852989673e+01
7.378967187433526931e+01
7.745028135770887445e+01
8.129248890825621743e+01
8.532530336949123750e+01
8.955818050191714974e+01
