2.692865550679365283e-01
2.811332403772733302e-01
2.935010952369543347e-01
3.064130473852548775e-01
3.198930332171961988e-01
3.339660421582378302e-01
3.486581629900975532e-01
3.639966322145753441e-01
3.800098845450402552e-01
3.967276056191829658e-01
4.141807870307520067e-01
4.324017837822939359e-01
4.514243742654037717e-01
4.712838228796778495e-01
4.920169454064532988e-01
5.136621772585260315e-01
5.362596447323677573e-01
5.598512393949324206e-01
5.844806957429508065e-01
6.101936722786792666e-01
6.370378361524028366e-01
6.650629515286030635e-01
6.943209718396075036e-01
7.248661360977400880e-01
7.567550694445180914e-01
7.900468881232964868e-01
8.248033090699581349e-01
8.610887643248126277e-01
8.989705204778007941e-01
9.385188033684357389e-01
9.798069282716500572e-01
1.022911435810891501e+00
1.067912233850423886e+00
1.114892745629874726e+00
1.163940064415647679e+00
1.215145114955890060e+00
1.268602822038327638e+00
1.324412286463438893e+00
1.382676968759194214e+00
1.443504880977929172e+00
1.507008786930913224e+00
1.573306411231807145e+00
1.642520657536540751e+00
1.714779836384186851e+00
1.790217903061205318e+00
1.868974705930017688e+00
1.951196245682262242e+00
2.037034945997343804e+00
2.126649936108025329e+00
2.220207345796887388e+00
2.317880613370525644e+00
2.419850807182414520e+00
2.526306961300478715e+00
2.637446425941643469e+00
2.753475233322997262e+00
2.874608479607799971e+00
3.001070723654382988e+00
3.133096403307152666e+00
3.270930270001429552e+00
3.414827842487792253e+00
3.565055880517053133e+00
3.721892879363993156e+00
3.885629586106605249e+00
4.056569538617939230e+00
4.235029628269741053e+00
4.421340687391026592e+00
4.615848102570646816e+00
4.818912454940777579e+00
5.030910188628316959e+00
5.252234308613365599e+00
5.483295109288496505e+00
5.724520935069433492e+00
5.976358974467165019e+00
6.239276089093560351e+00
6.513759679137311132e+00
6.800318586914640306e+00
7.099484040169771859e+00
7.411810636873912728e+00
7.737877373348331922e+00
8.078288717617523318e+00
8.433675729982242686e+00
8.804697232889751035e+00
9.192041032270003242e+00
9.596425192601893528e+00
1.001859936807332296e+01
1.045934619230278528e+01
1.091948272919881724e+01
1.139986198764683500e+01
1.190137450283146237e+01
1.242494998712565923e+01
1.297155905360724049e+01
1.354221501539781514e+01
1.413797576415974788e+01
1.475994573123359110e+01
1.540927793505156629e+01
1.608717611862262942e+01
1.679489698105158624e+01
1.753375250722910295e+01
1.830511240001148821e+01
1.911040661939895813e+01
