0.000000000000000000e+00
1.000000000000000000e+00
1.000000000000000000e+00
2.000000000000000000e+00
5.000000000000000000e+00
5.000000000000000000e+00
1.000000000000000000e+01
8.000000000000000000e+00
1.500000000000000000e+01
1.600000000000000000e+01
3.100000000000000000e+01
3.400000000000000000e+01
4.900000000000000000e+01
7.100000000000000000e+01
7.800000000000000000e+01
1.080000000000000000e+02
1.340000000000000000e+02
1.850000000000000000e+02
2.160000000000000000e+02
2.690000000000000000e+02
2.710000000000000000e+02
3.680000000000000000e+02
4.840000000000000000e+02
5.070000000000000000e+02
6.820000000000000000e+02
7.610000000000000000e+02
9.190000000000000000e+02
1.032000000000000000e+03
1.219000000000000000e+03
1.455000000000000000e+03
1.765000000000000000e+03
1.865000000000000000e+03
2.178000000000000000e+03
2.542000000000000000e+03
2.820000000000000000e+03
3.184000000000000000e+03
3.626000000000000000e+03
3.939000000000000000e+03
4.494000000000000000e+03
4.944000000000000000e+03
5.308000000000000000e+03
5.918000000000000000e+03
6.343000000000000000e+03
6.747000000000000000e+03
7.212000000000000000e+03
7.826000000000000000e+03
7.920000000000000000e+03
8.261000000000000000e+03
8.561000000000000000e+03
8.851000000000000000e+03
8.894000000000000000e+03
8.812000000000000000e+03
8.747000000000000000e+03
8.841000000000000000e+03
8.711000000000000000e+03
8.417000000000000000e+03
8.239000000000000000e+03
7.872000000000000000e+03
7.381000000000000000e+03
7.287000000000000000e+03
6.833000000000000000e+03
6.329000000000000000e+03
5.876000000000000000e+03
5.562000000000000000e+03
4.899000000000000000e+03
4.661000000000000000e+03
4.199000000000000000e+03
3.894000000000000000e+03
3.346000000000000000e+03
3.006000000000000000e+03
2.673000000000000000e+03
2.237000000000000000e+03
1.970000000000000000e+03
1.687000000000000000e+03
1.501000000000000000e+03
1.239000000000000000e+03
1.044000000000000000e+03
8.360000000000000000e+02
7.360000000000000000e+02
5.780000000000000000e+02
4.600000000000000000e+02
3.700000000000000000e+02
2.860000000000000000e+02
2.230000000000000000e+02
1.720000000000000000e+02
1.240000000000000000e+02
1.080000000000000000e+02
7.500000000000000000e+01
4.700000000000000000e+01
4.500000000000000000e+01
3.100000000000000000e+01
1.700000000000000000e+01
3.000000000000000000e+00
5.000000000000000000e+00
7.000000000000000000e+00
3.000000000000000000e+00
0.000000000000000000e+00
5.000000000000000000e+00
2.000000000000000000e+00
0.000000000000000000e+00
