6.590000000000000000e+02
1.953000000000000000e+03
3.145000000000000000e+03
4.231000000000000000e+03
4.999000000000000000e+03
5.544000000000000000e+03
6.225000000000000000e+03
6.676000000000000000e+03
6.922000000000000000e+03
7.306000000000000000e+03
7.593000000000000000e+03
7.880000000000000000e+03
8.285000000000000000e+03
8.351000000000000000e+03
8.586000000000000000e+03
8.868000000000000000e+03
8.965000000000000000e+03
9.207000000000000000e+03
9.519000000000000000e+03
9.488000000000000000e+03
9.518000000000000000e+03
9.466000000000000000e+03
9.301000000000000000e+03
9.282000000000000000e+03
8.769000000000000000e+03
8.266000000000000000e+03
7.840000000000000000e+03
7.264000000000000000e+03
6.441000000000000000e+03
5.744000000000000000e+03
4.775000000000000000e+03
4.171000000000000000e+03
3.302000000000000000e+03
2.504000000000000000e+03
1.827000000000000000e+03
1.273000000000000000e+03
9.310000000000000000e+02
6.110000000000000000e+02
4.610000000000000000e+02
2.720000000000000000e+02
1.650000000000000000e+02
1.030000000000000000e+02
5.100000000000000000e+01
1.400000000000000000e+01
5.000000000000000000e+00
1.000000000000000000e+00
0.000000000000000000e+00
0.000000000000000000e+00
0.000000000000000000e+00
0.000000000000000000e+00
