6.440000000000000000e+02
1.870000000000000000e+03
3.016000000000000000e+03
3.986000000000000000e+03
4.716000000000000000e+03
5.381000000000000000e+03
5.889000000000000000e+03
6.382000000000000000e+03
6.668000000000000000e+03
7.002000000000000000e+03
7.302000000000000000e+03
7.552000000000000000e+03
7.924000000000000000e+03
8.084000000000000000e+03
8.163000000000000000e+03
8.472000000000000000e+03
8.738000000000000000e+03
8.877000000000000000e+03
9.005000000000000000e+03
9.109000000000000000e+03
9.020000000000000000e+03
8.924000000000000000e+03
9.045000000000000000e+03
8.838000000000000000e+03
8.420000000000000000e+03
7.985000000000000000e+03
7.440000000000000000e+03
6.934000000000000000e+03
6.185000000000000000e+03
5.465000000000000000e+03
4.665000000000000000e+03
3.942000000000000000e+03
3.130000000000000000e+03
2.406000000000000000e+03
1.715000000000000000e+03
1.184000000000000000e+03
8.940000000000000000e+02
6.020000000000000000e+02
4.160000000000000000e+02
2.590000000000000000e+02
1.450000000000000000e+02
8.000000000000000000e+01
4.500000000000000000e+01
2.000000000000000000e+01
3.000000000000000000e+00
1.000000000000000000e+00
0.000000000000000000e+00
0.000000000000000000e+00
0.000000000000000000e+00
0.000000000000000000e+00
