6.900000000000000000e+02
2.147000000000000000e+03
3.272000000000000000e+03
4.391000000000000000e+03
5.085000000000000000e+03
6.108000000000000000e+03
6.516000000000000000e+03
6.975000000000000000e+03
7.395000000000000000e+03
7.768000000000000000e+03
7.947000000000000000e+03
8.305000000000000000e+03
8.578000000000000000e+03
9.072000000000000000e+03
9.203000000000000000e+03
9.186000000000000000e+03
9.747000000000000000e+03
9.882000000000000000e+03
9.945000000000000000e+03
1.016000000000000000e+04
1.018300000000000000e+04
1.005100000000000000e+04
9.704000000000000000e+03
9.756000000000000000e+03
9.191000000000000000e+03
8.930000000000000000e+03
8.468000000000000000e+03
7.868000000000000000e+03
6.902000000000000000e+03
6.179000000000000000e+03
5.125000000000000000e+03
4.270000000000000000e+03
3.440000000000000000e+03
2.644000000000000000e+03
1.985000000000000000e+03
1.340000000000000000e+03
1.032000000000000000e+03
6.970000000000000000e+02
4.510000000000000000e+02
2.980000000000000000e+02
1.520000000000000000e+02
7.500000000000000000e+01
4.300000000000000000e+01
1.700000000000000000e+01
5.000000000000000000e+00
0.000000000000000000e+00
0.000000000000000000e+00
0.000000000000000000e+00
0.000000000000000000e+00
0.000000000000000000e+00
