0.000000000000000000e+00
2.000000000000000000e+00
0.000000000000000000e+00
0.000000000000000000e+00
0.000000000000000000e+00
2.000000000000000000e+00
1.000000000000000000e+01
2.000000000000000000e+01
3.600000000000000000e+01
8.100000000000000000e+01
1.460000000000000000e+02
2.300000000000000000e+02
3.640000000000000000e+02
4.800000000000000000e+02
7.220000000000000000e+02
8.610000000000000000e+02
1.059000000000000000e+03
1.353000000000000000e+03
1.535000000000000000e+03
1.863000000000000000e+03
2.111000000000000000e+03
2.418000000000000000e+03
2.742000000000000000e+03
3.107000000000000000e+03
3.400000000000000000e+03
3.905000000000000000e+03
4.261000000000000000e+03
4.677000000000000000e+03
5.104000000000000000e+03
5.496000000000000000e+03
6.093000000000000000e+03
6.767000000000000000e+03
7.127000000000000000e+03
7.905000000000000000e+03
8.493000000000000000e+03
9.019000000000000000e+03
9.497000000000000000e+03
1.039900000000000000e+04
1.103100000000000000e+04
1.208200000000000000e+04
1.281800000000000000e+04
1.369500000000000000e+04
1.444100000000000000e+04
1.533400000000000000e+04
1.632600000000000000e+04
1.738200000000000000e+04
1.841900000000000000e+04
1.940400000000000000e+04
2.047300000000000000e+04
2.151500000000000000e+04
2.256600000000000000e+04
2.377500000000000000e+04
2.473600000000000000e+04
2.552100000000000000e+04
2.679400000000000000e+04
2.754500000000000000e+04
2.798200000000000000e+04
2.891900000000000000e+04
2.936900000000000000e+04
3.011100000000000000e+04
3.009000000000000000e+04
3.039500000000000000e+04
3.013900000000000000e+04
3.009600000000000000e+04
2.980900000000000000e+04
2.913500000000000000e+04
2.800200000000000000e+04
2.723300000000000000e+04
2.563300000000000000e+04
2.422900000000000000e+04
2.206100000000000000e+04
1.959700000000000000e+04
1.752100000000000000e+04
1.533500000000000000e+04
1.312300000000000000e+04
1.105200000000000000e+04
9.067000000000000000e+03
7.591000000000000000e+03
6.104000000000000000e+03
4.877000000000000000e+03
3.709000000000000000e+03
2.976000000000000000e+03
2.111000000000000000e+03
1.587000000000000000e+03
1.192000000000000000e+03
7.830000000000000000e+02
5.310000000000000000e+02
3.440000000000000000e+02
2.030000000000000000e+02
1.330000000000000000e+02
8.800000000000000000e+01
5.200000000000000000e+01
2.500000000000000000e+01
1.700000000000000000e+01
4.000000000000000000e+00
4.000000000000000000e+00
2.000000000000000000e+00
0.000000000000000000e+00
2.000000000000000000e+00
0.000000000000000000e+00
