6.753607482266241746e-01
7.104361557266521965e-01
7.473332329262053486e-01
7.861465897166772798e-01
8.269757496308050015e-01
8.699254050366121982e-01
9.151056855850564498e-01
9.626324405997226386e-01
1.012627536132653550e+00
1.065219167448016480e+00
1.120542187734860473e+00
1.178738453891839510e+00
1.239957190270542409e+00
1.304355371310129463e+00
1.372098124044407674e+00
1.443359151513436744e+00
1.518321178165362273e+00
1.597176418390549468e+00
1.680127069389421690e+00
1.767385829637784456e+00
1.859176444279070139e+00
1.955734278841968266e+00
2.057306922754547074e+00
2.164154824202367156e+00
2.276551957958469874e+00
2.394786527897653006e+00
2.519161705996397327e+00
2.649996409713349710e+00
2.787626119743694453e+00
2.932403740244259538e+00
3.084700503735109400e+00
3.244906922997935705e+00
3.413433792412062129e+00
3.590713241295643954e+00
3.777199841952998849e+00
3.973371775269273432e+00
4.179732056841209520e+00
4.396809826788007136e+00
4.625161706549558716e+00
4.865373226151098685e+00
5.118060325594002258e+00
5.383870934222529492e+00
5.663486632116248920e+00
5.957624397768245039e+00
6.267038446530387219e+00
6.592522164539763807e+00
6.934910143085128098e+00
7.295080318629834970e+00
7.673956223978592561e+00
8.072509356360376032e+00
8.491761668499661297e+00
8.932788189063446183e+00
9.396719779203326794e+00
9.884746032260796511e+00
1.039811832407111503e+01
1.093815302168714965e+01
1.150623485875090957e+01
1.210382048616775386e+01
1.273244220718767572e+01
1.339371190647112542e+01
1.408932518321401695e+01
1.482106569892993697e+01
1.559080975103793421e+01
1.640053108398333848e+01
1.725230595022794944e+01
1.814831843408694212e+01
1.909086605206348963e+01
2.008236564404138136e+01
2.112535957044136126e+01
2.222252223123195591e+01
2.337666692351030662e+01
2.459075305523706589e+01
2.586789373362242372e+01
2.721136374762117427e+01
2.862460796500502269e+01
3.011125016554373701e+01
3.167510233294467170e+01
3.332017442937677743e+01
3.505068467764223783e+01
3.687107037736127779e+01
3.878599928290405074e+01
4.080038157224484507e+01
4.291938243742822578e+01
4.514843532893145550e+01
4.749325588788337171e+01
4.995985660186450161e+01
5.255456222186793980e+01
5.528402597995273027e+01
5.815524664917393949e+01
6.117558648953424694e+01
6.435279012597300152e+01
6.769500440679890119e+01
7.121079929348648818e+01
7.490918983540110787e+01
7.879965928579912315e+01
8.289218341837622006e+01
8.719725610671520144e+01
9.172591623222348289e+01
9.648977598955582380e+01
1.015010506621022728e+02
