7.629225815926775622e-01
8.006956994636753588e-01
8.403390050419471402e-01
8.819450933330833520e-01
9.256111438210277154e-01
9.714391474505330581e-01
1.019536144847762671e+00
1.070014476335449771e+00
1.122992044326577732e+00
1.178592588709451938e+00
1.236945975867384195e+00
1.298188502008051914e+00
1.362463211511020456e+00
1.429920231036994727e+00
1.500717120179177799e+00
1.575019239475756061e+00
1.653000136643078877e+00
1.734841951931658910e+00
1.820735843551782862e+00
1.910882434162402443e+00
2.005492279466171812e+00
2.104786360005128643e+00
2.208996597305705745e+00
2.318366395578645989e+00
2.433151210239050233e+00
2.553619144574476252e+00
2.680051575954712106e+00
2.812743813045866403e+00
2.952005785563840412e+00
3.098162768178235105e+00
3.251556140257518823e+00
3.412544183229995198e+00
3.581502917422969112e+00
3.758826980334727175e+00
3.944930548390698455e+00
4.140248304336765273e+00
4.345236452529247728e+00
4.560373784492996130e+00
4.786162797236404920e+00
5.023130866935405336e+00
5.271831480727828811e+00
5.532845529495212133e+00
5.806782664651642278e+00
6.094282722108662398e+00
6.396017216742220235e+00
6.712690910852279202e+00
7.045043460278550107e+00
7.393851142017196842e+00
7.759928667373680256e+00
8.144131084886778282e+00
8.547355777468400362e+00
8.970544558423952708e+00
9.414685871248920535e+00
9.880817098339759852e+00
1.037002698401152223e+01
1.088345817748172273e+01
1.142230990176005712e+01
1.198784075467771260e+01
1.258137164859867774e+01
1.320428889567929431e+01
1.385804744588235060e+01
1.454417428530873124e+01
1.526427200278409835e+01
1.602002253303117740e+01
1.681319108517045890e+01
1.764563026572524507e+01
1.851928440576110191e+01
1.943619410226662580e+01
2.039850098438284931e+01
2.140845271561386198e+01
2.246840824370217149e+01
2.358084331043110637e+01
2.474835623422341513e+01
2.597367397904259079e+01
2.725965852377199994e+01
2.860931354694884021e+01
3.002579144246641718e+01
3.151240068263150818e+01
3.307261354577449453e+01
3.471007422646184892e+01
3.642860734725394423e+01
3.823222689188919077e+01
4.012514558075962867e+01
4.211178471057657902e+01
4.419678448120856018e+01
4.638501483381214285e+01
4.868158682557029238e+01
5.109186456760630080e+01
5.362147775395659721e+01
5.627633481086658662e+01
5.906263669712209463e+01
6.198689138765035267e+01
6.505592907421936388e+01
6.827691811874045413e+01
7.165738179643585681e+01
7.520521586797865154e+01
7.892870702164809416e+01
8.283655222857619549e+01
8.693787905629308455e+01
9.124226698801795976e+01
