0.000000000000000000e+00
1.000000000000000000e+00
0.000000000000000000e+00
0.000000000000000000e+00
0.000000000000000000e+00
1.000000000000000000e+00
0.000000000000000000e+00
0.000000000000000000e+00
0.000000000000000000e+00
0.000000000000000000e+00
0.000000000000000000e+00
0.000000000000000000e+00
0.000000000000000000e+00
2.000000000000000000e+00
1.200000000000000000e+01
2.700000000000000000e+01
5.700000000000000000e+01
1.300000000000000000e+02
2.100000000000000000e+02
3.560000000000000000e+02
5.170000000000000000e+02
7.340000000000000000e+02
9.460000000000000000e+02
1.214000000000000000e+03
1.443000000000000000e+03
1.729000000000000000e+03
2.076000000000000000e+03
2.430000000000000000e+03
2.818000000000000000e+03
3.193000000000000000e+03
3.530000000000000000e+03
4.166000000000000000e+03
4.381000000000000000e+03
4.958000000000000000e+03
5.369000000000000000e+03
5.962000000000000000e+03
6.589000000000000000e+03
7.223000000000000000e+03
7.797000000000000000e+03
8.466000000000000000e+03
9.048000000000000000e+03
1.002800000000000000e+04
1.068500000000000000e+04
1.183900000000000000e+04
1.240900000000000000e+04
1.350900000000000000e+04
1.442500000000000000e+04
1.524500000000000000e+04
1.643700000000000000e+04
1.751500000000000000e+04
1.864500000000000000e+04
1.986300000000000000e+04
2.125500000000000000e+04
2.201400000000000000e+04
2.367400000000000000e+04
2.454900000000000000e+04
2.563200000000000000e+04
2.700400000000000000e+04
2.790200000000000000e+04
2.886800000000000000e+04
2.966200000000000000e+04
3.011900000000000000e+04
3.119300000000000000e+04
3.154100000000000000e+04
3.137700000000000000e+04
3.190900000000000000e+04
3.112900000000000000e+04
3.118100000000000000e+04
3.053800000000000000e+04
2.944100000000000000e+04
2.838100000000000000e+04
2.659300000000000000e+04
2.485600000000000000e+04
2.227600000000000000e+04
1.936700000000000000e+04
1.725700000000000000e+04
1.468200000000000000e+04
1.213000000000000000e+04
1.000800000000000000e+04
8.147000000000000000e+03
6.540000000000000000e+03
5.141000000000000000e+03
3.879000000000000000e+03
2.877000000000000000e+03
2.051000000000000000e+03
1.476000000000000000e+03
1.046000000000000000e+03
7.000000000000000000e+02
4.520000000000000000e+02
2.510000000000000000e+02
1.450000000000000000e+02
9.500000000000000000e+01
5.700000000000000000e+01
3.000000000000000000e+01
1.700000000000000000e+01
4.000000000000000000e+00
3.000000000000000000e+00
2.000000000000000000e+00
0.000000000000000000e+00
1.000000000000000000e+00
