0.000000000000000000e+00
3.000000000000000000e+00
4.000000000000000000e+00
6.000000000000000000e+00
1.200000000000000000e+01
1.000000000000000000e+01
2.000000000000000000e+01
1.700000000000000000e+01
3.300000000000000000e+01
3.300000000000000000e+01
4.600000000000000000e+01
7.300000000000000000e+01
7.600000000000000000e+01
1.080000000000000000e+02
1.020000000000000000e+02
1.450000000000000000e+02
1.960000000000000000e+02
2.190000000000000000e+02
2.390000000000000000e+02
3.090000000000000000e+02
3.970000000000000000e+02
4.620000000000000000e+02
5.980000000000000000e+02
6.590000000000000000e+02
7.650000000000000000e+02
8.710000000000000000e+02
1.031000000000000000e+03
1.183000000000000000e+03
1.359000000000000000e+03
1.595000000000000000e+03
1.784000000000000000e+03
1.970000000000000000e+03
2.268000000000000000e+03
2.543000000000000000e+03
2.806000000000000000e+03
3.132000000000000000e+03
3.420000000000000000e+03
3.762000000000000000e+03
4.159000000000000000e+03
4.393000000000000000e+03
4.666000000000000000e+03
5.100000000000000000e+03
5.395000000000000000e+03
5.676000000000000000e+03
6.035000000000000000e+03
6.294000000000000000e+03
6.456000000000000000e+03
6.894000000000000000e+03
6.703000000000000000e+03
6.827000000000000000e+03
6.974000000000000000e+03
7.072000000000000000e+03
6.917000000000000000e+03
6.802000000000000000e+03
6.612000000000000000e+03
6.475000000000000000e+03
6.250000000000000000e+03
5.991000000000000000e+03
5.716000000000000000e+03
5.445000000000000000e+03
5.260000000000000000e+03
4.665000000000000000e+03
4.447000000000000000e+03
3.959000000000000000e+03
3.808000000000000000e+03
3.392000000000000000e+03
3.221000000000000000e+03
2.826000000000000000e+03
2.554000000000000000e+03
2.355000000000000000e+03
2.070000000000000000e+03
1.771000000000000000e+03
1.534000000000000000e+03
1.340000000000000000e+03
1.162000000000000000e+03
9.590000000000000000e+02
8.360000000000000000e+02
6.840000000000000000e+02
5.420000000000000000e+02
4.770000000000000000e+02
3.970000000000000000e+02
2.960000000000000000e+02
2.440000000000000000e+02
2.020000000000000000e+02
1.680000000000000000e+02
1.320000000000000000e+02
9.000000000000000000e+01
5.300000000000000000e+01
5.600000000000000000e+01
3.400000000000000000e+01
2.300000000000000000e+01
1.500000000000000000e+01
1.100000000000000000e+01
7.000000000000000000e+00
4.000000000000000000e+00
3.000000000000000000e+00
2.000000000000000000e+00
3.000000000000000000e+00
1.000000000000000000e+00
0.000000000000000000e+00
