7.422965219140809090e-01
7.790996777656464811e-01
8.177275387594941103e-01
8.582705740083731438e-01
9.008237380951353845e-01
9.454866934629131414e-01
9.923640438314289547e-01
1.041565579186117585e+00
1.093206532913837847e+00
1.147407851687408442e+00
1.204296478731049058e+00
1.264005651130162944e+00
1.326675211881772620e+00
1.392451937416457675e+00
1.461489881358870591e+00
1.533950735331944148e+00
1.610004207649816221e+00
1.689828420786397611e+00
1.773610328550482729e+00
1.861546153944455551e+00
1.953841848732084330e+00
2.050713575791747179e+00
2.152388215384792414e+00
2.259103896524746080e+00
2.371110554691875816e+00
2.488670517199309096e+00
2.612059117581682965e+00
2.741565340445257792e+00
2.877492498289783374e+00
3.020158941887275628e+00
3.169898805881468995e+00
3.327062791354178373e+00
3.492018987191407131e+00
3.665153732172883760e+00
3.846872519804114710e+00
4.037600948010117818e+00
4.237785715915100226e+00
4.447895670042588456e+00
4.668422902386308415e+00
4.899883902923541257e+00
5.142820769270256775e+00
5.397802476311085229e+00
5.665426208777715189e+00
5.946318759896692896e+00
6.241137999382361912e+00
6.550574414213070185e+00
6.875352725799268150e+00
7.216233587330995292e+00
7.574015365280085454e+00
7.949536009229458244e+00
8.343675014408804103e+00
8.757355481533025454e+00
9.191546278767729561e+00
9.647264310885253380e+00
1.012557690092572571e+01
1.062760428994117845e+01
1.115452226067733932e+01
1.170756489133778366e+01
1.228802744588023899e+01
1.289726940761394403e+01
1.353671766320336189e+01
1.420786984453498114e+01
1.491229783627452754e+01
1.565165145732907170e+01
1.642766232483674216e+01
1.724214790973327638e+01
1.809701579339435185e+01
1.899426813532250335e+01
1.993600636234281254e+01
2.092443609028921614e+01
2.196187228970897110e+01
2.305074470768304806e+01
2.419360355846143307e+01
2.539312549624050064e+01
2.665211988407179078e+01
2.797353537358371511e+01
2.936046681092710742e+01
3.081616248511798162e+01
3.234403173575451973e+01
3.394765293792516303e+01
3.563078188300992366e+01
3.739736057500240207e+01
3.925152646295510550e+01
4.119762213116999305e+01
4.324020546983054203e+01
4.538406034989432669e+01
4.763420782724889335e+01
4.999591790237033706e+01
5.247472186302800878e+01
5.507642523894129738e+01
5.780712139873079281e+01
6.067320582100711590e+01
6.368139107302305746e+01
6.683872253196827273e+01
7.015259488572871760e+01
7.363076945175485832e+01
7.728139235460241707e+01
8.111301360471738064e+01
8.513460712314977741e+01
8.935559175909529017e+01
