0.000000000000000000e+00
2.000000000000000000e+00
1.000000000000000000e+00
7.000000000000000000e+00
6.000000000000000000e+00
5.000000000000000000e+00
9.000000000000000000e+00
2.000000000000000000e+01
1.900000000000000000e+01
1.500000000000000000e+01
3.000000000000000000e+01
4.500000000000000000e+01
7.100000000000000000e+01
6.900000000000000000e+01
1.180000000000000000e+02
1.410000000000000000e+02
1.470000000000000000e+02
1.770000000000000000e+02
2.440000000000000000e+02
2.720000000000000000e+02
3.460000000000000000e+02
4.480000000000000000e+02
5.090000000000000000e+02
6.210000000000000000e+02
7.590000000000000000e+02
8.340000000000000000e+02
1.048000000000000000e+03
1.204000000000000000e+03
1.405000000000000000e+03
1.660000000000000000e+03
1.894000000000000000e+03
2.228000000000000000e+03
2.627000000000000000e+03
2.887000000000000000e+03
3.150000000000000000e+03
3.599000000000000000e+03
4.149000000000000000e+03
4.453000000000000000e+03
4.920000000000000000e+03
5.346000000000000000e+03
5.858000000000000000e+03
6.309000000000000000e+03
6.828000000000000000e+03
7.182000000000000000e+03
7.879000000000000000e+03
8.156000000000000000e+03
8.324000000000000000e+03
8.638000000000000000e+03
8.940000000000000000e+03
9.030000000000000000e+03
9.158000000000000000e+03
8.886000000000000000e+03
9.180000000000000000e+03
8.595000000000000000e+03
8.563000000000000000e+03
8.256000000000000000e+03
8.072000000000000000e+03
7.503000000000000000e+03
7.202000000000000000e+03
6.924000000000000000e+03
6.372000000000000000e+03
5.967000000000000000e+03
5.628000000000000000e+03
4.858000000000000000e+03
4.660000000000000000e+03
4.200000000000000000e+03
3.772000000000000000e+03
3.351000000000000000e+03
2.899000000000000000e+03
2.622000000000000000e+03
2.254000000000000000e+03
2.039000000000000000e+03
1.687000000000000000e+03
1.457000000000000000e+03
1.201000000000000000e+03
1.022000000000000000e+03
8.090000000000000000e+02
6.850000000000000000e+02
5.830000000000000000e+02
4.730000000000000000e+02
3.420000000000000000e+02
2.750000000000000000e+02
2.050000000000000000e+02
1.740000000000000000e+02
1.430000000000000000e+02
9.700000000000000000e+01
6.300000000000000000e+01
4.900000000000000000e+01
3.000000000000000000e+01
1.900000000000000000e+01
2.100000000000000000e+01
8.000000000000000000e+00
7.000000000000000000e+00
6.000000000000000000e+00
2.000000000000000000e+00
1.000000000000000000e+00
2.000000000000000000e+00
0.000000000000000000e+00
1.000000000000000000e+00
0.000000000000000000e+00
