0.000000000000000000e+00
2.000000000000000000e+00
1.000000000000000000e+00
9.000000000000000000e+00
2.200000000000000000e+01
4.300000000000000000e+01
8.500000000000000000e+01
1.420000000000000000e+02
2.020000000000000000e+02
3.700000000000000000e+02
5.070000000000000000e+02
5.790000000000000000e+02
7.970000000000000000e+02
1.009000000000000000e+03
1.151000000000000000e+03
1.380000000000000000e+03
1.690000000000000000e+03
1.989000000000000000e+03
2.149000000000000000e+03
2.398000000000000000e+03
2.781000000000000000e+03
3.031000000000000000e+03
3.242000000000000000e+03
3.718000000000000000e+03
4.149000000000000000e+03
4.432000000000000000e+03
4.850000000000000000e+03
5.222000000000000000e+03
5.728000000000000000e+03
6.433000000000000000e+03
6.760000000000000000e+03
7.274000000000000000e+03
7.694000000000000000e+03
8.291000000000000000e+03
8.864000000000000000e+03
9.547000000000000000e+03
1.029000000000000000e+04
1.081500000000000000e+04
1.167600000000000000e+04
1.249500000000000000e+04
1.310700000000000000e+04
1.392400000000000000e+04
1.458500000000000000e+04
1.547500000000000000e+04
1.672500000000000000e+04
1.751800000000000000e+04
1.834700000000000000e+04
1.967800000000000000e+04
2.039800000000000000e+04
2.102900000000000000e+04
2.233100000000000000e+04
2.324600000000000000e+04
2.416800000000000000e+04
2.507900000000000000e+04
2.585300000000000000e+04
2.651900000000000000e+04
2.719500000000000000e+04
2.781200000000000000e+04
2.831000000000000000e+04
2.884700000000000000e+04
2.920200000000000000e+04
2.923100000000000000e+04
2.934200000000000000e+04
2.903800000000000000e+04
2.885900000000000000e+04
2.835800000000000000e+04
2.763900000000000000e+04
2.678700000000000000e+04
2.540400000000000000e+04
2.404600000000000000e+04
2.250900000000000000e+04
2.023700000000000000e+04
1.818500000000000000e+04
1.609100000000000000e+04
1.407700000000000000e+04
1.203400000000000000e+04
1.020900000000000000e+04
8.494000000000000000e+03
7.174000000000000000e+03
5.758000000000000000e+03
4.751000000000000000e+03
3.632000000000000000e+03
2.862000000000000000e+03
2.142000000000000000e+03
1.614000000000000000e+03
1.141000000000000000e+03
8.570000000000000000e+02
5.660000000000000000e+02
3.930000000000000000e+02
2.570000000000000000e+02
1.540000000000000000e+02
1.060000000000000000e+02
7.600000000000000000e+01
4.300000000000000000e+01
1.900000000000000000e+01
1.500000000000000000e+01
2.000000000000000000e+00
3.000000000000000000e+00
2.000000000000000000e+00
0.000000000000000000e+00
