2.785512662930024752e-01
2.907762093352652677e-01
3.035376756336432558e-01
3.168592118994266738e-01
3.307653982522548164e-01
3.452818935739159212e-01
3.604354828526152299e-01
3.762541266050682398e-01
3.927670124676116981e-01
4.100046090515223063e-01
4.279987221619174220e-01
4.467825534839655055e-01
4.663907618446948011e-01
4.868595271634333921e-01
5.082266172088806266e-01
5.305314572859853861e-01
5.538152029812126731e-01
5.781208161004253165e-01
6.034931439394953800e-01
6.299790020339115504e-01
6.576272605400677040e-01
6.864889344076173794e-01
7.166172775092749525e-01
7.480678809017476949e-01
7.808987753991021297e-01
8.151705386478286242e-01
8.509464069011717369e-01
8.882923916989664548e-01
9.272774016682713283e-01
9.679733696695368428e-01
1.010455385522912586e+00
1.054801834559592422e+00
1.101094542253842512e+00
1.149418925202582820e+00
1.199864148731094371e+00
1.252523291415663653e+00
1.307493516826728763e+00
1.364876252809416046e+00
1.424777378632268832e+00
1.487307420349481601e+00
1.552581754737111241e+00
1.620720822179556819e+00
1.691850348899113010e+00
1.766101578938642502e+00
1.843611516325409205e+00
1.924523177862895951e+00
2.008985857017047127e+00
2.097155399383840546e+00
2.189194490246466174e+00
2.285272954752699093e+00
2.385568071266326751e+00
2.490264898470820665e+00
2.599556616828795352e+00
2.713644885027300280e+00
2.832740212066636509e+00
2.957062345679251969e+00
3.086840677795406052e+00
3.222314667803745980e+00
3.363734284387762674e+00
3.511360466753388199e+00
3.665465606098760709e+00
3.826334048214531602e+00
3.994262618142086385e+00
4.169561167857754214e+00
4.352553147993555527e+00
4.543576204649389716e+00
4.742982802397872177e+00
4.951140874631350997e+00
5.168434502451084711e+00
5.395264623351227584e+00
5.632049771005252836e+00
5.879226847519795740e+00
6.137251929580880727e+00
6.406601109979950692e+00
6.687771376072434215e+00
6.981281526789759440e+00
7.287673129896789170e+00
7.607511521260995835e+00
7.941386847977144114e+00
8.289915157272194079e+00
8.653739533199610534e+00
9.033531283220456842e+00
9.429991176860662350e+00
9.843850738729964078e+00
1.027587359828834401e+01
1.072685689885043381e+01
1.119763276842774324e+01
1.168906985512262686e+01
1.220207492990692977e+01
1.273759455974277266e+01
1.329661685413254446e+01
1.388017328832077446e+01
1.448934060651192546e+01
1.512524280861584280e+01
1.578905322418662038e+01
1.648199667738170149e+01
1.720535174693578995e+01
1.796045312531954252e+01
1.874869408143604943e+01
1.957152903139916944e+01
