0.000000000000000000e+00
3.000000000000000000e+00
8.000000000000000000e+00
5.000000000000000000e+00
1.200000000000000000e+01
8.000000000000000000e+00
9.000000000000000000e+00
1.500000000000000000e+01
2.900000000000000000e+01
3.100000000000000000e+01
4.900000000000000000e+01
6.300000000000000000e+01
6.600000000000000000e+01
1.010000000000000000e+02
1.280000000000000000e+02
1.460000000000000000e+02
1.860000000000000000e+02
2.280000000000000000e+02
2.770000000000000000e+02
3.330000000000000000e+02
4.230000000000000000e+02
4.810000000000000000e+02
6.360000000000000000e+02
7.300000000000000000e+02
8.670000000000000000e+02
1.010000000000000000e+03
1.169000000000000000e+03
1.342000000000000000e+03
1.549000000000000000e+03
1.857000000000000000e+03
2.159000000000000000e+03
2.546000000000000000e+03
2.702000000000000000e+03
3.064000000000000000e+03
3.508000000000000000e+03
3.865000000000000000e+03
4.298000000000000000e+03
4.774000000000000000e+03
5.127000000000000000e+03
5.572000000000000000e+03
6.120000000000000000e+03
6.739000000000000000e+03
6.939000000000000000e+03
7.498000000000000000e+03
7.768000000000000000e+03
8.014000000000000000e+03
8.523000000000000000e+03
8.625000000000000000e+03
8.700000000000000000e+03
8.906000000000000000e+03
8.730000000000000000e+03
8.856000000000000000e+03
8.644000000000000000e+03
8.337000000000000000e+03
8.094000000000000000e+03
8.003000000000000000e+03
7.435000000000000000e+03
7.142000000000000000e+03
6.843000000000000000e+03
6.267000000000000000e+03
5.963000000000000000e+03
5.475000000000000000e+03
5.024000000000000000e+03
4.611000000000000000e+03
4.096000000000000000e+03
3.849000000000000000e+03
3.384000000000000000e+03
2.952000000000000000e+03
2.623000000000000000e+03
2.411000000000000000e+03
1.996000000000000000e+03
1.760000000000000000e+03
1.447000000000000000e+03
1.251000000000000000e+03
1.073000000000000000e+03
8.610000000000000000e+02
7.340000000000000000e+02
5.860000000000000000e+02
4.850000000000000000e+02
3.340000000000000000e+02
2.890000000000000000e+02
2.190000000000000000e+02
2.020000000000000000e+02
1.420000000000000000e+02
1.210000000000000000e+02
8.800000000000000000e+01
5.000000000000000000e+01
4.100000000000000000e+01
2.500000000000000000e+01
1.600000000000000000e+01
1.000000000000000000e+01
9.000000000000000000e+00
7.000000000000000000e+00
3.000000000000000000e+00
0.000000000000000000e+00
1.000000000000000000e+00
1.000000000000000000e+00
0.000000000000000000e+00
3.000000000000000000e+00
0.000000000000000000e+00
