6.700000000000000000e+02
1.887000000000000000e+03
2.907000000000000000e+03
3.843000000000000000e+03
4.668000000000000000e+03
5.245000000000000000e+03
5.900000000000000000e+03
6.133000000000000000e+03
6.613000000000000000e+03
6.783000000000000000e+03
6.896000000000000000e+03
7.359000000000000000e+03
7.530000000000000000e+03
7.783000000000000000e+03
8.142000000000000000e+03
8.256000000000000000e+03
8.391000000000000000e+03
8.591000000000000000e+03
8.673000000000000000e+03
8.596000000000000000e+03
8.679000000000000000e+03
8.803000000000000000e+03
8.591000000000000000e+03
8.598000000000000000e+03
8.230000000000000000e+03
7.682000000000000000e+03
7.367000000000000000e+03
6.661000000000000000e+03
6.048000000000000000e+03
5.332000000000000000e+03
4.434000000000000000e+03
3.814000000000000000e+03
3.074000000000000000e+03
2.339000000000000000e+03
1.794000000000000000e+03
1.248000000000000000e+03
8.350000000000000000e+02
6.430000000000000000e+02
4.250000000000000000e+02
2.550000000000000000e+02
1.360000000000000000e+02
7.700000000000000000e+01
4.000000000000000000e+01
1.600000000000000000e+01
2.000000000000000000e+00
0.000000000000000000e+00
0.000000000000000000e+00
0.000000000000000000e+00
0.000000000000000000e+00
0.000000000000000000e+00
