0.000000000000000000e+00
2.000000000000000000e+00
2.000000000000000000e+00
2.000000000000000000e+00
7.000000000000000000e+00
7.000000000000000000e+00
1.000000000000000000e+01
2.300000000000000000e+01
2.200000000000000000e+01
2.600000000000000000e+01
3.800000000000000000e+01
4.900000000000000000e+01
6.900000000000000000e+01
7.200000000000000000e+01
1.060000000000000000e+02
1.490000000000000000e+02
1.980000000000000000e+02
2.120000000000000000e+02
2.850000000000000000e+02
3.050000000000000000e+02
3.790000000000000000e+02
4.670000000000000000e+02
5.760000000000000000e+02
6.290000000000000000e+02
8.040000000000000000e+02
9.140000000000000000e+02
1.123000000000000000e+03
1.221000000000000000e+03
1.427000000000000000e+03
1.693000000000000000e+03
1.881000000000000000e+03
2.184000000000000000e+03
2.514000000000000000e+03
2.800000000000000000e+03
3.124000000000000000e+03
3.470000000000000000e+03
3.843000000000000000e+03
4.175000000000000000e+03
4.734000000000000000e+03
5.096000000000000000e+03
5.477000000000000000e+03
5.976000000000000000e+03
6.260000000000000000e+03
6.643000000000000000e+03
7.076000000000000000e+03
7.209000000000000000e+03
7.503000000000000000e+03
7.506000000000000000e+03
7.825000000000000000e+03
8.003000000000000000e+03
8.022000000000000000e+03
7.797000000000000000e+03
7.707000000000000000e+03
7.526000000000000000e+03
7.271000000000000000e+03
6.961000000000000000e+03
6.856000000000000000e+03
6.312000000000000000e+03
6.005000000000000000e+03
5.734000000000000000e+03
5.225000000000000000e+03
4.832000000000000000e+03
4.476000000000000000e+03
4.135000000000000000e+03
3.830000000000000000e+03
3.375000000000000000e+03
2.992000000000000000e+03
2.712000000000000000e+03
2.380000000000000000e+03
2.140000000000000000e+03
1.751000000000000000e+03
1.560000000000000000e+03
1.346000000000000000e+03
1.165000000000000000e+03
9.820000000000000000e+02
7.940000000000000000e+02
6.430000000000000000e+02
5.620000000000000000e+02
4.550000000000000000e+02
3.800000000000000000e+02
2.910000000000000000e+02
2.120000000000000000e+02
1.920000000000000000e+02
1.360000000000000000e+02
1.010000000000000000e+02
5.800000000000000000e+01
4.500000000000000000e+01
3.900000000000000000e+01
1.900000000000000000e+01
1.700000000000000000e+01
5.000000000000000000e+00
4.000000000000000000e+00
4.000000000000000000e+00
4.000000000000000000e+00
2.000000000000000000e+00
0.000000000000000000e+00
1.000000000000000000e+00
0.000000000000000000e+00
2.000000000000000000e+00
0.000000000000000000e+00
