2.806313453123455148e-01
2.928480000830246954e-01
3.055964794566178866e-01
3.188999352216936312e-01
3.327825270278913505e-01
3.472694662608876714e-01
3.623870618273608568e-01
3.781627679330996084e-01
3.946252339410260546e-01
4.118043563996744982e-01
4.297313333366135080e-01
4.484387209154098719e-01
4.679604925590264974e-01
4.883321006470241477e-01
5.095905408986122209e-01
5.317744195584710454e-01
5.549240235073582550e-01
5.790813934248214556e-01
6.042904001368870626e-01
6.305968242873727370e-01
6.580484394775115708e-01
6.866950990248736897e-01
7.165888264991410184e-01
7.477839101991550219e-01
7.803370017428095107e-01
8.143072189488325119e-01
8.497562531972961963e-01
8.867484814638246782e-01
9.253510832309589373e-01
9.656341624889955844e-01
1.007670875047858239e+00
1.051537561391204578e+00
1.097313885314037396e+00
1.145082978595594492e+00
1.194931591970245899e+00
1.246950252670570913e+00
1.301233428828717065e+00
1.357879701034605091e+00
1.416991941362532259e+00
1.478677500191298844e+00
1.543048401157126825e+00
1.610221544593416709e+00
1.680318919826796487e+00
1.753467826715001898e+00
1.829801106828910839e+00
1.909457384698566740e+00
1.992581319561306463e+00
2.079323868069176129e+00
2.169842558432725443e+00
2.264301776499033192e+00
2.362873064283496305e+00
2.465735431497535934e+00
2.573075680637951557e+00
2.685088746228317280e+00
2.801978048828486223e+00
2.923955864455104248e+00
3.051243710084013738e+00
3.184072745934638959e+00
3.322684195266921048e+00
3.467329782453159037e+00
3.618272190120336074e+00
3.775785536193102310e+00
3.940155871703752144e+00
4.111681700273237539e+00
4.290674520206627207e+00
4.477459390187465083e+00
4.672375519598365834e+00
4.875776884539885891e+00
5.088032870666397756e+00
5.309528944006373763e+00
5.540667350985323480e+00
5.781867848922655817e+00
6.033568468329089107e+00
6.296226308388946258e+00
6.570318367071999788e+00
6.856342407382370219e+00
7.154817861317606109e+00
7.466286773179609426e+00
7.791314783950475054e+00
8.130492158520917556e+00
8.484434857636770744e+00
8.853785656510289925e+00
9.239215312127665669e+00
9.641423781372642665e+00
1.006114149217843234e+01
1.049913067001633848e+01
1.095618672213011813e+01
1.143313968202984121e+01
1.193085571686853719e+01
1.245023870043917924e+01
1.299223185464840569e+01
1.355781946244823821e+01
1.414802865533643228e+01
1.476393127867150312e+01
1.540664583819018674e+01
1.607733953126215809e+01
1.677723036657071987e+01
1.750758937606919829e+01
1.826974292322978144e+01
1.906507511177678538e+01
