0.000000000000000000e+00
1.000000000000000000e+00
3.000000000000000000e+00
5.000000000000000000e+00
8.000000000000000000e+00
9.000000000000000000e+00
1.000000000000000000e+01
1.500000000000000000e+01
2.000000000000000000e+01
3.800000000000000000e+01
3.200000000000000000e+01
5.300000000000000000e+01
8.800000000000000000e+01
1.140000000000000000e+02
1.090000000000000000e+02
1.170000000000000000e+02
2.170000000000000000e+02
2.210000000000000000e+02
2.900000000000000000e+02
3.270000000000000000e+02
3.910000000000000000e+02
4.480000000000000000e+02
5.540000000000000000e+02
6.740000000000000000e+02
8.660000000000000000e+02
9.230000000000000000e+02
1.157000000000000000e+03
1.319000000000000000e+03
1.522000000000000000e+03
1.742000000000000000e+03
1.993000000000000000e+03
2.255000000000000000e+03
2.643000000000000000e+03
2.948000000000000000e+03
3.331000000000000000e+03
3.722000000000000000e+03
4.213000000000000000e+03
4.596000000000000000e+03
4.979000000000000000e+03
5.406000000000000000e+03
5.959000000000000000e+03
6.381000000000000000e+03
6.754000000000000000e+03
7.183000000000000000e+03
7.599000000000000000e+03
7.825000000000000000e+03
8.140000000000000000e+03
8.349000000000000000e+03
8.404000000000000000e+03
8.460000000000000000e+03
8.678000000000000000e+03
8.512000000000000000e+03
8.533000000000000000e+03
8.191000000000000000e+03
7.947000000000000000e+03
7.698000000000000000e+03
7.460000000000000000e+03
6.970000000000000000e+03
6.688000000000000000e+03
6.185000000000000000e+03
5.861000000000000000e+03
5.338000000000000000e+03
4.932000000000000000e+03
4.639000000000000000e+03
4.082000000000000000e+03
3.768000000000000000e+03
3.400000000000000000e+03
2.993000000000000000e+03
2.743000000000000000e+03
2.359000000000000000e+03
1.969000000000000000e+03
1.632000000000000000e+03
1.448000000000000000e+03
1.245000000000000000e+03
1.071000000000000000e+03
9.250000000000000000e+02
7.510000000000000000e+02
5.830000000000000000e+02
4.990000000000000000e+02
4.030000000000000000e+02
3.150000000000000000e+02
2.220000000000000000e+02
2.280000000000000000e+02
1.460000000000000000e+02
1.080000000000000000e+02
7.100000000000000000e+01
5.400000000000000000e+01
4.500000000000000000e+01
2.400000000000000000e+01
2.000000000000000000e+01
1.300000000000000000e+01
6.000000000000000000e+00
1.000000000000000000e+00
3.000000000000000000e+00
3.000000000000000000e+00
1.000000000000000000e+00
1.000000000000000000e+00
0.000000000000000000e+00
1.000000000000000000e+00
0.000000000000000000e+00
