6.880000000000000000e+02
2.132000000000000000e+03
3.326000000000000000e+03
4.364000000000000000e+03
5.255000000000000000e+03
5.898000000000000000e+03
6.507000000000000000e+03
7.020000000000000000e+03
7.461000000000000000e+03
7.713000000000000000e+03
8.075000000000000000e+03
8.363000000000000000e+03
8.922000000000000000e+03
8.732000000000000000e+03
9.196000000000000000e+03
9.392000000000000000e+03
9.531000000000000000e+03
9.933000000000000000e+03
9.964000000000000000e+03
1.022700000000000000e+04
1.021500000000000000e+04
9.978000000000000000e+03
9.827000000000000000e+03
9.662000000000000000e+03
9.239000000000000000e+03
9.049000000000000000e+03
8.463000000000000000e+03
7.581000000000000000e+03
7.032000000000000000e+03
6.048000000000000000e+03
5.089000000000000000e+03
4.183000000000000000e+03
3.526000000000000000e+03
2.688000000000000000e+03
1.931000000000000000e+03
1.366000000000000000e+03
1.029000000000000000e+03
6.890000000000000000e+02
4.470000000000000000e+02
2.860000000000000000e+02
1.650000000000000000e+02
8.400000000000000000e+01
4.800000000000000000e+01
1.800000000000000000e+01
5.000000000000000000e+00
1.000000000000000000e+00
0.000000000000000000e+00
0.000000000000000000e+00
0.000000000000000000e+00
0.000000000000000000e+00
