1.000000000000000000e+00
0.000000000000000000e+00
0.000000000000000000e+00
0.000000000000000000e+00
0.000000000000000000e+00
0.000000000000000000e+00
0.000000000000000000e+00
0.000000000000000000e+00
0.000000000000000000e+00
0.000000000000000000e+00
0.000000000000000000e+00
0.000000000000000000e+00
0.000000000000000000e+00
0.000000000000000000e+00
0.000000000000000000e+00
0.000000000000000000e+00
0.000000000000000000e+00
0.000000000000000000e+00
0.000000000000000000e+00
0.000000000000000000e+00
5.000000000000000000e+00
2.700000000000000000e+01
5.500000000000000000e+01
1.270000000000000000e+02
2.340000000000000000e+02
3.630000000000000000e+02
5.790000000000000000e+02
8.310000000000000000e+02
1.089000000000000000e+03
1.427000000000000000e+03
1.738000000000000000e+03
2.022000000000000000e+03
2.411000000000000000e+03
2.884000000000000000e+03
3.314000000000000000e+03
3.835000000000000000e+03
4.287000000000000000e+03
4.834000000000000000e+03
5.556000000000000000e+03
5.906000000000000000e+03
6.572000000000000000e+03
7.417000000000000000e+03
8.138000000000000000e+03
8.824000000000000000e+03
9.586000000000000000e+03
1.059600000000000000e+04
1.142400000000000000e+04
1.233900000000000000e+04
1.339000000000000000e+04
1.494400000000000000e+04
1.582700000000000000e+04
1.689900000000000000e+04
1.810500000000000000e+04
1.950900000000000000e+04
2.070500000000000000e+04
2.222700000000000000e+04
2.363400000000000000e+04
2.506700000000000000e+04
2.673700000000000000e+04
2.796300000000000000e+04
2.922500000000000000e+04
3.089800000000000000e+04
3.187300000000000000e+04
3.321800000000000000e+04
3.371000000000000000e+04
3.476900000000000000e+04
3.550500000000000000e+04
3.574800000000000000e+04
3.557300000000000000e+04
3.529700000000000000e+04
3.508700000000000000e+04
3.440500000000000000e+04
3.309600000000000000e+04
3.150200000000000000e+04
2.936100000000000000e+04
2.687300000000000000e+04
2.372800000000000000e+04
2.054500000000000000e+04
1.786300000000000000e+04
1.470300000000000000e+04
1.204400000000000000e+04
9.724000000000000000e+03
7.641000000000000000e+03
6.016000000000000000e+03
4.408000000000000000e+03
3.353000000000000000e+03
2.261000000000000000e+03
1.599000000000000000e+03
1.108000000000000000e+03
7.010000000000000000e+02
4.390000000000000000e+02
2.450000000000000000e+02
1.290000000000000000e+02
8.100000000000000000e+01
4.800000000000000000e+01
2.400000000000000000e+01
8.000000000000000000e+00
3.000000000000000000e+00
2.000000000000000000e+00
2.000000000000000000e+00
