7.000000000000000000e+02
2.098000000000000000e+03
3.281000000000000000e+03
4.564000000000000000e+03
5.376000000000000000e+03
6.102000000000000000e+03
6.590000000000000000e+03
7.170000000000000000e+03
7.620000000000000000e+03
7.971000000000000000e+03
8.387000000000000000e+03
8.917000000000000000e+03
8.985000000000000000e+03
9.423000000000000000e+03
9.764000000000000000e+03
1.010800000000000000e+04
1.010100000000000000e+04
1.048200000000000000e+04
1.047700000000000000e+04
1.064600000000000000e+04
1.075600000000000000e+04
1.054600000000000000e+04
1.027800000000000000e+04
1.020500000000000000e+04
9.831000000000000000e+03
9.535000000000000000e+03
8.787000000000000000e+03
8.027000000000000000e+03
7.184000000000000000e+03
6.376000000000000000e+03
5.447000000000000000e+03
4.475000000000000000e+03
3.674000000000000000e+03
2.806000000000000000e+03
2.001000000000000000e+03
1.404000000000000000e+03
1.030000000000000000e+03
6.970000000000000000e+02
5.030000000000000000e+02
2.820000000000000000e+02
1.760000000000000000e+02
9.100000000000000000e+01
5.000000000000000000e+01
2.300000000000000000e+01
3.000000000000000000e+00
2.000000000000000000e+00
1.000000000000000000e+00
0.000000000000000000e+00
0.000000000000000000e+00
0.000000000000000000e+00
