0.000000000000000000e+00
1.000000000000000000e+00
1.000000000000000000e+00
3.000000000000000000e+00
5.000000000000000000e+00
0.000000000000000000e+00
1.300000000000000000e+01
1.500000000000000000e+01
2.300000000000000000e+01
2.200000000000000000e+01
3.600000000000000000e+01
4.000000000000000000e+01
5.600000000000000000e+01
8.700000000000000000e+01
1.080000000000000000e+02
1.250000000000000000e+02
1.590000000000000000e+02
2.030000000000000000e+02
2.370000000000000000e+02
2.880000000000000000e+02
3.500000000000000000e+02
4.310000000000000000e+02
5.220000000000000000e+02
5.830000000000000000e+02
7.350000000000000000e+02
8.910000000000000000e+02
1.043000000000000000e+03
1.232000000000000000e+03
1.413000000000000000e+03
1.615000000000000000e+03
1.915000000000000000e+03
2.145000000000000000e+03
2.392000000000000000e+03
2.855000000000000000e+03
3.138000000000000000e+03
3.499000000000000000e+03
3.872000000000000000e+03
4.281000000000000000e+03
4.795000000000000000e+03
5.040000000000000000e+03
5.448000000000000000e+03
5.976000000000000000e+03
6.447000000000000000e+03
6.605000000000000000e+03
7.057000000000000000e+03
7.440000000000000000e+03
7.391000000000000000e+03
7.775000000000000000e+03
7.996000000000000000e+03
8.140000000000000000e+03
7.969000000000000000e+03
8.080000000000000000e+03
7.758000000000000000e+03
7.780000000000000000e+03
7.372000000000000000e+03
7.106000000000000000e+03
6.958000000000000000e+03
6.752000000000000000e+03
6.017000000000000000e+03
5.614000000000000000e+03
5.321000000000000000e+03
5.002000000000000000e+03
4.453000000000000000e+03
4.155000000000000000e+03
3.719000000000000000e+03
3.429000000000000000e+03
3.077000000000000000e+03
2.747000000000000000e+03
2.341000000000000000e+03
2.024000000000000000e+03
1.758000000000000000e+03
1.555000000000000000e+03
1.294000000000000000e+03
1.112000000000000000e+03
9.440000000000000000e+02
7.860000000000000000e+02
6.720000000000000000e+02
4.980000000000000000e+02
4.160000000000000000e+02
3.570000000000000000e+02
2.720000000000000000e+02
2.310000000000000000e+02
1.590000000000000000e+02
1.140000000000000000e+02
7.900000000000000000e+01
6.300000000000000000e+01
3.900000000000000000e+01
2.900000000000000000e+01
1.300000000000000000e+01
1.500000000000000000e+01
1.000000000000000000e+01
5.000000000000000000e+00
1.000000000000000000e+00
1.000000000000000000e+00
4.000000000000000000e+00
3.000000000000000000e+00
0.000000000000000000e+00
0.000000000000000000e+00
1.000000000000000000e+00
0.000000000000000000e+00
