0.000000000000000000e+00
1.000000000000000000e+00
2.000000000000000000e+00
2.000000000000000000e+00
1.000000000000000000e+00
4.000000000000000000e+00
1.000000000000000000e+01
8.000000000000000000e+00
1.100000000000000000e+01
2.900000000000000000e+01
3.700000000000000000e+01
4.100000000000000000e+01
5.900000000000000000e+01
8.200000000000000000e+01
8.500000000000000000e+01
1.200000000000000000e+02
1.180000000000000000e+02
1.960000000000000000e+02
2.060000000000000000e+02
2.820000000000000000e+02
3.190000000000000000e+02
3.810000000000000000e+02
5.100000000000000000e+02
5.050000000000000000e+02
6.830000000000000000e+02
8.500000000000000000e+02
9.300000000000000000e+02
1.138000000000000000e+03
1.271000000000000000e+03
1.555000000000000000e+03
1.767000000000000000e+03
2.087000000000000000e+03
2.357000000000000000e+03
2.512000000000000000e+03
2.922000000000000000e+03
3.353000000000000000e+03
3.738000000000000000e+03
4.089000000000000000e+03
4.607000000000000000e+03
5.067000000000000000e+03
5.492000000000000000e+03
6.024000000000000000e+03
6.547000000000000000e+03
6.920000000000000000e+03
7.254000000000000000e+03
7.654000000000000000e+03
7.900000000000000000e+03
8.263000000000000000e+03
8.397000000000000000e+03
8.558000000000000000e+03
8.885000000000000000e+03
8.840000000000000000e+03
8.606000000000000000e+03
8.616000000000000000e+03
8.505000000000000000e+03
8.282000000000000000e+03
8.101000000000000000e+03
7.562000000000000000e+03
7.384000000000000000e+03
7.014000000000000000e+03
6.595000000000000000e+03
6.215000000000000000e+03
5.621000000000000000e+03
5.185000000000000000e+03
4.750000000000000000e+03
4.519000000000000000e+03
4.009000000000000000e+03
3.532000000000000000e+03
3.159000000000000000e+03
2.920000000000000000e+03
2.512000000000000000e+03
2.217000000000000000e+03
1.906000000000000000e+03
1.613000000000000000e+03
1.396000000000000000e+03
1.185000000000000000e+03
9.840000000000000000e+02
7.510000000000000000e+02
6.400000000000000000e+02
5.410000000000000000e+02
4.350000000000000000e+02
3.750000000000000000e+02
2.700000000000000000e+02
2.130000000000000000e+02
1.450000000000000000e+02
1.220000000000000000e+02
9.400000000000000000e+01
6.500000000000000000e+01
3.700000000000000000e+01
3.300000000000000000e+01
1.800000000000000000e+01
1.900000000000000000e+01
4.000000000000000000e+00
5.000000000000000000e+00
3.000000000000000000e+00
0.000000000000000000e+00
1.000000000000000000e+00
3.000000000000000000e+00
2.000000000000000000e+00
0.000000000000000000e+00
