6.280000000000000000e+02
1.880000000000000000e+03
3.059000000000000000e+03
4.098000000000000000e+03
4.986000000000000000e+03
5.750000000000000000e+03
6.131000000000000000e+03
6.436000000000000000e+03
6.898000000000000000e+03
7.370000000000000000e+03
7.575000000000000000e+03
7.848000000000000000e+03
8.204000000000000000e+03
8.348000000000000000e+03
8.553000000000000000e+03
8.824000000000000000e+03
8.868000000000000000e+03
9.061000000000000000e+03
9.211000000000000000e+03
9.214000000000000000e+03
9.374000000000000000e+03
9.455000000000000000e+03
9.234000000000000000e+03
8.923000000000000000e+03
8.677000000000000000e+03
8.257000000000000000e+03
7.711000000000000000e+03
7.024000000000000000e+03
6.470000000000000000e+03
5.689000000000000000e+03
4.947000000000000000e+03
4.042000000000000000e+03
3.223000000000000000e+03
2.531000000000000000e+03
1.897000000000000000e+03
1.277000000000000000e+03
9.150000000000000000e+02
7.010000000000000000e+02
4.380000000000000000e+02
2.910000000000000000e+02
1.570000000000000000e+02
8.900000000000000000e+01
4.100000000000000000e+01
2.000000000000000000e+01
6.000000000000000000e+00
3.000000000000000000e+00
1.000000000000000000e+00
0.000000000000000000e+00
0.000000000000000000e+00
0.000000000000000000e+00
