7.644701224176821963e-01
8.012344328779098523e-01
8.397667843432475854e-01
8.801522040848890338e-01
9.224798084403029730e-01
9.668429994614700096e-01
1.013339671020176525e+00
1.062072424825165617e+00
1.113148796827818643e+00
1.166681494515965811e+00
1.222788645619449222e+00
1.281594058776240663e+00
1.343227496734316517e+00
1.407824962692147075e+00
1.475529000409652181e+00
1.546489008751863237e+00
1.620861571359377473e+00
1.698810802173071233e+00
1.780508707575521266e+00
1.866135565948254804e+00
1.955880325482374671e+00
2.049941021120389006e+00
2.148525211549284553e+00
2.251850437209139688e+00
2.360144700327932554e+00
2.473646968041816052e+00
2.592607699711067859e+00
2.717289399595313792e+00
2.847967196107583643e+00
2.984929448925407236e+00
3.128478385298635533e+00
3.278930766958084941e+00
3.436618589096639198e+00
3.601889812965226145e+00
3.775109133700215835e+00
3.956658785076604179e+00
4.146939382962765208e+00
4.346370809337972929e+00
4.555393138823424337e+00
4.774467609771278376e+00
5.004077642054565622e+00
5.244729903803863280e+00
5.496955429444660091e+00
5.761310791502514128e+00
6.038379328761751985e+00
6.328772433487858784e+00
6.633130900553958043e+00
6.952126341448450653e+00
7.286462666284032608e+00
7.636877637078356429e+00
8.004144495733843456e+00
8.389073670309098674e+00
8.792514563346975009e+00
9.215357426205578406e+00
9.658535323528136374e+00
1.012302619218664113e+01
1.060985499924265874e+01
1.112009600368708462e+01
1.165487512694983430e+01
1.221537243741013157e+01
1.280282475439013012e+01
1.341852837737766713e+01
1.406384194650070896e+01
1.474018944056565239e+01
1.544906331927487031e+01
1.619202781655735279e+01
1.697072239227983559e+01
1.778686534995481594e+01
1.864225762842860945e+01
1.953878677591650259e+01
2.047843111515403081e+01
2.146326410885545855e+01
2.249545893511276873e+01
2.357729328283097558e+01
2.471115437778196622e+01
2.589954425036749441e+01
2.714508525671525874e+01
2.845052586529140370e+01
2.981874672179838015e+01
3.125276700574105249e+01
3.275575109268806528e+01
3.433101553692957708e+01
3.598203638993942377e+01
3.771245687079134257e+01
3.952609540545496003e+01
4.142695405271125253e+01
4.341922733528083711e+01
4.550731149565213940e+01
4.769581419703351344e+01
4.998956469083633181e+01
5.239362447312489479e+01
5.491329845354778172e+01
5.755414666139744639e+01
6.032199651462826040e+01
6.322295567890657964e+01
6.626342554506906879e+01
6.945011535472798414e+01
7.279005700519419975e+01
7.629062056638787226e+01
7.995953054397583060e+01
