7.190153126265528272e-01
7.538100403050044251e-01
7.902885611558085888e-01
8.285323576228995623e-01
8.686268552643529040e-01
9.106616135683260893e-01
9.547305260029999019e-01
1.000932029747375607e+00
1.049369325571405609e+00
1.100150608356604831e+00
1.153389308772061250e+00
1.209204346645677886e+00
1.267720396596604182e+00
1.329068166522204608e+00
1.393384689561621315e+00
1.460813630188093626e+00
1.531505605113757884e+00
1.605618519723731596e+00
1.683317920790982969e+00
1.764777366259845159e+00
1.850178812924165417e+00
1.939713022866052183e+00
2.033579989563081281e+00
2.131989384615764926e+00
2.235161026093147818e+00
2.343325369542663683e+00
2.456724022761044068e+00
2.575610285476116701e+00
2.700249715144990237e+00
2.830920720132453106e+00
2.967915181594575902e+00
3.111539105456627485e+00
3.262113305941628294e+00
3.419974122176350662e+00
3.585474169475459050e+00
3.758983126981927825e+00
3.940888563423115887e+00
4.131596802826984494e+00
4.331533832132215878e+00
4.541146252719591381e+00
4.760902277990037845e+00
4.991292779217681108e+00
5.232832382014017902e+00
5.486060615852381694e+00
5.751543119220435152e+00
6.029872903092630132e+00
6.321671675544856761e+00
6.627591230470118333e+00
6.948314903497196937e+00
7.284559098364408847e+00
7.637074887157937475e+00
8.006649687989222386e+00
8.394109023858804974e+00
8.800318366635480061e+00
9.226185070269643518e+00
9.672660397559040391e+00
1.014074164499418629e+01
1.063147437042971077e+01
1.114595472855759439e+01
1.168533191939906679e+01
1.225081075528442121e+01
1.284365435205460493e+01
1.346518695049594960e+01
1.411679687431031383e+01
1.479993963122787015e+01
1.551614116418960698e+01
1.626700125986157985e+01
1.705419712209474525e+01
1.787948711831228010e+01
1.874471470719282351e+01
1.965181255642290736e+01
2.060280685971649106e+01
2.159982186274452687e+01
2.264508460808414725e+01
2.374092990978640572e+01
2.488980556867416638e+01
2.609427784001984918e+01
2.735703716581589617e+01
2.868090418444256429e+01
3.006883603115659298e+01
3.152393294347438868e+01
3.304944518620412452e+01
3.464878031159548044e+01
3.632551077082371194e+01
3.808338189381040451e+01
3.992632025520501315e+01
4.185844244521467772e+01
4.388406426487382817e+01
4.600771036629283373e+01
4.823412435941966692e+01
5.056827940788975440e+01
5.301538933763230688e+01
5.558092028304637466e+01
5.827060289676115445e+01
6.109044515025297528e+01
6.404674575391264568e+01
6.714610822653894218e+01
7.039545564568599900e+01
7.380204611181189023e+01
7.737348896077212146e+01
