2.668782001647001523e-01
2.786877676358905931e-01
2.910199176326320747e-01
3.038977748372364562e-01
3.173454872171540542e-01
3.313882713061352403e-01
3.460524594891181693e-01
3.613655493795102647e-01
3.773562553814521214e-01
3.940545625337516511e-01
4.114917827364539815e-01
4.297006134654815512e-01
4.487151990854416073e-01
4.685711948755730827e-01
4.893058338888921499e-01
5.109579967699061642e-01
5.335682846618157171e-01
5.571790953399164970e-01
5.818347027139649796e-01
6.075813398485833128e-01
6.344672856573829733e-01
6.625429554333699400e-01
6.918609953853914751e-01
7.224763813578927163e-01
7.544465219191002214e-01
7.878313660109370620e-01
8.226935153625306585e-01
8.590983418781049652e-01
8.971141102193783690e-01
9.368121058123283218e-01
9.782667685183532580e-01
1.021555832220488513e+00
1.066760470586419762e+00
1.113965449281624220e+00
1.163259284918059189e+00
1.214734411036455075e+00
1.268487351433454924e+00
1.324618901158611139e+00
1.383234315520641244e+00
1.444443507457358722e+00
1.508361253639374899e+00
1.575107409694048721e+00
1.644807134953265138e+00
1.717591127146476992e+00
1.793595867479094386e+00
1.872963876555784557e+00
1.955843981628575978e+00
2.042391595670899118e+00
2.132769008800868615e+00
2.227145692600271509e+00
2.325698617899910836e+00
2.428612586627193259e+00
2.536080578338228975e+00
2.648304112084251205e+00
2.765493624290901398e+00
2.887868863358967086e+00
3.015659301726508534e+00
3.149104566165056518e+00
3.288454887116744718e+00
3.433971567914968048e+00
3.585927474768410228e+00
3.744607548427249633e+00
3.910309338490991493e+00
4.083343561359837004e+00
4.264034682875831983e+00
4.452721526746336700e+00
4.649757909890709584e+00
4.855513305901578924e+00
5.070373537864774960e+00
5.294741501837099129e+00
5.529037922338543076e+00
5.773702141275612654e+00
6.029192941775134429e+00
6.295989408473339211e+00
6.574591825873413065e+00
6.865522616456057214e+00
7.169327320302173234e+00
7.486575618064621906e+00
7.817862399207255564e+00
8.163808877514373563e+00
8.525063755962333900e+00
8.902304443137628809e+00
9.296238323482413080e+00
9.707604083749378887e+00
1.013717309815329415e+01
1.058575087481657206e+01
1.105417856622114314e+01
1.154333454649908575e+01
1.205413605851945391e+01
1.258754093386012585e+01
1.314454938888962587e+01
1.372620590032699894e+01
1.433360116379672888e+01
1.496787413905107123e+01
1.563021418569528542e+01
1.632186329342012243e+01
1.704411841092404245e+01
1.779833387789193111e+01
1.858592396459073015e+01
1.940836552384433134e+01
