2.405657409104748623e-01
2.514642760449936065e-01
2.628565559148548503e-01
2.747649490182714760e-01
2.872128372307674593e-01
3.002246617149910701e-01
3.138259709104159190e-01
3.280434706971557812e-01
3.429050768323904652e-01
3.584399697623584791e-01
3.746786519175396846e-01
3.916530076035266705e-01
4.093963656051775590e-01
4.279435646269731386e-01
4.473310216980690979e-01
4.675968036763551994e-01
4.887807019919174767e-01
5.109243107766613390e-01
5.340711085335015929e-01
5.582665435054737779e-01
5.835581229123891767e-01
6.099955062302458986e-01
6.376306026965498086e-01
6.665176732329932685e-01
6.967134369856162746e-01
7.282771826916383251e-01
7.612708850916274361e-01
7.957593266155800205e-01
8.318102245818381757e-01
8.694943641585981542e-01
9.088857373490766278e-01
9.500616882732281221e-01
9.931030650312726582e-01
1.038094378447214972e+00
1.085123968004040540e+00
1.134284175296405683e+00
1.185671525341385202e+00
1.239386916103282221e+00
1.295535816604626467e+00
1.354228474012346473e+00
1.415580130105728918e+00
1.479711247551189324e+00
1.546747746428144943e+00
1.616821251470403009e+00
1.690069350508512480e+00
1.766635864620531793e+00
1.846671130521642556e+00
1.930332295747082094e+00
2.017783627207968777e+00
2.109196833725875742e+00
2.204751403179435076e+00
2.304634954924953405e+00
2.409043608183011109e+00
2.518182367114362386e+00
2.632265523341228430e+00
2.751517076704317333e+00
2.876171175081732478e+00
3.006472574133325804e+00
3.142677117873211579e+00
3.285052241014021934e+00
3.433877494069253800e+00
3.589445092244731406e+00
3.752060489196922699e+00
3.922042976784669399e+00
4.099726311991934047e+00
4.285459372252507393e+00
4.479606840463399742e+00
4.682549921031922580e+00
4.894687088362394078e+00
5.116434869252127982e+00
5.348228660732902817e+00
5.590523584963733583e+00
5.843795382853511633e+00
6.108541348168116336e+00
6.385281303956110044e+00
6.674558623210178787e+00
6.976941295768411599e+00
7.293023043550209472e+00
7.623424486316598525e+00
7.968794360243870223e+00
8.329810791703209816e+00
8.707182628747350606e+00
9.101650832918572576e+00
9.513989934110869129e+00
9.945009551342863574e+00
1.039555598242745305e+01
1.086651386565947419e+01
1.135880791678414248e+01
1.187340474465661266e+01
1.241131474915786548e+01
1.297359410509328193e+01
1.356134683596929058e+01
1.417572698172000578e+01
1.481794086463990290e+01
1.548924945797197950e+01
1.619097086180168432e+01
1.692448289111836601e+01
1.769122578112554578e+01
1.849270501511194098e+01
1.933049428043585038e+01
