0.000000000000000000e+00
1.000000000000000000e+00
2.000000000000000000e+00
1.000000000000000000e+00
5.000000000000000000e+00
7.000000000000000000e+00
1.000000000000000000e+01
1.000000000000000000e+01
1.900000000000000000e+01
2.500000000000000000e+01
2.500000000000000000e+01
3.900000000000000000e+01
4.500000000000000000e+01
5.200000000000000000e+01
6.900000000000000000e+01
1.120000000000000000e+02
1.510000000000000000e+02
1.880000000000000000e+02
1.790000000000000000e+02
2.460000000000000000e+02
3.260000000000000000e+02
3.760000000000000000e+02
4.400000000000000000e+02
5.490000000000000000e+02
6.440000000000000000e+02
7.670000000000000000e+02
8.770000000000000000e+02
1.088000000000000000e+03
1.195000000000000000e+03
1.351000000000000000e+03
1.685000000000000000e+03
1.879000000000000000e+03
2.113000000000000000e+03
2.469000000000000000e+03
2.715000000000000000e+03
3.022000000000000000e+03
3.449000000000000000e+03
3.796000000000000000e+03
4.189000000000000000e+03
4.577000000000000000e+03
5.043000000000000000e+03
5.425000000000000000e+03
5.837000000000000000e+03
6.248000000000000000e+03
6.633000000000000000e+03
6.927000000000000000e+03
7.224000000000000000e+03
7.484000000000000000e+03
7.495000000000000000e+03
7.671000000000000000e+03
7.922000000000000000e+03
8.039000000000000000e+03
7.984000000000000000e+03
7.712000000000000000e+03
7.523000000000000000e+03
7.265000000000000000e+03
6.940000000000000000e+03
6.901000000000000000e+03
6.524000000000000000e+03
6.111000000000000000e+03
5.740000000000000000e+03
5.367000000000000000e+03
4.947000000000000000e+03
4.562000000000000000e+03
4.182000000000000000e+03
3.811000000000000000e+03
3.536000000000000000e+03
3.074000000000000000e+03
2.764000000000000000e+03
2.498000000000000000e+03
2.163000000000000000e+03
1.830000000000000000e+03
1.657000000000000000e+03
1.415000000000000000e+03
1.175000000000000000e+03
1.064000000000000000e+03
8.190000000000000000e+02
7.160000000000000000e+02
5.870000000000000000e+02
4.620000000000000000e+02
4.030000000000000000e+02
2.800000000000000000e+02
2.190000000000000000e+02
1.820000000000000000e+02
1.540000000000000000e+02
1.140000000000000000e+02
7.000000000000000000e+01
4.000000000000000000e+01
4.200000000000000000e+01
2.400000000000000000e+01
2.200000000000000000e+01
8.000000000000000000e+00
9.000000000000000000e+00
3.000000000000000000e+00
3.000000000000000000e+00
3.000000000000000000e+00
4.000000000000000000e+00
1.000000000000000000e+00
1.000000000000000000e+00
0.000000000000000000e+00
