0.000000000000000000e+00
1.000000000000000000e+00
0.000000000000000000e+00
0.000000000000000000e+00
0.000000000000000000e+00
0.000000000000000000e+00
0.000000000000000000e+00
1.000000000000000000e+00
3.000000000000000000e+00
8.000000000000000000e+00
2.000000000000000000e+00
1.100000000000000000e+01
1.500000000000000000e+01
2.600000000000000000e+01
3.000000000000000000e+01
3.700000000000000000e+01
5.600000000000000000e+01
6.100000000000000000e+01
9.300000000000000000e+01
1.290000000000000000e+02
1.290000000000000000e+02
1.790000000000000000e+02
2.250000000000000000e+02
2.290000000000000000e+02
3.390000000000000000e+02
3.900000000000000000e+02
4.980000000000000000e+02
5.890000000000000000e+02
6.980000000000000000e+02
8.270000000000000000e+02
1.022000000000000000e+03
1.176000000000000000e+03
1.363000000000000000e+03
1.623000000000000000e+03
1.839000000000000000e+03
2.198000000000000000e+03
2.532000000000000000e+03
2.800000000000000000e+03
3.234000000000000000e+03
3.563000000000000000e+03
4.063000000000000000e+03
4.479000000000000000e+03
4.875000000000000000e+03
5.509000000000000000e+03
5.810000000000000000e+03
6.455000000000000000e+03
6.795000000000000000e+03
7.233000000000000000e+03
7.894000000000000000e+03
7.951000000000000000e+03
8.469000000000000000e+03
8.679000000000000000e+03
8.865000000000000000e+03
9.001000000000000000e+03
8.894000000000000000e+03
8.828000000000000000e+03
8.822000000000000000e+03
8.654000000000000000e+03
8.315000000000000000e+03
8.242000000000000000e+03
7.606000000000000000e+03
7.367000000000000000e+03
6.847000000000000000e+03
6.527000000000000000e+03
6.133000000000000000e+03
5.751000000000000000e+03
5.136000000000000000e+03
4.779000000000000000e+03
4.290000000000000000e+03
3.822000000000000000e+03
3.501000000000000000e+03
2.931000000000000000e+03
2.667000000000000000e+03
2.373000000000000000e+03
2.021000000000000000e+03
1.722000000000000000e+03
1.493000000000000000e+03
1.215000000000000000e+03
1.061000000000000000e+03
8.060000000000000000e+02
7.100000000000000000e+02
5.630000000000000000e+02
4.570000000000000000e+02
3.300000000000000000e+02
2.660000000000000000e+02
2.230000000000000000e+02
1.680000000000000000e+02
1.280000000000000000e+02
9.100000000000000000e+01
6.400000000000000000e+01
4.500000000000000000e+01
2.900000000000000000e+01
1.900000000000000000e+01
1.500000000000000000e+01
7.000000000000000000e+00
8.000000000000000000e+00
3.000000000000000000e+00
1.000000000000000000e+00
1.000000000000000000e+00
1.000000000000000000e+00
