0.000000000000000000e+00
3.000000000000000000e+00
1.000000000000000000e+00
3.000000000000000000e+00
2.000000000000000000e+00
5.000000000000000000e+00
8.000000000000000000e+00
8.000000000000000000e+00
2.000000000000000000e+01
2.100000000000000000e+01
2.600000000000000000e+01
5.900000000000000000e+01
5.700000000000000000e+01
7.600000000000000000e+01
9.700000000000000000e+01
1.100000000000000000e+02
1.710000000000000000e+02
1.720000000000000000e+02
2.460000000000000000e+02
3.090000000000000000e+02
3.340000000000000000e+02
4.070000000000000000e+02
5.250000000000000000e+02
6.280000000000000000e+02
7.390000000000000000e+02
9.510000000000000000e+02
1.033000000000000000e+03
1.246000000000000000e+03
1.444000000000000000e+03
1.663000000000000000e+03
1.911000000000000000e+03
2.317000000000000000e+03
2.672000000000000000e+03
3.097000000000000000e+03
3.339000000000000000e+03
3.777000000000000000e+03
4.289000000000000000e+03
4.782000000000000000e+03
5.248000000000000000e+03
5.727000000000000000e+03
6.293000000000000000e+03
6.888000000000000000e+03
7.251000000000000000e+03
7.856000000000000000e+03
8.353000000000000000e+03
8.559000000000000000e+03
9.055000000000000000e+03
9.388000000000000000e+03
9.532000000000000000e+03
9.499000000000000000e+03
9.810000000000000000e+03
9.537000000000000000e+03
9.439000000000000000e+03
9.196000000000000000e+03
8.933000000000000000e+03
8.548000000000000000e+03
8.429000000000000000e+03
7.948000000000000000e+03
7.640000000000000000e+03
7.048000000000000000e+03
6.634000000000000000e+03
6.116000000000000000e+03
5.730000000000000000e+03
5.192000000000000000e+03
4.729000000000000000e+03
4.192000000000000000e+03
3.637000000000000000e+03
3.311000000000000000e+03
2.968000000000000000e+03
2.585000000000000000e+03
2.201000000000000000e+03
1.856000000000000000e+03
1.627000000000000000e+03
1.358000000000000000e+03
1.103000000000000000e+03
9.220000000000000000e+02
7.690000000000000000e+02
6.030000000000000000e+02
4.840000000000000000e+02
3.690000000000000000e+02
3.220000000000000000e+02
2.240000000000000000e+02
1.740000000000000000e+02
1.240000000000000000e+02
9.500000000000000000e+01
6.000000000000000000e+01
6.100000000000000000e+01
3.700000000000000000e+01
2.100000000000000000e+01
1.900000000000000000e+01
1.400000000000000000e+01
7.000000000000000000e+00
2.000000000000000000e+00
1.000000000000000000e+00
1.000000000000000000e+00
2.000000000000000000e+00
1.000000000000000000e+00
0.000000000000000000e+00
0.000000000000000000e+00
1.000000000000000000e+00
