0.000000000000000000e+00
3.000000000000000000e+00
3.000000000000000000e+00
7.000000000000000000e+00
6.000000000000000000e+00
3.000000000000000000e+01
4.700000000000000000e+01
1.220000000000000000e+02
1.980000000000000000e+02
2.720000000000000000e+02
3.730000000000000000e+02
4.710000000000000000e+02
6.850000000000000000e+02
8.360000000000000000e+02
1.093000000000000000e+03
1.212000000000000000e+03
1.515000000000000000e+03
1.647000000000000000e+03
1.899000000000000000e+03
2.205000000000000000e+03
2.370000000000000000e+03
2.659000000000000000e+03
3.004000000000000000e+03
3.385000000000000000e+03
3.542000000000000000e+03
3.879000000000000000e+03
4.220000000000000000e+03
4.656000000000000000e+03
5.024000000000000000e+03
5.456000000000000000e+03
5.964000000000000000e+03
6.417000000000000000e+03
6.872000000000000000e+03
7.486000000000000000e+03
7.933000000000000000e+03
8.633000000000000000e+03
8.907000000000000000e+03
9.680000000000000000e+03
1.039100000000000000e+04
1.111000000000000000e+04
1.176100000000000000e+04
1.236000000000000000e+04
1.308900000000000000e+04
1.385600000000000000e+04
1.467900000000000000e+04
1.528500000000000000e+04
1.650600000000000000e+04
1.728000000000000000e+04
1.825000000000000000e+04
1.881400000000000000e+04
1.953500000000000000e+04
2.057000000000000000e+04
2.147700000000000000e+04
2.226400000000000000e+04
2.301100000000000000e+04
2.348500000000000000e+04
2.440200000000000000e+04
2.474400000000000000e+04
2.528100000000000000e+04
2.552700000000000000e+04
2.599700000000000000e+04
2.633800000000000000e+04
2.624000000000000000e+04
2.622900000000000000e+04
2.621500000000000000e+04
2.584100000000000000e+04
2.524700000000000000e+04
2.459000000000000000e+04
2.400800000000000000e+04
2.303700000000000000e+04
2.155300000000000000e+04
1.993600000000000000e+04
1.815600000000000000e+04
1.668200000000000000e+04
1.463700000000000000e+04
1.257000000000000000e+04
1.079100000000000000e+04
9.272000000000000000e+03
7.779000000000000000e+03
6.332000000000000000e+03
5.181000000000000000e+03
4.202000000000000000e+03
3.318000000000000000e+03
2.493000000000000000e+03
1.921000000000000000e+03
1.430000000000000000e+03
1.046000000000000000e+03
7.330000000000000000e+02
5.120000000000000000e+02
3.490000000000000000e+02
2.010000000000000000e+02
1.250000000000000000e+02
1.090000000000000000e+02
6.700000000000000000e+01
2.900000000000000000e+01
2.700000000000000000e+01
1.000000000000000000e+01
6.000000000000000000e+00
2.000000000000000000e+00
0.000000000000000000e+00
