0.000000000000000000e+00
4.000000000000000000e+00
1.000000000000000000e+00
3.000000000000000000e+00
3.000000000000000000e+00
8.000000000000000000e+00
8.000000000000000000e+00
2.200000000000000000e+01
2.800000000000000000e+01
2.800000000000000000e+01
2.700000000000000000e+01
4.900000000000000000e+01
7.100000000000000000e+01
8.400000000000000000e+01
1.140000000000000000e+02
1.260000000000000000e+02
1.440000000000000000e+02
2.040000000000000000e+02
2.280000000000000000e+02
2.740000000000000000e+02
3.240000000000000000e+02
4.010000000000000000e+02
4.670000000000000000e+02
5.800000000000000000e+02
7.050000000000000000e+02
8.260000000000000000e+02
9.870000000000000000e+02
1.180000000000000000e+03
1.364000000000000000e+03
1.530000000000000000e+03
1.729000000000000000e+03
1.983000000000000000e+03
2.304000000000000000e+03
2.579000000000000000e+03
2.892000000000000000e+03
3.370000000000000000e+03
3.711000000000000000e+03
4.170000000000000000e+03
4.445000000000000000e+03
4.876000000000000000e+03
5.283000000000000000e+03
5.786000000000000000e+03
6.229000000000000000e+03
6.490000000000000000e+03
7.036000000000000000e+03
7.382000000000000000e+03
7.536000000000000000e+03
7.887000000000000000e+03
8.061000000000000000e+03
8.325000000000000000e+03
8.218000000000000000e+03
8.371000000000000000e+03
8.384000000000000000e+03
8.036000000000000000e+03
8.073000000000000000e+03
7.854000000000000000e+03
7.524000000000000000e+03
7.264000000000000000e+03
6.930000000000000000e+03
6.616000000000000000e+03
5.989000000000000000e+03
5.859000000000000000e+03
5.568000000000000000e+03
4.969000000000000000e+03
4.521000000000000000e+03
4.166000000000000000e+03
3.863000000000000000e+03
3.579000000000000000e+03
3.035000000000000000e+03
2.741000000000000000e+03
2.400000000000000000e+03
2.132000000000000000e+03
1.797000000000000000e+03
1.562000000000000000e+03
1.392000000000000000e+03
1.161000000000000000e+03
1.027000000000000000e+03
8.070000000000000000e+02
6.830000000000000000e+02
5.640000000000000000e+02
4.600000000000000000e+02
3.610000000000000000e+02
2.980000000000000000e+02
2.130000000000000000e+02
1.800000000000000000e+02
1.230000000000000000e+02
1.130000000000000000e+02
5.400000000000000000e+01
5.300000000000000000e+01
4.500000000000000000e+01
2.700000000000000000e+01
2.000000000000000000e+01
7.000000000000000000e+00
1.300000000000000000e+01
5.000000000000000000e+00
4.000000000000000000e+00
1.000000000000000000e+00
2.000000000000000000e+00
1.000000000000000000e+00
0.000000000000000000e+00
