1.000000000000000000e+00
0.000000000000000000e+00
0.000000000000000000e+00
0.000000000000000000e+00
0.000000000000000000e+00
0.000000000000000000e+00
0.000000000000000000e+00
0.000000000000000000e+00
0.000000000000000000e+00
0.000000000000000000e+00
0.000000000000000000e+00
0.000000000000000000e+00
0.000000000000000000e+00
0.000000000000000000e+00
0.000000000000000000e+00
0.000000000000000000e+00
2.000000000000000000e+00
1.300000000000000000e+01
2.500000000000000000e+01
6.700000000000000000e+01
1.370000000000000000e+02
2.730000000000000000e+02
4.120000000000000000e+02
5.730000000000000000e+02
8.910000000000000000e+02
1.049000000000000000e+03
1.345000000000000000e+03
1.692000000000000000e+03
1.957000000000000000e+03
2.302000000000000000e+03
2.633000000000000000e+03
3.032000000000000000e+03
3.550000000000000000e+03
3.862000000000000000e+03
4.353000000000000000e+03
4.765000000000000000e+03
5.419000000000000000e+03
5.951000000000000000e+03
6.527000000000000000e+03
7.158000000000000000e+03
7.975000000000000000e+03
8.743000000000000000e+03
9.338000000000000000e+03
1.027700000000000000e+04
1.089400000000000000e+04
1.177300000000000000e+04
1.289500000000000000e+04
1.369000000000000000e+04
1.480200000000000000e+04
1.581400000000000000e+04
1.689600000000000000e+04
1.835500000000000000e+04
1.928900000000000000e+04
2.085400000000000000e+04
2.174600000000000000e+04
2.329100000000000000e+04
2.464500000000000000e+04
2.588000000000000000e+04
2.724100000000000000e+04
2.832400000000000000e+04
2.929500000000000000e+04
3.019000000000000000e+04
3.098200000000000000e+04
3.190400000000000000e+04
3.228000000000000000e+04
3.282600000000000000e+04
3.275800000000000000e+04
3.256100000000000000e+04
3.249900000000000000e+04
3.161800000000000000e+04
3.078000000000000000e+04
2.962600000000000000e+04
2.796100000000000000e+04
2.565000000000000000e+04
2.295700000000000000e+04
2.003900000000000000e+04
1.755800000000000000e+04
1.465600000000000000e+04
1.220800000000000000e+04
9.831000000000000000e+03
7.831000000000000000e+03
6.354000000000000000e+03
4.694000000000000000e+03
3.549000000000000000e+03
2.491000000000000000e+03
1.831000000000000000e+03
1.220000000000000000e+03
8.230000000000000000e+02
5.350000000000000000e+02
2.880000000000000000e+02
1.760000000000000000e+02
1.050000000000000000e+02
7.500000000000000000e+01
2.400000000000000000e+01
1.800000000000000000e+01
3.000000000000000000e+00
4.000000000000000000e+00
1.000000000000000000e+00
0.000000000000000000e+00
1.000000000000000000e+00
