6.820000000000000000e+02
2.080000000000000000e+03
3.349000000000000000e+03
4.413000000000000000e+03
5.456000000000000000e+03
6.027000000000000000e+03
6.616000000000000000e+03
7.089000000000000000e+03
7.603000000000000000e+03
8.001000000000000000e+03
8.411000000000000000e+03
8.747000000000000000e+03
8.930000000000000000e+03
9.117000000000000000e+03
9.759000000000000000e+03
9.801000000000000000e+03
1.007600000000000000e+04
1.028000000000000000e+04
1.027000000000000000e+04
1.033500000000000000e+04
1.044200000000000000e+04
1.038100000000000000e+04
1.038000000000000000e+04
1.008900000000000000e+04
1.010400000000000000e+04
9.343000000000000000e+03
8.755000000000000000e+03
8.019000000000000000e+03
7.179000000000000000e+03
6.395000000000000000e+03
5.390000000000000000e+03
4.497000000000000000e+03
3.566000000000000000e+03
2.800000000000000000e+03
1.986000000000000000e+03
1.419000000000000000e+03
1.054000000000000000e+03
7.220000000000000000e+02
4.630000000000000000e+02
2.830000000000000000e+02
1.650000000000000000e+02
1.000000000000000000e+02
4.500000000000000000e+01
2.300000000000000000e+01
5.000000000000000000e+00
1.000000000000000000e+00
0.000000000000000000e+00
0.000000000000000000e+00
0.000000000000000000e+00
0.000000000000000000e+00
