0.000000000000000000e+00
3.000000000000000000e+00
1.000000000000000000e+00
7.000000000000000000e+00
8.000000000000000000e+00
5.000000000000000000e+00
9.000000000000000000e+00
1.900000000000000000e+01
2.900000000000000000e+01
3.800000000000000000e+01
4.800000000000000000e+01
6.300000000000000000e+01
7.400000000000000000e+01
9.100000000000000000e+01
1.210000000000000000e+02
1.700000000000000000e+02
1.800000000000000000e+02
2.370000000000000000e+02
2.750000000000000000e+02
3.430000000000000000e+02
3.540000000000000000e+02
4.410000000000000000e+02
5.720000000000000000e+02
7.040000000000000000e+02
8.530000000000000000e+02
1.009000000000000000e+03
1.180000000000000000e+03
1.360000000000000000e+03
1.489000000000000000e+03
1.821000000000000000e+03
2.053000000000000000e+03
2.542000000000000000e+03
2.768000000000000000e+03
2.958000000000000000e+03
3.527000000000000000e+03
3.873000000000000000e+03
4.282000000000000000e+03
4.708000000000000000e+03
5.151000000000000000e+03
5.615000000000000000e+03
6.089000000000000000e+03
6.614000000000000000e+03
6.951000000000000000e+03
7.375000000000000000e+03
7.801000000000000000e+03
7.972000000000000000e+03
8.309000000000000000e+03
8.525000000000000000e+03
8.739000000000000000e+03
8.907000000000000000e+03
8.723000000000000000e+03
8.601000000000000000e+03
8.769000000000000000e+03
8.338000000000000000e+03
8.031000000000000000e+03
7.845000000000000000e+03
7.374000000000000000e+03
7.149000000000000000e+03
6.708000000000000000e+03
6.218000000000000000e+03
5.947000000000000000e+03
5.454000000000000000e+03
4.942000000000000000e+03
4.536000000000000000e+03
4.070000000000000000e+03
3.737000000000000000e+03
3.487000000000000000e+03
2.910000000000000000e+03
2.582000000000000000e+03
2.352000000000000000e+03
1.987000000000000000e+03
1.684000000000000000e+03
1.436000000000000000e+03
1.281000000000000000e+03
1.041000000000000000e+03
8.680000000000000000e+02
7.210000000000000000e+02
5.710000000000000000e+02
4.910000000000000000e+02
3.560000000000000000e+02
2.960000000000000000e+02
2.400000000000000000e+02
1.820000000000000000e+02
1.330000000000000000e+02
1.010000000000000000e+02
5.700000000000000000e+01
5.500000000000000000e+01
4.300000000000000000e+01
2.500000000000000000e+01
1.300000000000000000e+01
1.000000000000000000e+01
1.500000000000000000e+01
4.000000000000000000e+00
1.000000000000000000e+00
3.000000000000000000e+00
0.000000000000000000e+00
0.000000000000000000e+00
1.000000000000000000e+00
1.000000000000000000e+00
0.000000000000000000e+00
