0.000000000000000000e+00
3.000000000000000000e+00
3.000000000000000000e+00
2.000000000000000000e+00
4.000000000000000000e+00
9.000000000000000000e+00
1.700000000000000000e+01
2.100000000000000000e+01
2.500000000000000000e+01
5.100000000000000000e+01
6.100000000000000000e+01
7.800000000000000000e+01
8.000000000000000000e+01
1.080000000000000000e+02
1.370000000000000000e+02
1.470000000000000000e+02
2.160000000000000000e+02
2.510000000000000000e+02
2.740000000000000000e+02
3.230000000000000000e+02
4.150000000000000000e+02
5.230000000000000000e+02
6.080000000000000000e+02
8.170000000000000000e+02
9.070000000000000000e+02
1.051000000000000000e+03
1.261000000000000000e+03
1.423000000000000000e+03
1.700000000000000000e+03
1.889000000000000000e+03
2.268000000000000000e+03
2.558000000000000000e+03
2.847000000000000000e+03
3.255000000000000000e+03
3.660000000000000000e+03
4.152000000000000000e+03
4.493000000000000000e+03
4.883000000000000000e+03
5.313000000000000000e+03
5.915000000000000000e+03
6.211000000000000000e+03
6.709000000000000000e+03
7.183000000000000000e+03
7.665000000000000000e+03
7.695000000000000000e+03
8.110000000000000000e+03
8.487000000000000000e+03
8.529000000000000000e+03
8.618000000000000000e+03
8.783000000000000000e+03
8.712000000000000000e+03
8.680000000000000000e+03
8.437000000000000000e+03
8.131000000000000000e+03
7.971000000000000000e+03
7.531000000000000000e+03
7.263000000000000000e+03
6.950000000000000000e+03
6.423000000000000000e+03
6.123000000000000000e+03
5.764000000000000000e+03
5.291000000000000000e+03
4.719000000000000000e+03
4.382000000000000000e+03
3.924000000000000000e+03
3.577000000000000000e+03
3.127000000000000000e+03
2.833000000000000000e+03
2.506000000000000000e+03
2.248000000000000000e+03
1.818000000000000000e+03
1.583000000000000000e+03
1.400000000000000000e+03
1.204000000000000000e+03
9.720000000000000000e+02
7.860000000000000000e+02
6.630000000000000000e+02
5.430000000000000000e+02
4.330000000000000000e+02
3.150000000000000000e+02
2.850000000000000000e+02
2.300000000000000000e+02
1.620000000000000000e+02
1.090000000000000000e+02
8.600000000000000000e+01
5.300000000000000000e+01
4.100000000000000000e+01
3.400000000000000000e+01
2.200000000000000000e+01
1.600000000000000000e+01
1.000000000000000000e+01
9.000000000000000000e+00
5.000000000000000000e+00
2.000000000000000000e+00
0.000000000000000000e+00
0.000000000000000000e+00
0.000000000000000000e+00
1.000000000000000000e+00
3.000000000000000000e+00
0.000000000000000000e+00
