6.968632794598680347e-01
7.307354242786399112e-01
7.662539784124687836e-01
8.034989681970711173e-01
8.425543097751206911e-01
8.835079981664845095e-01
9.264523055285167619e-01
9.714839890531101751e-01
1.018704508968911293e+00
1.068220257139880891e+00
1.120142796775249305e+00
1.174589113790953654e+00
1.231681880388897810e+00
1.291549731447898308e+00
1.354327554349052498e+00
1.420156792888527253e+00
1.489185765962510288e+00
1.561570001742350611e+00
1.637472588092809822e+00
1.717064540022948949e+00
1.800525184997548545e+00
1.888042566977201853e+00
1.979813870097415052e+00
2.076045862941306996e+00
2.176955364406880644e+00
2.282769732218520975e+00
2.393727375183360095e+00
2.510078290346681840e+00
2.632084626256614879e+00
2.760021273607196513e+00
2.894176484590584408e+00
3.034852522353860049e+00
3.182366342023712935e+00
3.337050304833408809e+00
3.499252926961029964e+00
3.669339664766190445e+00
3.847693738194423396e+00
4.034716994204441853e+00
4.230830812163653754e+00
4.436477053251870473e+00
4.652119056012270271e+00
4.878242680292707689e+00
5.115357401929441217e+00
5.363997460639708947e+00
5.624723063709423876e+00
5.898121648188035415e+00
6.184809204434372987e+00
6.485431663995523621e+00
6.800666354945768433e+00
7.131223527964579922e+00
7.477847956592060363e+00
7.841320615267327376e+00
8.222460438930619731e+00
8.622126168153648962e+00
9.041218283955455348e+00
9.480681036663039407e+00
9.941504573387978994e+00
1.042472716891243500e+01
1.093143756501090103e+01
1.146277742347841233e+01
1.201994389839205013e+01
1.260419233340130418e+01
1.321683909012456937e+01
1.385926451402422188e+01
1.453291604444285490e+01
1.523931147580777434e+01
1.598004237735137423e+01
1.675677767905257554e+01
1.757126743187865614e+01
1.842534675079940243e+01
1.932093994945796922e+01
2.026006487581381421e+01
2.124483745852642969e+01
2.227747647432338240e+01
2.336030854709373017e+01
2.449577338997028875e+01
2.568642930221179910e+01
2.693495893326947410e+01
2.824417532702538125e+01
2.961702825982063203e+01
3.105661088655318736e+01
3.256616670982017325e+01
3.414909688780615937e+01
3.580896789738294217e+01
3.754951956968663040e+01
3.937467351627650913e+01
4.128854196486071970e+01
4.329543702449667109e+01
4.539988040114073442e+01
4.760661358543804056e+01
4.992060853570597345e+01
5.234707888018054689e+01
5.489149166376621736e+01
5.755957966575512330e+01
6.035735431626800107e+01
6.329111924051995430e+01
6.636748446142628666e+01
6.959338129254850003e+01
7.297607795493586025e+01
7.652319595304805944e+01
