6.830000000000000000e+02
2.082000000000000000e+03
3.279000000000000000e+03
4.410000000000000000e+03
5.213000000000000000e+03
5.893000000000000000e+03
6.376000000000000000e+03
6.985000000000000000e+03
7.524000000000000000e+03
7.770000000000000000e+03
8.034000000000000000e+03
8.528000000000000000e+03
8.839000000000000000e+03
9.041000000000000000e+03
9.351000000000000000e+03
9.745000000000000000e+03
9.917000000000000000e+03
1.001000000000000000e+04
1.007500000000000000e+04
1.035600000000000000e+04
1.034700000000000000e+04
1.028400000000000000e+04
9.926000000000000000e+03
9.910000000000000000e+03
9.467000000000000000e+03
9.178000000000000000e+03
8.524000000000000000e+03
7.763000000000000000e+03
7.014000000000000000e+03
6.178000000000000000e+03
5.201000000000000000e+03
4.335000000000000000e+03
3.559000000000000000e+03
2.795000000000000000e+03
1.953000000000000000e+03
1.312000000000000000e+03
9.830000000000000000e+02
6.690000000000000000e+02
4.480000000000000000e+02
2.910000000000000000e+02
1.730000000000000000e+02
9.800000000000000000e+01
5.500000000000000000e+01
1.600000000000000000e+01
3.000000000000000000e+00
3.000000000000000000e+00
0.000000000000000000e+00
0.000000000000000000e+00
0.000000000000000000e+00
0.000000000000000000e+00
