0.000000000000000000e+00
1.000000000000000000e+00
0.000000000000000000e+00
0.000000000000000000e+00
0.000000000000000000e+00
0.000000000000000000e+00
0.000000000000000000e+00
0.000000000000000000e+00
0.000000000000000000e+00
2.000000000000000000e+00
0.000000000000000000e+00
1.000000000000000000e+00
3.000000000000000000e+00
1.000000000000000000e+01
3.200000000000000000e+01
8.500000000000000000e+01
1.190000000000000000e+02
2.430000000000000000e+02
3.370000000000000000e+02
4.670000000000000000e+02
6.960000000000000000e+02
9.060000000000000000e+02
1.123000000000000000e+03
1.374000000000000000e+03
1.667000000000000000e+03
1.942000000000000000e+03
2.190000000000000000e+03
2.608000000000000000e+03
2.928000000000000000e+03
3.332000000000000000e+03
3.626000000000000000e+03
3.993000000000000000e+03
4.530000000000000000e+03
5.175000000000000000e+03
5.542000000000000000e+03
6.117000000000000000e+03
6.678000000000000000e+03
7.188000000000000000e+03
7.843000000000000000e+03
8.417000000000000000e+03
9.170000000000000000e+03
9.878000000000000000e+03
1.070800000000000000e+04
1.146600000000000000e+04
1.227700000000000000e+04
1.335300000000000000e+04
1.415100000000000000e+04
1.490900000000000000e+04
1.606700000000000000e+04
1.736500000000000000e+04
1.834700000000000000e+04
1.954700000000000000e+04
2.052500000000000000e+04
2.160200000000000000e+04
2.272000000000000000e+04
2.423700000000000000e+04
2.515800000000000000e+04
2.640100000000000000e+04
2.719400000000000000e+04
2.849400000000000000e+04
2.920000000000000000e+04
2.990900000000000000e+04
3.090100000000000000e+04
3.125500000000000000e+04
3.171000000000000000e+04
3.216200000000000000e+04
3.222500000000000000e+04
3.165400000000000000e+04
3.169400000000000000e+04
3.087800000000000000e+04
2.987800000000000000e+04
2.885900000000000000e+04
2.708900000000000000e+04
2.539300000000000000e+04
2.297800000000000000e+04
2.022200000000000000e+04
1.767600000000000000e+04
1.522500000000000000e+04
1.271800000000000000e+04
1.065600000000000000e+04
8.726000000000000000e+03
7.095000000000000000e+03
5.689000000000000000e+03
4.270000000000000000e+03
3.252000000000000000e+03
2.361000000000000000e+03
1.724000000000000000e+03
1.189000000000000000e+03
8.490000000000000000e+02
5.330000000000000000e+02
3.490000000000000000e+02
2.020000000000000000e+02
1.320000000000000000e+02
7.700000000000000000e+01
5.000000000000000000e+01
2.000000000000000000e+01
1.600000000000000000e+01
3.000000000000000000e+00
4.000000000000000000e+00
0.000000000000000000e+00
