6.748000878541982051e-01
7.090237721526472248e-01
7.449831713510223219e-01
7.827663153115542727e-01
8.224656984871996368e-01
8.641785063512837928e-01
9.080068533109271200e-01
9.540580326866709981e-01
1.002444779370264882e+00
1.053285545803610557e+00
1.106704791954466360e+00
1.162833289998784991e+00
1.221808444455557918e+00
1.283774628557864839e+00
1.348883537683579492e+00
1.417294560710939288e+00
1.489175170208074661e+00
1.564701332411690293e+00
1.644057937998544938e+00
1.727439254704269178e+00
1.815049402897552788e+00
1.907102855273919317e+00
2.003824961892357592e+00
2.105452501840119783e+00
2.212234262876175084e+00
2.324431650472314814e+00
2.442319327742854096e+00
2.566185887829508960e+00
2.696334560387459334e+00
2.833083953902115315e+00
2.976768835653786915e+00
3.127740951239653455e+00
3.286369885659242929e+00
3.453043968071385805e+00
3.628171222437530652e+00
3.812180366378616903e+00
4.005521860690747005e+00
4.208669012088918748e+00
4.422119131878349485e+00
4.646394753389881949e+00
4.882044911159783673e+00
5.129646484985427080e+00
5.389805612147132940e+00
5.663159171253348667e+00
5.950376341341681474e+00
6.252160240052493378e+00
6.569249644885386985e+00
6.902420801752267465e+00
7.252489325254385832e+00
7.620312195335292138e+00
8.006789855197609995e+00
8.412868415619366047e+00
8.839541971066145365e+00
9.287855033268980876e+00
9.758905088225462876e+00
1.025384528288370056e+01
1.077388724808626108e+01
1.132030406468462225e+01
1.189443338008555529e+01
1.249768068285849409e+01
1.313152274342056280e+01
1.379751122922205830e+01
1.449727650328234319e+01
1.523253161537543043e+01
1.600507649563541435e+01
1.681680236084826774e+01
1.766969634421631952e+01
1.856584635992969368e+01
1.950744621445286242e+01
2.049680097703948078e+01
2.153633262262206571e+01
2.262858596089111884e+01
2.377623486607797432e+01
2.498208882269191733e+01
2.624909980323636916e+01
2.758036949474022492e+01
2.897915689179598786e+01
3.044888627469187270e+01
3.199315559216950078e+01
3.361574526932755447e+01
3.532062746223432725e+01
3.711197578190412116e+01
3.899417551144237848e+01
4.097183434137168945e+01
4.304979364941851117e+01
4.523314035237481789e+01
4.752721935904735062e+01
4.993764665478095566e+01
5.247032304958600690e+01
5.513144862352737618e+01
5.792753790473599906e+01
6.086543581720111717e+01
6.395233443738253953e+01
6.719579060066432419e+01
7.060374440075143809e+01
7.418453862729545278e+01
7.794693918933452892e+01
8.190015657454418374e+01
8.605386839683187361e+01
9.041824308747327166e+01
