6.530000000000000000e+02
1.934000000000000000e+03
3.206000000000000000e+03
4.047000000000000000e+03
5.011000000000000000e+03
5.666000000000000000e+03
6.174000000000000000e+03
6.611000000000000000e+03
6.991000000000000000e+03
7.360000000000000000e+03
7.705000000000000000e+03
7.970000000000000000e+03
8.156000000000000000e+03
8.580000000000000000e+03
8.694000000000000000e+03
8.956000000000000000e+03
9.025000000000000000e+03
9.361000000000000000e+03
9.549000000000000000e+03
9.415000000000000000e+03
9.296000000000000000e+03
9.449000000000000000e+03
9.438000000000000000e+03
9.119000000000000000e+03
8.793000000000000000e+03
8.321000000000000000e+03
7.757000000000000000e+03
7.114000000000000000e+03
6.491000000000000000e+03
5.652000000000000000e+03
4.909000000000000000e+03
4.155000000000000000e+03
3.238000000000000000e+03
2.445000000000000000e+03
1.843000000000000000e+03
1.258000000000000000e+03
9.340000000000000000e+02
6.690000000000000000e+02
4.270000000000000000e+02
2.650000000000000000e+02
1.460000000000000000e+02
9.400000000000000000e+01
4.700000000000000000e+01
1.600000000000000000e+01
4.000000000000000000e+00
2.000000000000000000e+00
0.000000000000000000e+00
0.000000000000000000e+00
0.000000000000000000e+00
0.000000000000000000e+00
