1.000000000000000000e+00
0.000000000000000000e+00
0.000000000000000000e+00
0.000000000000000000e+00
0.000000000000000000e+00
0.000000000000000000e+00
0.000000000000000000e+00
0.000000000000000000e+00
0.000000000000000000e+00
0.000000000000000000e+00
0.000000000000000000e+00
0.000000000000000000e+00
0.000000000000000000e+00
0.000000000000000000e+00
0.000000000000000000e+00
0.000000000000000000e+00
0.000000000000000000e+00
0.000000000000000000e+00
0.000000000000000000e+00
0.000000000000000000e+00
0.000000000000000000e+00
0.000000000000000000e+00
0.000000000000000000e+00
0.000000000000000000e+00
6.000000000000000000e+00
3.000000000000000000e+01
6.500000000000000000e+01
1.340000000000000000e+02
2.740000000000000000e+02
4.690000000000000000e+02
7.060000000000000000e+02
9.830000000000000000e+02
1.311000000000000000e+03
1.654000000000000000e+03
2.007000000000000000e+03
2.432000000000000000e+03
2.813000000000000000e+03
3.340000000000000000e+03
3.806000000000000000e+03
4.528000000000000000e+03
5.071000000000000000e+03
5.645000000000000000e+03
6.235000000000000000e+03
6.906000000000000000e+03
7.854000000000000000e+03
8.491000000000000000e+03
9.414000000000000000e+03
1.022300000000000000e+04
1.108600000000000000e+04
1.219900000000000000e+04
1.337500000000000000e+04
1.455800000000000000e+04
1.572900000000000000e+04
1.703900000000000000e+04
1.822900000000000000e+04
1.954300000000000000e+04
2.095200000000000000e+04
2.271900000000000000e+04
2.419300000000000000e+04
2.571300000000000000e+04
2.736900000000000000e+04
2.892600000000000000e+04
3.024900000000000000e+04
3.200900000000000000e+04
3.315400000000000000e+04
3.443700000000000000e+04
3.535600000000000000e+04
3.633600000000000000e+04
3.702400000000000000e+04
3.733400000000000000e+04
3.708100000000000000e+04
3.678000000000000000e+04
3.662900000000000000e+04
3.552500000000000000e+04
3.406500000000000000e+04
3.191500000000000000e+04
2.943000000000000000e+04
2.633800000000000000e+04
2.279600000000000000e+04
1.961100000000000000e+04
1.650400000000000000e+04
1.324900000000000000e+04
1.055000000000000000e+04
8.365000000000000000e+03
6.443000000000000000e+03
4.699000000000000000e+03
3.483000000000000000e+03
2.294000000000000000e+03
1.655000000000000000e+03
1.085000000000000000e+03
6.620000000000000000e+02
3.920000000000000000e+02
2.240000000000000000e+02
1.250000000000000000e+02
6.800000000000000000e+01
3.600000000000000000e+01
2.100000000000000000e+01
3.000000000000000000e+00
3.000000000000000000e+00
1.000000000000000000e+00
