0.000000000000000000e+00
2.000000000000000000e+00
2.000000000000000000e+00
2.000000000000000000e+00
2.000000000000000000e+00
3.000000000000000000e+00
9.000000000000000000e+00
1.400000000000000000e+01
1.500000000000000000e+01
2.500000000000000000e+01
2.900000000000000000e+01
5.200000000000000000e+01
5.600000000000000000e+01
6.800000000000000000e+01
8.500000000000000000e+01
1.070000000000000000e+02
1.310000000000000000e+02
1.820000000000000000e+02
2.110000000000000000e+02
2.640000000000000000e+02
3.550000000000000000e+02
4.200000000000000000e+02
4.860000000000000000e+02
5.420000000000000000e+02
6.920000000000000000e+02
7.490000000000000000e+02
9.410000000000000000e+02
1.089000000000000000e+03
1.232000000000000000e+03
1.452000000000000000e+03
1.659000000000000000e+03
1.905000000000000000e+03
2.114000000000000000e+03
2.434000000000000000e+03
2.752000000000000000e+03
3.078000000000000000e+03
3.334000000000000000e+03
3.702000000000000000e+03
4.102000000000000000e+03
4.500000000000000000e+03
4.731000000000000000e+03
5.239000000000000000e+03
5.614000000000000000e+03
5.843000000000000000e+03
6.211000000000000000e+03
6.473000000000000000e+03
6.829000000000000000e+03
7.150000000000000000e+03
6.958000000000000000e+03
7.262000000000000000e+03
7.310000000000000000e+03
7.354000000000000000e+03
7.239000000000000000e+03
7.088000000000000000e+03
6.840000000000000000e+03
6.681000000000000000e+03
6.323000000000000000e+03
6.147000000000000000e+03
5.796000000000000000e+03
5.524000000000000000e+03
5.247000000000000000e+03
4.804000000000000000e+03
4.401000000000000000e+03
4.098000000000000000e+03
3.751000000000000000e+03
3.421000000000000000e+03
3.132000000000000000e+03
2.695000000000000000e+03
2.473000000000000000e+03
2.190000000000000000e+03
1.943000000000000000e+03
1.635000000000000000e+03
1.424000000000000000e+03
1.206000000000000000e+03
1.050000000000000000e+03
8.960000000000000000e+02
7.380000000000000000e+02
5.410000000000000000e+02
4.820000000000000000e+02
3.880000000000000000e+02
2.890000000000000000e+02
2.510000000000000000e+02
1.840000000000000000e+02
1.560000000000000000e+02
1.280000000000000000e+02
7.400000000000000000e+01
6.400000000000000000e+01
5.400000000000000000e+01
3.500000000000000000e+01
1.900000000000000000e+01
7.000000000000000000e+00
9.000000000000000000e+00
7.000000000000000000e+00
3.000000000000000000e+00
2.000000000000000000e+00
2.000000000000000000e+00
1.000000000000000000e+00
0.000000000000000000e+00
1.000000000000000000e+00
0.000000000000000000e+00
