6.920000000000000000e+02
1.988000000000000000e+03
3.267000000000000000e+03
4.378000000000000000e+03
5.289000000000000000e+03
6.047000000000000000e+03
6.594000000000000000e+03
7.147000000000000000e+03
7.517000000000000000e+03
7.946000000000000000e+03
8.331000000000000000e+03
8.667000000000000000e+03
8.699000000000000000e+03
9.232000000000000000e+03
9.647000000000000000e+03
9.800000000000000000e+03
1.002700000000000000e+04
1.019000000000000000e+04
1.028800000000000000e+04
1.042800000000000000e+04
1.042500000000000000e+04
1.046200000000000000e+04
1.014400000000000000e+04
1.004700000000000000e+04
9.766000000000000000e+03
9.425000000000000000e+03
8.603000000000000000e+03
7.870000000000000000e+03
7.343000000000000000e+03
6.197000000000000000e+03
5.375000000000000000e+03
4.496000000000000000e+03
3.559000000000000000e+03
2.778000000000000000e+03
1.925000000000000000e+03
1.363000000000000000e+03
1.044000000000000000e+03
7.370000000000000000e+02
4.650000000000000000e+02
3.080000000000000000e+02
1.620000000000000000e+02
1.000000000000000000e+02
3.500000000000000000e+01
2.200000000000000000e+01
4.000000000000000000e+00
3.000000000000000000e+00
1.000000000000000000e+00
0.000000000000000000e+00
0.000000000000000000e+00
0.000000000000000000e+00
