1.173662527632857028e-01
1.236279193213020156e-01
1.302236552319699925e-01
1.371712835989867818e-01
1.444895784155069418e-01
1.521983152955283525e-01
1.603183249118748099e-01
1.688715492851753097e-01
1.778811010759449307e-01
1.873713260399883507e-01
1.973678688158924943e-01
2.078977422223818039e-01
2.189894002527914552e-01
2.306728149639058756e-01
2.429795574669331992e-01
2.559428832394693987e-01
2.695978219889851868e-01
2.839812723106652226e-01
2.991321013953854857e-01
3.150912500572617403e-01
3.319018433645765653e-01
3.496093071730321800e-01
3.682614908762288919e-01
3.879087967050663388e-01
4.086043159254625912e-01
4.304039723024271624e-01
4.533666732181587111e-01
4.775544688525209525e-01
5.030327198560367030e-01
5.298702739684898466e-01
5.581396520603949529e-01
5.879172441000608540e-01
6.192835155757916432e-01
6.523232249310241260e-01
6.871256525999569487e-01
7.237848422625767775e-01
7.623998549710033767e-01
8.030750368338581691e-01
8.459203009819975527e-01
8.910514245775446041e-01
9.385903616687982787e-01
9.886655727364247470e-01
1.041412371821436311e+00
1.096973292172968684e+00
1.155498471403920924e+00
1.217146057195227726e+00
1.282082634645069330e+00
1.350483676417800760e+00
1.422534016909011489e+00
1.498428351708002371e+00
1.578371763707337783e+00
1.662580277281139995e+00
1.751281442029627211e+00
1.844714947667304594e+00
1.943133271716366073e+00
2.046802361755520216e+00
2.156002354067812821e+00
2.271028330629398351e+00
2.392191116484806201e+00
2.519818119663375100e+00
2.654254215906497905e+00
2.795862680596396199e+00
2.945026170404709820e+00
3.102147757313503451e+00
3.267652017802865849e+00
3.441986180148307373e+00
3.625621332928195883e+00
3.819053698006896091e+00
4.022805971433478511e+00
4.237428735879384512e+00
4.463501948431785493e+00
4.701636507762956718e+00
4.952475904910492943e+00
5.216697962129145161e+00
5.495016664513021176e+00
5.788184089337604199e+00
6.096992438335052000e+00
6.422276178394471735e+00
6.764914296471777000e+00
7.125832674802372146e+00
7.506006592835031910e+00
7.906463362647722093e+00
8.328285104966816732e+00
8.772611673291139667e+00
9.240643734022436107e+00
9.733646010925422587e+00
1.025295070268470710e+01
1.079996108279351219e+01
1.137615529150186156e+01
1.198309033007097568e+01
1.262240626812712030e+01
1.329583067548411357e+01
1.400518329041031151e+01
1.475238093695462105e+01
1.553944270461925470e+01
1.636849540437591344e+01
1.724177931576860345e+01
1.816165424063301614e+01
1.913060587979108718e+01
2.015125254995172099e+01
