0.000000000000000000e+00
3.000000000000000000e+00
2.000000000000000000e+00
8.000000000000000000e+00
4.000000000000000000e+00
9.000000000000000000e+00
1.100000000000000000e+01
1.200000000000000000e+01
2.300000000000000000e+01
3.800000000000000000e+01
3.500000000000000000e+01
5.900000000000000000e+01
5.700000000000000000e+01
9.900000000000000000e+01
1.140000000000000000e+02
1.440000000000000000e+02
1.670000000000000000e+02
2.260000000000000000e+02
2.710000000000000000e+02
3.070000000000000000e+02
3.550000000000000000e+02
4.410000000000000000e+02
5.610000000000000000e+02
6.420000000000000000e+02
7.980000000000000000e+02
9.350000000000000000e+02
1.126000000000000000e+03
1.256000000000000000e+03
1.542000000000000000e+03
1.671000000000000000e+03
1.909000000000000000e+03
2.365000000000000000e+03
2.573000000000000000e+03
2.775000000000000000e+03
3.303000000000000000e+03
3.740000000000000000e+03
4.066000000000000000e+03
4.496000000000000000e+03
5.082000000000000000e+03
5.370000000000000000e+03
5.807000000000000000e+03
6.377000000000000000e+03
6.668000000000000000e+03
7.137000000000000000e+03
7.582000000000000000e+03
7.822000000000000000e+03
8.138000000000000000e+03
8.303000000000000000e+03
8.449000000000000000e+03
8.519000000000000000e+03
8.704000000000000000e+03
8.545000000000000000e+03
8.505000000000000000e+03
8.361000000000000000e+03
7.956000000000000000e+03
7.702000000000000000e+03
7.515000000000000000e+03
7.031000000000000000e+03
6.586000000000000000e+03
6.218000000000000000e+03
5.913000000000000000e+03
5.430000000000000000e+03
4.935000000000000000e+03
4.609000000000000000e+03
4.103000000000000000e+03
3.832000000000000000e+03
3.517000000000000000e+03
2.939000000000000000e+03
2.605000000000000000e+03
2.367000000000000000e+03
2.007000000000000000e+03
1.680000000000000000e+03
1.533000000000000000e+03
1.241000000000000000e+03
1.102000000000000000e+03
9.400000000000000000e+02
7.200000000000000000e+02
6.210000000000000000e+02
4.850000000000000000e+02
3.720000000000000000e+02
2.910000000000000000e+02
2.330000000000000000e+02
1.930000000000000000e+02
1.480000000000000000e+02
1.050000000000000000e+02
7.600000000000000000e+01
4.800000000000000000e+01
4.500000000000000000e+01
3.200000000000000000e+01
2.700000000000000000e+01
9.000000000000000000e+00
1.200000000000000000e+01
4.000000000000000000e+00
2.000000000000000000e+00
4.000000000000000000e+00
1.000000000000000000e+00
1.000000000000000000e+00
0.000000000000000000e+00
1.000000000000000000e+00
0.000000000000000000e+00
