7.408144549018484959e-01
7.772735289626936384e-01
8.155269309724316740e-01
8.556629685162414622e-01
8.977742952240735930e-01
9.419581246606012481e-01
9.883164547417357948e-01
1.036956303195766038e+00
1.087989954612683441e+00
1.141535219652004107e+00
1.197715707007464436e+00
1.256661108756419454e+00
1.318507499752670231e+00
1.383397651753863977e+00
1.451481363008628733e+00
1.522915804064290279e+00
1.597865880593463572e+00
1.676504614077103827e+00
1.759013541222814059e+00
1.845583133040469725e+00
1.936413234542585293e+00
2.031713526084470089e+00
2.131704007409174650e+00
2.236615505514633284e+00
2.346690207515415239e+00
2.462182219729189381e+00
2.583358154278544205e+00
2.710497744562333278e+00
2.843894491017347814e+00
2.983856338661058594e+00
3.130706387979520944e+00
3.284783640801523408e+00
3.446443782880827644e+00
3.616060004993069565e+00
3.794023864442829463e+00
3.980746188969639388e+00
4.176658025139602159e+00
4.382211633411950302e+00
4.597881532177670039e+00
4.824165593180323341e+00
5.061586190847854994e+00
5.310691408188575657e+00
5.572056302035165665e+00
5.846284230557449391e+00
6.134008246108530571e+00
6.435892556619638327e+00
6.752634058917303506e+00
7.084963947502521897e+00
7.433649402505740689e+00
7.799495360714295167e+00
8.183346373760707948e+00
8.586088557761449636e+00
9.008651638906883363e+00
9.452011099724607845e+00
9.917190430970846293e+00
1.040526349434833442e+01
1.091735700150502275e+01
1.145465311503629735e+01
1.201839217749524380e+01
1.260987557471059617e+01
1.323046874002258022e+01
1.388160430637177534e+01
1.456478541351742884e+01
1.528158917802025663e+01
1.603367033399967312e+01
1.682276505307062564e+01
1.765069495227778162e+01
1.851937129927987868e+01
1.943079942449131892e+01
2.038708335036696084e+01
2.139043064851618681e+01
2.244315753585930651e+01
2.354769422159059289e+01
2.470659051729103695e+01
2.592252172314236347e+01
2.719829480382978559e+01
2.853685486839132324e+01
2.994129196897152667e+01
3.141484823417529526e+01
3.296092535348819297e+01
3.458309243004183742e+01
3.628509421985169325e+01
3.807085977654777764e+01
3.994451152155472329e+01
4.191037476065901757e+01
4.397298766893320021e+01
4.613711176706605954e+01
4.840774291328449408e+01
5.079012283624050639e+01
5.328975123548830339e+01
5.591239847748373393e+01
5.866411891641624266e+01
6.155126487062315022e+01
6.458050128685107438e+01
6.775882112621731324e+01
7.109356150738818769e+01
7.459242064424255148e+01
7.826347561711898493e+01
8.211520101867279209e+01
8.615648851738613700e+01
