0.000000000000000000e+00
3.000000000000000000e+00
5.000000000000000000e+00
1.000000000000000000e+00
5.000000000000000000e+00
3.000000000000000000e+00
1.500000000000000000e+01
1.200000000000000000e+01
2.300000000000000000e+01
2.700000000000000000e+01
4.000000000000000000e+01
5.100000000000000000e+01
6.600000000000000000e+01
7.500000000000000000e+01
1.100000000000000000e+02
1.200000000000000000e+02
1.360000000000000000e+02
1.700000000000000000e+02
2.550000000000000000e+02
2.570000000000000000e+02
3.490000000000000000e+02
3.940000000000000000e+02
4.630000000000000000e+02
5.790000000000000000e+02
7.090000000000000000e+02
7.860000000000000000e+02
9.310000000000000000e+02
1.094000000000000000e+03
1.301000000000000000e+03
1.491000000000000000e+03
1.736000000000000000e+03
1.906000000000000000e+03
2.255000000000000000e+03
2.607000000000000000e+03
2.955000000000000000e+03
3.332000000000000000e+03
3.542000000000000000e+03
3.971000000000000000e+03
4.396000000000000000e+03
4.707000000000000000e+03
5.250000000000000000e+03
5.595000000000000000e+03
6.029000000000000000e+03
6.512000000000000000e+03
7.156000000000000000e+03
7.184000000000000000e+03
7.551000000000000000e+03
7.760000000000000000e+03
7.957000000000000000e+03
8.257000000000000000e+03
8.466000000000000000e+03
8.226000000000000000e+03
8.170000000000000000e+03
8.159000000000000000e+03
8.179000000000000000e+03
7.961000000000000000e+03
7.704000000000000000e+03
7.439000000000000000e+03
7.120000000000000000e+03
6.862000000000000000e+03
6.420000000000000000e+03
6.012000000000000000e+03
5.608000000000000000e+03
5.296000000000000000e+03
4.826000000000000000e+03
4.491000000000000000e+03
4.015000000000000000e+03
3.768000000000000000e+03
3.309000000000000000e+03
3.013000000000000000e+03
2.619000000000000000e+03
2.247000000000000000e+03
2.045000000000000000e+03
1.747000000000000000e+03
1.574000000000000000e+03
1.297000000000000000e+03
1.100000000000000000e+03
9.670000000000000000e+02
7.760000000000000000e+02
6.220000000000000000e+02
5.270000000000000000e+02
4.290000000000000000e+02
3.180000000000000000e+02
2.650000000000000000e+02
1.860000000000000000e+02
1.820000000000000000e+02
1.240000000000000000e+02
8.900000000000000000e+01
6.300000000000000000e+01
4.700000000000000000e+01
4.600000000000000000e+01
2.100000000000000000e+01
2.300000000000000000e+01
9.000000000000000000e+00
7.000000000000000000e+00
6.000000000000000000e+00
4.000000000000000000e+00
1.000000000000000000e+00
3.000000000000000000e+00
0.000000000000000000e+00
