0.000000000000000000e+00
1.000000000000000000e+00
2.000000000000000000e+00
0.000000000000000000e+00
3.000000000000000000e+00
3.000000000000000000e+00
9.000000000000000000e+00
4.000000000000000000e+00
1.400000000000000000e+01
1.200000000000000000e+01
1.800000000000000000e+01
2.200000000000000000e+01
3.300000000000000000e+01
5.500000000000000000e+01
9.000000000000000000e+01
9.600000000000000000e+01
1.030000000000000000e+02
1.390000000000000000e+02
1.700000000000000000e+02
2.100000000000000000e+02
2.860000000000000000e+02
3.870000000000000000e+02
3.780000000000000000e+02
5.010000000000000000e+02
6.250000000000000000e+02
6.870000000000000000e+02
8.590000000000000000e+02
9.740000000000000000e+02
1.208000000000000000e+03
1.428000000000000000e+03
1.553000000000000000e+03
1.877000000000000000e+03
2.085000000000000000e+03
2.433000000000000000e+03
2.700000000000000000e+03
3.162000000000000000e+03
3.566000000000000000e+03
3.815000000000000000e+03
4.344000000000000000e+03
4.872000000000000000e+03
5.166000000000000000e+03
5.659000000000000000e+03
6.154000000000000000e+03
6.467000000000000000e+03
7.003000000000000000e+03
7.176000000000000000e+03
7.723000000000000000e+03
7.857000000000000000e+03
7.869000000000000000e+03
8.324000000000000000e+03
8.372000000000000000e+03
8.360000000000000000e+03
8.325000000000000000e+03
7.987000000000000000e+03
7.898000000000000000e+03
7.664000000000000000e+03
7.500000000000000000e+03
7.167000000000000000e+03
6.959000000000000000e+03
6.279000000000000000e+03
5.899000000000000000e+03
5.643000000000000000e+03
5.029000000000000000e+03
4.529000000000000000e+03
4.399000000000000000e+03
3.773000000000000000e+03
3.529000000000000000e+03
3.083000000000000000e+03
2.813000000000000000e+03
2.493000000000000000e+03
2.069000000000000000e+03
1.806000000000000000e+03
1.603000000000000000e+03
1.329000000000000000e+03
1.135000000000000000e+03
9.330000000000000000e+02
7.790000000000000000e+02
6.290000000000000000e+02
5.200000000000000000e+02
4.270000000000000000e+02
3.460000000000000000e+02
2.320000000000000000e+02
2.010000000000000000e+02
1.490000000000000000e+02
1.110000000000000000e+02
8.200000000000000000e+01
6.000000000000000000e+01
4.400000000000000000e+01
3.500000000000000000e+01
1.900000000000000000e+01
8.000000000000000000e+00
1.300000000000000000e+01
5.000000000000000000e+00
0.000000000000000000e+00
2.000000000000000000e+00
2.000000000000000000e+00
0.000000000000000000e+00
1.000000000000000000e+00
1.000000000000000000e+00
1.000000000000000000e+00
