6.670000000000000000e+02
2.085000000000000000e+03
3.130000000000000000e+03
4.281000000000000000e+03
5.022000000000000000e+03
5.778000000000000000e+03
6.308000000000000000e+03
6.709000000000000000e+03
7.118000000000000000e+03
7.543000000000000000e+03
7.623000000000000000e+03
8.050000000000000000e+03
8.475000000000000000e+03
8.608000000000000000e+03
8.917000000000000000e+03
9.096000000000000000e+03
9.296000000000000000e+03
9.682000000000000000e+03
9.502000000000000000e+03
9.875000000000000000e+03
9.937000000000000000e+03
9.599000000000000000e+03
9.452000000000000000e+03
9.491000000000000000e+03
8.957000000000000000e+03
8.698000000000000000e+03
8.083000000000000000e+03
7.531000000000000000e+03
6.696000000000000000e+03
5.894000000000000000e+03
4.904000000000000000e+03
4.056000000000000000e+03
3.351000000000000000e+03
2.601000000000000000e+03
1.938000000000000000e+03
1.254000000000000000e+03
9.730000000000000000e+02
6.810000000000000000e+02
4.290000000000000000e+02
2.860000000000000000e+02
1.470000000000000000e+02
9.100000000000000000e+01
4.000000000000000000e+01
1.800000000000000000e+01
7.000000000000000000e+00
1.000000000000000000e+00
0.000000000000000000e+00
0.000000000000000000e+00
0.000000000000000000e+00
0.000000000000000000e+00
