2.469890148231773386e-01
2.579885973042875813e-01
2.694780429270657862e-01
2.814791676011590416e-01
2.940147588012769209e-01
3.071086188355528490e-01
3.207856100408496003e-01
3.350717019908243666e-01
3.499940208063906377e-01
3.655809006622069979e-01
3.818619375869923838e-01
3.988680456598220903e-01
4.166315157091093346e-01
4.351860766257282243e-01
4.545669594066990560e-01
4.748109640510395080e-01
4.959565294348032283e-01
5.180438062979820790e-01
5.411147334818586785e-01
5.652131175615670022e-01
5.903847160250648152e-01
6.166773241564574848e-01
6.441408657886450451e-01
6.728274880976106154e-01
7.027916606183449710e-01
7.340902786704159855e-01
7.667827713895646324e-01
8.009312145704569064e-01
8.366004485348528252e-01
8.738582012490005990e-01
9.127752169240274105e-01
9.534253903435093713e-01
9.958859071732806267e-01
1.040237390519898941e+00
1.086564054016047276e+00
1.134953861723549728e+00
1.185498695157620741e+00
1.238294527749488561e+00
1.293441607078661182e+00
1.351044645220851548e+00
1.411213017572991335e+00
1.474060970532856896e+00
1.539707838427647468e+00
1.608278270103411289e+00
1.679902465605565665e+00
1.754716423399914182e+00
1.832862198603576909e+00
1.914488172716160230e+00
1.999749335363323555e+00
2.088807578587710712e+00
2.181832004246043955e+00
2.278999245096054338e+00
2.380493800182921671e+00
2.486508385162052637e+00
2.597244298223380099e+00
2.712911802311988918e+00
2.833730524370829063e+00
2.959929872363579406e+00
3.091749470869504801e+00
3.229439616077399489e+00
3.373261751042549328e+00
3.523488962109124323e+00
3.680406497440594116e+00
3.844312308642740650e+00
4.015517616507692011e+00
4.194347501953199497e+00
4.381141523279218575e+00
4.576254360913828201e+00
4.780056490872721220e+00
4.992934888211010502e+00
5.215293761803052597e+00
5.447555321845475973e+00
5.690160581540723683e+00
5.943570194483339897e+00
6.208265329339002214e+00
6.484748583477125905e+00
6.773544937291830159e+00
7.075202751023295988e+00
7.390294805972274617e+00
7.719419392084776455e+00
8.063201443972010551e+00
8.422293727522649931e+00
8.797378079360509417e+00
9.189166701501109813e+00
9.598403513665390463e+00
1.002586556581830202e+01
1.047236451361439258e+01
1.093874815955192759e+01
1.142590206276185150e+01
1.193475122048820936e+01
1.246626182445282005e+01
1.302144309543911582e+01
1.360134919957863353e+01
1.420708124997874933e+01
1.483978939749232673e+01
1.550067501459915142e+01
1.619099297654588909e+01
1.691205404407592994e+01
1.766522735227340135e+01
1.845194301024712047e+01
