0.000000000000000000e+00
1.000000000000000000e+00
2.000000000000000000e+00
1.600000000000000000e+01
3.200000000000000000e+01
9.000000000000000000e+01
1.100000000000000000e+02
2.130000000000000000e+02
2.860000000000000000e+02
4.470000000000000000e+02
5.910000000000000000e+02
7.190000000000000000e+02
8.770000000000000000e+02
1.133000000000000000e+03
1.344000000000000000e+03
1.535000000000000000e+03
1.799000000000000000e+03
1.985000000000000000e+03
2.262000000000000000e+03
2.661000000000000000e+03
2.865000000000000000e+03
3.256000000000000000e+03
3.554000000000000000e+03
3.992000000000000000e+03
4.237000000000000000e+03
4.733000000000000000e+03
5.007000000000000000e+03
5.563000000000000000e+03
6.010000000000000000e+03
6.481000000000000000e+03
6.953000000000000000e+03
7.523000000000000000e+03
8.021000000000000000e+03
8.598000000000000000e+03
9.257000000000000000e+03
9.886000000000000000e+03
1.060300000000000000e+04
1.135200000000000000e+04
1.207000000000000000e+04
1.282800000000000000e+04
1.350200000000000000e+04
1.425200000000000000e+04
1.517400000000000000e+04
1.600400000000000000e+04
1.704000000000000000e+04
1.786900000000000000e+04
1.872700000000000000e+04
1.976700000000000000e+04
2.063900000000000000e+04
2.194200000000000000e+04
2.237300000000000000e+04
2.324000000000000000e+04
2.445400000000000000e+04
2.537100000000000000e+04
2.584200000000000000e+04
2.672800000000000000e+04
2.722700000000000000e+04
2.760600000000000000e+04
2.831800000000000000e+04
2.894500000000000000e+04
2.882900000000000000e+04
2.878000000000000000e+04
2.877600000000000000e+04
2.836300000000000000e+04
2.830000000000000000e+04
2.764800000000000000e+04
2.682800000000000000e+04
2.602000000000000000e+04
2.454800000000000000e+04
2.304200000000000000e+04
2.155200000000000000e+04
1.907600000000000000e+04
1.727300000000000000e+04
1.530300000000000000e+04
1.346500000000000000e+04
1.146100000000000000e+04
9.684000000000000000e+03
8.060000000000000000e+03
6.821000000000000000e+03
5.587000000000000000e+03
4.503000000000000000e+03
3.494000000000000000e+03
2.781000000000000000e+03
2.049000000000000000e+03
1.584000000000000000e+03
1.137000000000000000e+03
8.630000000000000000e+02
5.560000000000000000e+02
4.040000000000000000e+02
2.340000000000000000e+02
1.620000000000000000e+02
1.030000000000000000e+02
6.800000000000000000e+01
4.000000000000000000e+01
2.500000000000000000e+01
2.000000000000000000e+01
3.000000000000000000e+00
4.000000000000000000e+00
2.000000000000000000e+00
0.000000000000000000e+00
