0.000000000000000000e+00
1.000000000000000000e+00
1.000000000000000000e+00
1.000000000000000000e+00
1.000000000000000000e+00
4.000000000000000000e+00
3.000000000000000000e+00
6.000000000000000000e+00
7.000000000000000000e+00
1.800000000000000000e+01
1.900000000000000000e+01
1.800000000000000000e+01
4.500000000000000000e+01
3.700000000000000000e+01
5.800000000000000000e+01
7.900000000000000000e+01
8.500000000000000000e+01
1.280000000000000000e+02
1.530000000000000000e+02
1.710000000000000000e+02
2.440000000000000000e+02
2.750000000000000000e+02
3.450000000000000000e+02
4.530000000000000000e+02
5.640000000000000000e+02
6.580000000000000000e+02
7.640000000000000000e+02
9.230000000000000000e+02
1.047000000000000000e+03
1.241000000000000000e+03
1.508000000000000000e+03
1.747000000000000000e+03
1.979000000000000000e+03
2.290000000000000000e+03
2.675000000000000000e+03
2.988000000000000000e+03
3.545000000000000000e+03
3.825000000000000000e+03
4.364000000000000000e+03
4.781000000000000000e+03
5.326000000000000000e+03
5.876000000000000000e+03
6.438000000000000000e+03
6.776000000000000000e+03
7.544000000000000000e+03
7.774000000000000000e+03
8.329000000000000000e+03
8.737000000000000000e+03
9.104000000000000000e+03
9.298000000000000000e+03
9.553000000000000000e+03
9.495000000000000000e+03
9.675000000000000000e+03
9.499000000000000000e+03
9.427000000000000000e+03
9.127000000000000000e+03
8.890000000000000000e+03
8.492000000000000000e+03
8.110000000000000000e+03
7.728000000000000000e+03
7.419000000000000000e+03
6.774000000000000000e+03
6.337000000000000000e+03
5.885000000000000000e+03
5.570000000000000000e+03
4.990000000000000000e+03
4.503000000000000000e+03
3.958000000000000000e+03
3.628000000000000000e+03
3.169000000000000000e+03
2.779000000000000000e+03
2.457000000000000000e+03
2.009000000000000000e+03
1.778000000000000000e+03
1.483000000000000000e+03
1.254000000000000000e+03
9.980000000000000000e+02
9.090000000000000000e+02
6.710000000000000000e+02
5.900000000000000000e+02
4.700000000000000000e+02
3.790000000000000000e+02
2.810000000000000000e+02
2.210000000000000000e+02
1.510000000000000000e+02
1.040000000000000000e+02
9.600000000000000000e+01
6.400000000000000000e+01
5.000000000000000000e+01
2.900000000000000000e+01
1.400000000000000000e+01
1.300000000000000000e+01
1.100000000000000000e+01
2.000000000000000000e+00
2.000000000000000000e+00
1.000000000000000000e+00
1.000000000000000000e+00
1.000000000000000000e+00
0.000000000000000000e+00
1.000000000000000000e+00
