6.670000000000000000e+02
1.948000000000000000e+03
3.024000000000000000e+03
4.055000000000000000e+03
4.955000000000000000e+03
5.480000000000000000e+03
5.998000000000000000e+03
6.655000000000000000e+03
6.897000000000000000e+03
7.177000000000000000e+03
7.541000000000000000e+03
7.783000000000000000e+03
8.134000000000000000e+03
8.368000000000000000e+03
8.465000000000000000e+03
8.693000000000000000e+03
8.860000000000000000e+03
9.085000000000000000e+03
9.435000000000000000e+03
9.404000000000000000e+03
9.350000000000000000e+03
9.331000000000000000e+03
9.167000000000000000e+03
8.998000000000000000e+03
8.493000000000000000e+03
8.253000000000000000e+03
7.674000000000000000e+03
7.175000000000000000e+03
6.442000000000000000e+03
5.691000000000000000e+03
4.847000000000000000e+03
4.039000000000000000e+03
3.193000000000000000e+03
2.497000000000000000e+03
1.822000000000000000e+03
1.243000000000000000e+03
9.450000000000000000e+02
6.290000000000000000e+02
4.070000000000000000e+02
2.850000000000000000e+02
1.350000000000000000e+02
8.500000000000000000e+01
4.400000000000000000e+01
1.700000000000000000e+01
1.000000000000000000e+00
1.000000000000000000e+00
0.000000000000000000e+00
0.000000000000000000e+00
0.000000000000000000e+00
0.000000000000000000e+00
