0.000000000000000000e+00
2.000000000000000000e+00
2.000000000000000000e+00
4.000000000000000000e+00
4.000000000000000000e+00
6.000000000000000000e+00
1.500000000000000000e+01
1.900000000000000000e+01
1.700000000000000000e+01
3.500000000000000000e+01
3.300000000000000000e+01
6.000000000000000000e+01
6.000000000000000000e+01
9.200000000000000000e+01
1.190000000000000000e+02
1.340000000000000000e+02
1.670000000000000000e+02
2.220000000000000000e+02
2.320000000000000000e+02
2.910000000000000000e+02
3.550000000000000000e+02
4.260000000000000000e+02
5.070000000000000000e+02
6.090000000000000000e+02
7.060000000000000000e+02
8.450000000000000000e+02
1.010000000000000000e+03
1.235000000000000000e+03
1.385000000000000000e+03
1.672000000000000000e+03
1.855000000000000000e+03
2.137000000000000000e+03
2.422000000000000000e+03
2.703000000000000000e+03
3.188000000000000000e+03
3.426000000000000000e+03
3.910000000000000000e+03
4.326000000000000000e+03
4.856000000000000000e+03
5.202000000000000000e+03
5.755000000000000000e+03
6.172000000000000000e+03
6.759000000000000000e+03
7.106000000000000000e+03
7.547000000000000000e+03
7.952000000000000000e+03
8.252000000000000000e+03
8.248000000000000000e+03
8.801000000000000000e+03
8.838000000000000000e+03
8.927000000000000000e+03
8.991000000000000000e+03
8.916000000000000000e+03
8.967000000000000000e+03
8.776000000000000000e+03
8.341000000000000000e+03
8.236000000000000000e+03
7.773000000000000000e+03
7.442000000000000000e+03
7.206000000000000000e+03
6.804000000000000000e+03
6.275000000000000000e+03
5.870000000000000000e+03
5.332000000000000000e+03
4.969000000000000000e+03
4.569000000000000000e+03
4.140000000000000000e+03
3.655000000000000000e+03
3.337000000000000000e+03
3.041000000000000000e+03
2.674000000000000000e+03
2.256000000000000000e+03
1.951000000000000000e+03
1.665000000000000000e+03
1.485000000000000000e+03
1.217000000000000000e+03
1.040000000000000000e+03
8.360000000000000000e+02
6.940000000000000000e+02
5.690000000000000000e+02
4.680000000000000000e+02
3.480000000000000000e+02
3.030000000000000000e+02
2.100000000000000000e+02
1.690000000000000000e+02
1.260000000000000000e+02
1.040000000000000000e+02
5.900000000000000000e+01
5.100000000000000000e+01
4.200000000000000000e+01
2.600000000000000000e+01
1.700000000000000000e+01
9.000000000000000000e+00
4.000000000000000000e+00
7.000000000000000000e+00
5.000000000000000000e+00
2.000000000000000000e+00
1.000000000000000000e+00
3.000000000000000000e+00
0.000000000000000000e+00
