6.250000000000000000e+02
1.905000000000000000e+03
2.944000000000000000e+03
3.986000000000000000e+03
4.730000000000000000e+03
5.447000000000000000e+03
5.790000000000000000e+03
6.338000000000000000e+03
6.718000000000000000e+03
6.940000000000000000e+03
7.142000000000000000e+03
7.570000000000000000e+03
7.908000000000000000e+03
7.942000000000000000e+03
7.959000000000000000e+03
8.330000000000000000e+03
8.650000000000000000e+03
8.743000000000000000e+03
8.878000000000000000e+03
9.004000000000000000e+03
8.920000000000000000e+03
8.885000000000000000e+03
8.943000000000000000e+03
8.647000000000000000e+03
8.262000000000000000e+03
7.874000000000000000e+03
7.482000000000000000e+03
6.845000000000000000e+03
6.236000000000000000e+03
5.426000000000000000e+03
4.769000000000000000e+03
3.906000000000000000e+03
3.073000000000000000e+03
2.498000000000000000e+03
1.795000000000000000e+03
1.209000000000000000e+03
9.020000000000000000e+02
6.670000000000000000e+02
4.420000000000000000e+02
2.560000000000000000e+02
1.460000000000000000e+02
8.400000000000000000e+01
4.200000000000000000e+01
1.700000000000000000e+01
2.000000000000000000e+00
1.000000000000000000e+00
0.000000000000000000e+00
0.000000000000000000e+00
0.000000000000000000e+00
0.000000000000000000e+00
