6.930000000000000000e+02
2.103000000000000000e+03
3.319000000000000000e+03
4.541000000000000000e+03
5.525000000000000000e+03
6.131000000000000000e+03
6.762000000000000000e+03
7.243000000000000000e+03
7.812000000000000000e+03
8.130000000000000000e+03
8.710000000000000000e+03
9.158000000000000000e+03
9.462000000000000000e+03
9.664000000000000000e+03
1.003300000000000000e+04
1.027600000000000000e+04
1.079000000000000000e+04
1.100300000000000000e+04
1.103900000000000000e+04
1.112800000000000000e+04
1.105300000000000000e+04
1.114600000000000000e+04
1.104800000000000000e+04
1.100300000000000000e+04
1.053800000000000000e+04
9.835000000000000000e+03
9.202000000000000000e+03
8.521000000000000000e+03
7.653000000000000000e+03
6.810000000000000000e+03
5.794000000000000000e+03
4.693000000000000000e+03
3.867000000000000000e+03
2.971000000000000000e+03
2.146000000000000000e+03
1.522000000000000000e+03
1.072000000000000000e+03
7.200000000000000000e+02
4.900000000000000000e+02
3.150000000000000000e+02
1.880000000000000000e+02
9.900000000000000000e+01
4.400000000000000000e+01
1.800000000000000000e+01
6.000000000000000000e+00
1.000000000000000000e+00
0.000000000000000000e+00
0.000000000000000000e+00
0.000000000000000000e+00
0.000000000000000000e+00
