6.193523677105764458e-01
6.508313719686772414e-01
6.839103179735810389e-01
7.186705238499713211e-01
7.551974407713843984e-01
7.935808630252220164e-01
8.339151487544596009e-01
8.762994519187019549e-01
9.208379660448167137e-01
9.676401803663599033e-01
1.016821148981460254e+00
1.068501773690837098e+00
1.122809101211250882e+00
1.179876635495030301e+00
1.239844665923449885e+00
1.302860612180760436e+00
1.369079386656674169e+00
1.438663775268203215e+00
1.511784837637025980e+00
1.588622327606139306e+00
1.669365135129556199e+00
1.754211750621344823e+00
1.843370752905524768e+00
1.937061321966346616e+00
2.035513777759452303e+00
2.138970146408478268e+00
2.247684755178986027e+00
2.361924857692343949e+00
2.481971290916533235e+00
2.608119165548952179e+00
2.740678591488395988e+00
2.879975440179647794e+00
3.026352145704741758e+00
3.180168546590238954e+00
3.341802770399927347e+00
3.511652163287549033e+00
3.690134266794665940e+00
3.877687844294954278e+00
4.074773959608212870e+00
4.281877110435668321e+00
4.499506419402895752e+00
4.728196885638301872e+00
4.968510699963945676e+00
5.221038626931798987e+00
5.486401457102970447e+00
5.765251533139977624e+00
6.058274353463711570e+00
6.366190257417345677e+00
6.689756196079853723e+00
7.029767593082312693e+00
7.387060300001462743e+00
7.762512651137477349e+00
8.157047622727196412e+00
8.571635101900847431e+00
9.007294270960022331e+00
9.465096112838205400e+00
9.946166043903035714e+00
1.045168668057251793e+01
1.098290074654638460e+01
1.154111412779948154e+01
1.212769908284722753e+01
1.274409761617504699e+01
1.339182502312458212e+01
1.407247361495119087e+01
1.478771663321001029e+01
1.553931236309334984e+01
1.632910845583123916e+01
1.715904647078092182e+01
1.803116664837111571e+01
1.894761292563446631e+01
1.991063820665771544e+01
2.092260990090619899e+01
2.198601574303738460e+01
2.310346990851036608e+01
2.427771944002544657e+01
2.551165100059173341e+01
2.680829796982409974e+01
2.817084790091418611e+01
2.960265035660703958e+01
3.110722514344657341e+01
3.268827096453212988e+01
3.434967451205727684e+01
3.609552002198308429e+01
3.793009931433405058e+01
3.985792234379902510e+01
4.188372828657345082e+01
4.401249719069797095e+01
4.624946221853340234e+01
4.860012251146768136e+01
5.107025670848042864e+01
5.366593715179764956e+01
5.639354481455843882e+01
5.925978498719057086e+01
6.227170376105667060e+01
6.543670534989296073e+01
6.876257029162178469e+01
7.225747457528377993e+01
7.593000974010918469e+01
7.978920399613804193e+01
8.384454441831047689e+01
