7.743849539278140348e-01
8.126060033306961028e-01
8.527135158034607754e-01
8.948006008491078411e-01
9.389649635440606712e-01
9.853091313602889700e-01
1.033940692182612198e+00
1.084972544073739664e+00
1.138523157366877703e+00
1.194716849694351879e+00
1.253684074590717845e+00
1.315561724340360339e+00
1.380493447772632498e+00
1.448629983742301341e+00
1.520129511069471029e+00
1.595158015751370062e+00
1.673889676298483176e+00
1.756507268089583906e+00
1.843202587684380056e+00
1.934176898078809659e+00
2.029641395936646830e+00
2.129817701882101399e+00
2.234938374991611187e+00
2.345247452679236400e+00
2.461001017228983567e+00
2.582467790289272536e+00
2.709929756709656523e+00
2.843682819168041220e+00
2.984037485108103738e+00
3.131319587581649966e+00
3.285871041669337522e+00
3.448050638235788945e+00
3.618234876861807336e+00
3.796818839887329933e+00
3.984217109594226258e+00
4.180864730658160333e+00
4.387218220103861199e+00
4.603756627108403165e+00
4.830982645112826823e+00
5.069423778823871629e+00
5.319633568815005376e+00
5.582192876569661344e+00
5.857711232949909252e+00
6.146828253221027438e+00
6.450215121916945016e+00
6.768576150993687257e+00
7.102650414888042718e+00
7.453213466277264665e+00
7.821079136522923747e+00
8.207101424978644033e+00
8.612176481547749063e+00
9.037244687093306084e+00
9.483292836530266001e+00
9.951356429667702841e+00
1.044252207511936703e+01
1.095793001286325286e+01
1.149877676130616777e+01
1.206631789499864738e+01
1.266187095944857788e+01
1.328681852980014355e+01
1.394261142047911761e+01
1.463077205325529384e+01
1.535289799154142187e+01
1.611066564913308241e+01
1.690583418199979704e+01
1.774024957216164111e+01
1.861584891313264478e+01
1.953466490687901569e+01
2.049883058273249503e+01
2.151058424921315293e+01
2.257227469025790612e+01
2.368636661791715881e+01
2.485544639417865653e+01
2.608222803520103028e+01
2.736955951189649383e+01
2.872042936148920944e+01
3.013797362539774838e+01
3.162548312954866958e+01
3.318641112402150384e+01
3.482438129976155494e+01
3.654319620097029997e+01
3.834684605270374647e+01
4.023951802417093404e+01
4.222560594923847788e+01
4.430972052670598060e+01
4.649670002403362901e+01
4.879162150936922160e+01
5.119981263795122572e+01
5.372686402024845620e+01
5.637864220055028852e+01
5.916130327613664974e+01
6.208130718864405395e+01
6.514543272080653935e+01
6.836079323338456959e+01
7.173485317881706180e+01
7.527544542993098275e+01
7.899078946393912304e+01
8.288951044393805034e+01
8.698065924220587419e+01
9.127373345178240527e+01
