6.470000000000000000e+02
2.044000000000000000e+03
3.351000000000000000e+03
4.410000000000000000e+03
5.294000000000000000e+03
5.908000000000000000e+03
6.621000000000000000e+03
7.034000000000000000e+03
7.456000000000000000e+03
7.907000000000000000e+03
8.262000000000000000e+03
8.489000000000000000e+03
8.865000000000000000e+03
9.086000000000000000e+03
9.640000000000000000e+03
9.774000000000000000e+03
9.876000000000000000e+03
1.003000000000000000e+04
1.009800000000000000e+04
1.046500000000000000e+04
1.043200000000000000e+04
1.028700000000000000e+04
1.005600000000000000e+04
9.987000000000000000e+03
9.702000000000000000e+03
9.159000000000000000e+03
8.571000000000000000e+03
7.893000000000000000e+03
7.120000000000000000e+03
6.231000000000000000e+03
5.335000000000000000e+03
4.478000000000000000e+03
3.512000000000000000e+03
2.727000000000000000e+03
1.994000000000000000e+03
1.377000000000000000e+03
1.032000000000000000e+03
6.860000000000000000e+02
4.570000000000000000e+02
2.600000000000000000e+02
1.670000000000000000e+02
9.800000000000000000e+01
4.100000000000000000e+01
2.000000000000000000e+01
6.000000000000000000e+00
3.000000000000000000e+00
0.000000000000000000e+00
0.000000000000000000e+00
0.000000000000000000e+00
0.000000000000000000e+00
