8.216095044177046391e-01
8.610658054291898678e-01
9.024169234810550666e-01
9.457538537128467038e-01
9.911719611400641172e-01
1.038771190509499398e+00
1.088656286232496884e+00
1.140937022880106344e+00
1.195728446747348572e+00
1.253151129018162724e+00
1.313331431088141654e+00
1.376401782628906556e+00
1.442500973006018983e+00
1.511774456691706625e+00
1.584374673344479234e+00
1.660461383259986157e+00
1.740202018931290340e+00
1.823772053492185075e+00
1.911355386854329597e+00
2.003144750387918283e+00
2.099342131036401771e+00
2.200159215798548562e+00
2.305817857555942929e+00
2.416550563271006702e+00
2.532601005629838031e+00
2.654224559255768501e+00
2.781688862673600049e+00
2.915274407261149392e+00
3.055275154484121902e+00
3.201999182772565344e+00
3.355769365462386133e+00
3.516924081293776538e+00
3.685817959030030622e+00
3.862822657835329299e+00
4.048327685128745301e+00
4.242741253714194194e+00
4.446491180072502658e+00
4.660025825792303067e+00
4.883815084211445168e+00
5.118351414440058811e+00
5.364150925040700457e+00
5.621754509750256368e+00
5.891729037742828190e+00
6.174668601052824890e+00
6.471195821903285683e+00
6.781963222816252745e+00
7.107654662520213940e+00
7.448986840814377786e+00
7.806710875701321939e+00
8.181613956258564357e+00
8.574521074886279237e+00
8.986296842743069391e+00
9.417847392364715020e+00
9.870122371652756854e+00
1.034411703362070689e+01
1.084087442649657618e+01
1.136148768900101302e+01
1.190710245585211169e+01
1.247891937879004232e+01
1.307819676866950331e+01
1.370625336443364972e+01
1.436447123506315116e+01
1.505429882088586879e+01
1.577725412094011936e+01
1.653492803340500927e+01
1.732898785644911754e+01
1.816118095720079495e+01
1.903333861691437079e+01
1.994738006079315085e+01
2.090531668133768051e+01
2.190925646451224651e+01
2.296140862847034825e+01
2.406408848504614539e+01
2.521972253471056291e+01
2.643085380620298608e+01
2.770014745258942312e+01
2.903039661606094768e+01
3.042452857437840308e+01
3.188561118248917481e+01
3.341685962349046690e+01
3.502164348379580616e+01
3.670349416807298581e+01
3.846611267027149239e+01
4.031337771783879731e+01
4.224935430704837813e+01
4.427830264822076600e+01
4.640468754052314893e+01
4.863318819697602891e+01
5.096870854128859207e+01
5.341638799918019487e+01
5.598161280793612349e+01
5.867002786908341250e+01
6.148754917027068245e+01
6.444037680368528243e+01
6.753500860965708341e+01
7.077825447547063220e+01
7.417725132085269024e+01
7.773947880310954872e+01
8.147277577647562907e+01
8.538535754189244642e+01
