0.000000000000000000e+00
1.000000000000000000e+00
0.000000000000000000e+00
0.000000000000000000e+00
0.000000000000000000e+00
3.000000000000000000e+00
3.000000000000000000e+00
1.200000000000000000e+01
3.000000000000000000e+01
9.600000000000000000e+01
1.310000000000000000e+02
2.170000000000000000e+02
3.230000000000000000e+02
4.940000000000000000e+02
5.990000000000000000e+02
8.360000000000000000e+02
1.066000000000000000e+03
1.257000000000000000e+03
1.506000000000000000e+03
1.803000000000000000e+03
2.092000000000000000e+03
2.443000000000000000e+03
2.759000000000000000e+03
3.058000000000000000e+03
3.453000000000000000e+03
3.870000000000000000e+03
4.069000000000000000e+03
4.745000000000000000e+03
5.001000000000000000e+03
5.512000000000000000e+03
6.075000000000000000e+03
6.532000000000000000e+03
7.069000000000000000e+03
7.658000000000000000e+03
8.567000000000000000e+03
8.830000000000000000e+03
9.547000000000000000e+03
1.027700000000000000e+04
1.108600000000000000e+04
1.171000000000000000e+04
1.259900000000000000e+04
1.353700000000000000e+04
1.451600000000000000e+04
1.498800000000000000e+04
1.622100000000000000e+04
1.721000000000000000e+04
1.822500000000000000e+04
1.916400000000000000e+04
2.014800000000000000e+04
2.168300000000000000e+04
2.227100000000000000e+04
2.371600000000000000e+04
2.443200000000000000e+04
2.552500000000000000e+04
2.651100000000000000e+04
2.774800000000000000e+04
2.847200000000000000e+04
2.930800000000000000e+04
2.982200000000000000e+04
3.065400000000000000e+04
3.108600000000000000e+04
3.133000000000000000e+04
3.152000000000000000e+04
3.147300000000000000e+04
3.133100000000000000e+04
3.079100000000000000e+04
3.024200000000000000e+04
2.914900000000000000e+04
2.833200000000000000e+04
2.643100000000000000e+04
2.457300000000000000e+04
2.251100000000000000e+04
2.024000000000000000e+04
1.773600000000000000e+04
1.536000000000000000e+04
1.304100000000000000e+04
1.098200000000000000e+04
9.233000000000000000e+03
7.636000000000000000e+03
6.135000000000000000e+03
4.992000000000000000e+03
3.782000000000000000e+03
2.948000000000000000e+03
2.192000000000000000e+03
1.590000000000000000e+03
1.168000000000000000e+03
8.030000000000000000e+02
5.340000000000000000e+02
3.500000000000000000e+02
2.460000000000000000e+02
1.310000000000000000e+02
8.800000000000000000e+01
5.400000000000000000e+01
3.500000000000000000e+01
2.300000000000000000e+01
8.000000000000000000e+00
2.000000000000000000e+00
3.000000000000000000e+00
1.000000000000000000e+00
0.000000000000000000e+00
