7.277870102675341180e-01
7.640588446508441711e-01
8.021384139222043075e-01
8.421158129301665740e-01
8.840856267180510208e-01
9.281471543086492471e-01
9.744046436420304991e-01
1.022967538222300243e+00
1.073950736056872746e+00
1.127474861500894043e+00
1.183666550649993709e+00
1.242658750956588953e+00
1.304591035778626784e+00
1.369609934604972157e+00
1.437869279738744233e+00
1.509530570258839077e+00
1.584763354120761525e+00
1.663745629300799278e+00
1.746664264932631827e+00
1.833715443432771819e+00
1.925105124660885014e+00
2.021049533213179039e+00
2.121775670001780245e+00
2.227521849330469372e+00
2.338538262737488882e+00
2.455087570939440855e+00
2.577445525276799820e+00
2.705901620131360819e+00
2.840759777859204416e+00
2.982339067859723247e+00
3.130974461481983884e+00
3.287017624554516626e+00
3.450837749413622646e+00
3.622822428398746908e+00
3.803378570881580600e+00
3.992933365998540651e+00
4.191935293364422499e+00
4.400855184158532829e+00
4.620187335093805636e+00
4.850450677904480479e+00
5.092190007119345552e+00
5.345977269025383727e+00
5.612412914871478087e+00
5.892127321513794591e+00
6.185782282864042081e+00
6.494072575669322944e+00
6.817727603328149755e+00
7.157513121631829733e+00
7.514233050514268264e+00
7.888731376096717263e+00
8.281894147527630423e+00
8.694651573342087048e+00
9.127980222300688951e+00
9.582905333915020307e+00
1.006050324412631802e+01
1.056190393187638321e+01
1.108829369259583508e+01
1.164091794493511500e+01
1.222108417737882391e+01
1.283016504171498262e+01
1.346960160067823153e+01
1.414090673745082860e+01
1.484566873508815732e+01
1.558555503433752243e+01
1.636231617874107869e+01
1.717778995635698536e+01
1.803390574789773382e+01
1.893268909157339408e+01
1.987626647543988412e+01
2.086687036859082056e+01
2.190684450309658970e+01
2.299864941918755790e+01
2.414486828680094632e+01
2.534821301726508125e+01
2.661153067958103335e+01
2.793781023648231354e+01
2.933018961620979326e+01
3.079196313673357110e+01
3.232658929998706299e+01
3.393769897455432272e+01
3.562910398617049879e+01
3.740480613636009366e+01
3.926900667055091532e+01
4.122611621806498761e+01
4.328076522750395583e+01
4.543781492221872753e+01
4.770236880178351413e+01
5.007978471668674558e+01
5.257568754480638518e+01
5.519598249966254144e+01
5.794686910193357221e+01
6.083485584729202600e+01
6.386677560526402431e+01
6.704980178554522752e+01
7.039146531002211304e+01
7.389967243065355262e+01
7.758272343537012716e+01
8.144933228624729793e+01
8.550864723641647913e+01
8.977027247449275649e+01
