7.754020569470664315e-01
8.121488776638329243e-01
8.506371547266228239e-01
8.909494169133266306e-01
9.331721040956699742e-01
9.773957525885603737e-01
1.023715189283261662e+00
1.072229734980669758e+00
1.123043417360687357e+00
1.176265194044360918e+00
1.232009186227078779e+00
1.290394923383804349e+00
1.351547599571052638e+00
1.415598341875188515e+00
1.482684491582669351e+00
1.552949898675131557e+00
1.626545230280798782e+00
1.703628293743603583e+00
1.784364375002774894e+00
1.868926593008456649e+00
1.957496270933320570e+00
2.050263324976144830e+00
2.147426671591052383e+00
2.249194654015614692e+00
2.355785489012411471e+00
2.467427734781961313e+00
2.584360781050369038e+00
2.706835362382545629e+00
2.835114095821686941e+00
2.969472044007848144e+00
3.110197304983078670e+00
3.257591629947818923e+00
3.411971070293180475e+00
3.573666655296531935e+00
3.743025101933504128e+00
3.920409558328485922e+00
4.106200382437725338e+00
4.300795957634732325e+00
4.504613546946835356e+00
4.718090187774566679e+00
4.941683629012397105e+00
5.175873312580252517e+00
5.421161401470461882e+00
5.678073856514526341e+00
5.947161564178606419e+00
6.229001517805960120e+00
6.524198054839271066e+00
6.833384152675766821e+00
7.157222785933754494e+00
7.496408348040943359e+00
7.851668140192795242e+00
8.223763930873561279e+00
8.613493589284114904e+00
9.021692796178982121e+00
9.449236835781089638e+00
9.897042472616556452e+00
1.036606991729393457e+01
1.085732488544302043e+01
1.137186075422818021e+01
1.191078082106026947e+01
1.247524066935040921e+01
1.306645064637840292e+01
1.368567845858902210e+01
1.433425188988108090e+01
1.501356164871809007e+01
1.572506435016529913e+01
1.647028563924757449e+01
1.725082346232518660e+01
1.806835149350234460e+01
1.892462272341548868e+01
1.982147321809667773e+01
2.076082605597199660e+01
2.174469545143693594e+01
2.277519107385078101e+01
2.385452257121102093e+01
2.498500430820774554e+01
2.616906032881747279e+01
2.740922955407779682e+01
2.870817122618784722e+01
3.006867061060846069e+01
3.149364496838857619e+01
3.298614981152426395e+01
3.454938545476323952e+01
3.618670387790396603e+01
3.790161591330347335e+01
3.969779877400611667e+01
4.157910393863539156e+01
4.354956540995584646e+01
4.561340836481402761e+01
4.777505821400562525e+01
5.003915009149596216e+01
5.241053879334084087e+01
5.489430918761967604e+01
5.749578711770195127e+01
6.022055082222717459e+01
6.307444289628492839e+01
6.606358281944345379e+01
6.919438007748973973e+01
7.247354790601777097e+01
7.590811768533451698e+01
