0.000000000000000000e+00
2.000000000000000000e+00
3.000000000000000000e+00
5.000000000000000000e+00
7.000000000000000000e+00
9.000000000000000000e+00
1.100000000000000000e+01
2.200000000000000000e+01
2.900000000000000000e+01
4.700000000000000000e+01
5.100000000000000000e+01
6.300000000000000000e+01
7.200000000000000000e+01
1.240000000000000000e+02
1.220000000000000000e+02
1.400000000000000000e+02
2.170000000000000000e+02
2.230000000000000000e+02
2.640000000000000000e+02
3.110000000000000000e+02
4.160000000000000000e+02
4.690000000000000000e+02
6.150000000000000000e+02
7.320000000000000000e+02
8.580000000000000000e+02
9.780000000000000000e+02
1.166000000000000000e+03
1.304000000000000000e+03
1.481000000000000000e+03
1.802000000000000000e+03
2.087000000000000000e+03
2.382000000000000000e+03
2.636000000000000000e+03
3.110000000000000000e+03
3.352000000000000000e+03
3.759000000000000000e+03
4.229000000000000000e+03
4.531000000000000000e+03
4.965000000000000000e+03
5.438000000000000000e+03
5.810000000000000000e+03
6.280000000000000000e+03
6.763000000000000000e+03
7.122000000000000000e+03
7.299000000000000000e+03
7.691000000000000000e+03
8.018000000000000000e+03
8.049000000000000000e+03
8.283000000000000000e+03
8.254000000000000000e+03
8.177000000000000000e+03
8.166000000000000000e+03
8.073000000000000000e+03
7.685000000000000000e+03
7.548000000000000000e+03
7.332000000000000000e+03
7.059000000000000000e+03
6.592000000000000000e+03
6.168000000000000000e+03
5.910000000000000000e+03
5.600000000000000000e+03
5.098000000000000000e+03
4.567000000000000000e+03
4.287000000000000000e+03
3.874000000000000000e+03
3.582000000000000000e+03
3.098000000000000000e+03
2.783000000000000000e+03
2.515000000000000000e+03
2.209000000000000000e+03
1.812000000000000000e+03
1.573000000000000000e+03
1.348000000000000000e+03
1.204000000000000000e+03
9.810000000000000000e+02
8.180000000000000000e+02
6.950000000000000000e+02
5.800000000000000000e+02
4.680000000000000000e+02
3.740000000000000000e+02
2.780000000000000000e+02
2.170000000000000000e+02
1.660000000000000000e+02
1.320000000000000000e+02
9.200000000000000000e+01
6.400000000000000000e+01
4.800000000000000000e+01
3.500000000000000000e+01
2.400000000000000000e+01
1.700000000000000000e+01
9.000000000000000000e+00
1.000000000000000000e+01
4.000000000000000000e+00
1.000000000000000000e+00
3.000000000000000000e+00
1.000000000000000000e+00
0.000000000000000000e+00
0.000000000000000000e+00
2.000000000000000000e+00
0.000000000000000000e+00
