0.000000000000000000e+00
1.000000000000000000e+00
1.000000000000000000e+00
0.000000000000000000e+00
1.000000000000000000e+00
4.000000000000000000e+00
2.300000000000000000e+01
3.400000000000000000e+01
7.200000000000000000e+01
1.530000000000000000e+02
2.080000000000000000e+02
3.620000000000000000e+02
4.800000000000000000e+02
6.200000000000000000e+02
8.510000000000000000e+02
1.062000000000000000e+03
1.270000000000000000e+03
1.539000000000000000e+03
1.757000000000000000e+03
2.114000000000000000e+03
2.385000000000000000e+03
2.573000000000000000e+03
2.929000000000000000e+03
3.218000000000000000e+03
3.563000000000000000e+03
4.041000000000000000e+03
4.406000000000000000e+03
4.816000000000000000e+03
5.421000000000000000e+03
5.815000000000000000e+03
6.106000000000000000e+03
6.653000000000000000e+03
7.316000000000000000e+03
7.873000000000000000e+03
8.334000000000000000e+03
9.083000000000000000e+03
9.802000000000000000e+03
1.059400000000000000e+04
1.122800000000000000e+04
1.216500000000000000e+04
1.291200000000000000e+04
1.349900000000000000e+04
1.437100000000000000e+04
1.532000000000000000e+04
1.620100000000000000e+04
1.718800000000000000e+04
1.816400000000000000e+04
1.894600000000000000e+04
2.042300000000000000e+04
2.106900000000000000e+04
2.237000000000000000e+04
2.331800000000000000e+04
2.418500000000000000e+04
2.543700000000000000e+04
2.595000000000000000e+04
2.673200000000000000e+04
2.774000000000000000e+04
2.825200000000000000e+04
2.898400000000000000e+04
2.971100000000000000e+04
2.966000000000000000e+04
3.005900000000000000e+04
3.002800000000000000e+04
2.981100000000000000e+04
2.955000000000000000e+04
2.927500000000000000e+04
2.850600000000000000e+04
2.746500000000000000e+04
2.630300000000000000e+04
2.457400000000000000e+04
2.298200000000000000e+04
2.103800000000000000e+04
1.870000000000000000e+04
1.633800000000000000e+04
1.458400000000000000e+04
1.231800000000000000e+04
1.028400000000000000e+04
8.592000000000000000e+03
7.219000000000000000e+03
5.748000000000000000e+03
4.751000000000000000e+03
3.630000000000000000e+03
2.804000000000000000e+03
2.063000000000000000e+03
1.586000000000000000e+03
1.099000000000000000e+03
7.930000000000000000e+02
5.220000000000000000e+02
3.740000000000000000e+02
2.140000000000000000e+02
1.490000000000000000e+02
9.400000000000000000e+01
6.000000000000000000e+01
2.900000000000000000e+01
2.000000000000000000e+01
8.000000000000000000e+00
5.000000000000000000e+00
2.000000000000000000e+00
3.000000000000000000e+00
0.000000000000000000e+00
