7.475090426114818776e-01
7.843384681824112636e-01
8.229824625552722983e-01
8.635304286975536980e-01
9.060761744196947909e-01
9.507181293996651572e-01
9.975595729002448842e-01
1.046708872705830018e+00
1.098279735831544590e+00
1.152391471584674809e+00
1.209169267587017815e+00
1.268744479396726188e+00
1.331254934399684009e+00
1.396845250673474759e+00
1.465667171561625626e+00
1.537879916732173946e+00
1.613650550532724326e+00
1.693154368494191875e+00
1.776575302877404727e+00
1.864106348200801566e+00
1.955950007733681995e+00
2.052318761987972806e+00
2.153435560292369821e+00
2.259534336586105585e+00
2.370860550625645491e+00
2.487671755856380340e+00
2.610238195263100636e+00
2.738843426577746598e+00
2.873784978290855552e+00
3.015375037984391771e+00
3.163941174578414728e+00
3.319827096162508262e+00
3.483393445165218871e+00
3.655018632701117820e+00
3.835099714025762552e+00
4.024053307123921286e+00
4.222316556556211964e+00
4.430348144794018950e+00
4.648629353382424334e+00
4.877665176386133616e+00
5.117985488694376528e+00
5.370146271887651146e+00
5.634730900502352924e+00
5.912351491669069148e+00
6.203650321246939825e+00
6.509301309730282092e+00
6.830011581365171836e+00
7.166523100082965669e+00
7.519614386035521569e+00
7.890102316703305974e+00
8.278844016743281742e+00
8.686738840948713403e+00
9.114730454908498203e+00
9.563809018179618704e+00
1.003501347502349539e+01
1.052943395800585691e+01
1.104821431002086740e+01
1.159255473057424979e+01
1.216371455244748923e+01
1.276301515516706608e+01
1.339184302201894639e+01
1.405165294768076123e+01
1.474397140389255689e+01
1.547040007095257863e+01
1.623261954320822653e+01
1.703239321711484067e+01
1.787157137085734959e+01
1.875209544497299063e+01
1.967600253387833575e+01
2.064543009869179357e+01
2.166262091225469177e+01
2.272992824779124632e+01
2.384982132321146153e+01
2.502489101365225821e+01
2.625785584547296736e+01
2.755156828557206339e+01
2.890902134057577300e+01
3.033335548116559366e+01
3.182786590756423806e+01
3.339601017298874552e+01
3.504141618270755743e+01
3.676789058720751058e+01
3.857942758888823676e+01
4.048021818265836202e+01
4.247465985181162296e+01
4.456736674161427914e+01
4.676318033414055719e+01
4.906718064905223287e+01
5.148469799623547516e+01
5.402132530748481543e+01
5.668293107576320011e+01
5.947567293197372607e+01
6.240601189065245080e+01
6.548072729754004229e+01
6.870693251361328180e+01
7.209209137186161342e+01
7.564403544488149578e+01
7.937098216323710176e+01
8.328155382650436422e+01
8.738479755098032342e+01
