0.000000000000000000e+00
2.000000000000000000e+00
0.000000000000000000e+00
0.000000000000000000e+00
0.000000000000000000e+00
0.000000000000000000e+00
0.000000000000000000e+00
0.000000000000000000e+00
0.000000000000000000e+00
0.000000000000000000e+00
0.000000000000000000e+00
2.000000000000000000e+00
5.000000000000000000e+00
1.700000000000000000e+01
4.600000000000000000e+01
8.600000000000000000e+01
1.670000000000000000e+02
3.120000000000000000e+02
4.520000000000000000e+02
5.970000000000000000e+02
7.660000000000000000e+02
1.019000000000000000e+03
1.228000000000000000e+03
1.474000000000000000e+03
1.844000000000000000e+03
2.070000000000000000e+03
2.500000000000000000e+03
2.751000000000000000e+03
2.983000000000000000e+03
3.509000000000000000e+03
3.929000000000000000e+03
4.209000000000000000e+03
4.689000000000000000e+03
5.018000000000000000e+03
5.541000000000000000e+03
6.279000000000000000e+03
6.653000000000000000e+03
7.353000000000000000e+03
7.864000000000000000e+03
8.631000000000000000e+03
9.246000000000000000e+03
9.837000000000000000e+03
1.071500000000000000e+04
1.155400000000000000e+04
1.239700000000000000e+04
1.315900000000000000e+04
1.403500000000000000e+04
1.515800000000000000e+04
1.605200000000000000e+04
1.707000000000000000e+04
1.794600000000000000e+04
1.908900000000000000e+04
2.014100000000000000e+04
2.125400000000000000e+04
2.225400000000000000e+04
2.321700000000000000e+04
2.406900000000000000e+04
2.536900000000000000e+04
2.630700000000000000e+04
2.711300000000000000e+04
2.758300000000000000e+04
2.800400000000000000e+04
2.897400000000000000e+04
2.923100000000000000e+04
2.940000000000000000e+04
2.932900000000000000e+04
2.927900000000000000e+04
2.917300000000000000e+04
2.828800000000000000e+04
2.764200000000000000e+04
2.680200000000000000e+04
2.562200000000000000e+04
2.403300000000000000e+04
2.211500000000000000e+04
1.964100000000000000e+04
1.770700000000000000e+04
1.524500000000000000e+04
1.297900000000000000e+04
1.102400000000000000e+04
9.088000000000000000e+03
7.400000000000000000e+03
6.086000000000000000e+03
4.683000000000000000e+03
3.570000000000000000e+03
2.656000000000000000e+03
1.929000000000000000e+03
1.472000000000000000e+03
9.750000000000000000e+02
6.500000000000000000e+02
4.480000000000000000e+02
2.440000000000000000e+02
1.750000000000000000e+02
1.010000000000000000e+02
7.200000000000000000e+01
3.500000000000000000e+01
1.300000000000000000e+01
1.200000000000000000e+01
5.000000000000000000e+00
4.000000000000000000e+00
0.000000000000000000e+00
