1.300217503619274517e-01
1.368058187438264683e-01
1.439438554708844242e-01
1.514543293412209113e-01
1.593566727885704637e-01
1.676713321613312879e-01
1.764198206249941447e-01
1.856247738248302526e-01
1.953100084528585634e-01
2.055005838706268628e-01
2.162228669472491538e-01
2.275046002804585743e-01
2.393749739771902085e-01
2.518647011794173940e-01
2.650060975306547939e-01
2.788331647887385967e-01
2.933816788012220123e-01
3.086892820710101515e-01
3.247955811517388436e-01
3.417422491248938710e-01
3.595731334238189136e-01
3.783343692835937078e-01
3.980744991103191688e-01
4.188445980786635325e-01
4.406984062826383997e-01
4.636924677815272844e-01
4.878862769007322187e-01
5.133424321660735590e-01
5.401267982698292336e-01
5.683086764875805441e-01
5.979609839867974230e-01
6.291604424911022564e-01
6.619877767883591835e-01
6.965279235962009707e-01
7.328702513254115036e-01
7.711087913097720570e-01
8.113424811006517690e-01
8.536754204558363313e-01
8.982171406849357442e-01
9.450828880482685657e-01
9.943939219424828835e-01
1.046277828644433416e+00
1.100868851425088613e+00
1.158308237887595959e+00
1.218744605428202288e+00
1.282334325765611682e+00
1.349241929533708806e+00
1.419640531984474485e+00
1.493712280902556477e+00
1.571648827890409938e+00
1.653651824243411061e+00
1.739933442697951582e+00
1.830716926402476741e+00
1.926237166531862499e+00
2.026741310039639643e+00
2.132489399120546025e+00
2.243755044037941904e+00
2.360826131056944277e+00
2.484005567314973906e+00
2.613612064556970260e+00
2.749980963763103858e+00
2.893465102802599720e+00
3.044435729358625053e+00
3.203283461486319705e+00
3.370419298289303089e+00
3.546275683329648043e+00
3.731307623522775785e+00
3.925993866412271327e+00
4.130838138870672971e+00
4.346370450431224164e+00
4.573148464622800446e+00
4.811758941856170146e+00
5.062819257594887823e+00
5.326978999738892107e+00
5.604921649353849844e+00
5.897366349094922633e+00
6.205069763900551649e+00
6.528828038770550179e+00
6.869478858694048284e+00
7.227903616057077762e+00
7.605029691137702663e+00
8.001832851589215423e+00
8.419339777119752455e+00
8.858630715900618569e+00
9.320842279576494249e+00
9.807170384109211270e+00
1.031887334406423662e+01
1.085727512834589881e+01
1.142376878580521193e+01
1.201982004958360761e+01
1.264697112951840730e+01
1.330684470242239570e+01
1.400114811056185360e+01
1.473167777919613108e+01
1.550032386460856770e+01
1.630907514465499375e+01
1.716002416448349877e+01
1.805537265073941811e+01
1.899743720826403504e+01
1.998865531402669760e+01
