2.134197358629842112e-01
2.230939445327433657e-01
2.332066801878705242e-01
2.437778210347865959e-01
2.548281463489543430e-01
2.663793773198820380e-01
2.784542197476108094e-01
2.910764086746123191e-01
3.042707550408271233e-01
3.180631944535528000e-01
3.324808381680464664e-01
3.475520263790518039e-01
3.633063839280049057e-01
3.797748785354182477e-01
3.969898816729106605e-01
4.149852321945342037e-01
4.337963028524783882e-01
4.534600698278959396e-01
4.740151854135276621e-01
4.955020539909916200e-01
5.179629114520870603e-01
5.414419082202229783e-01
5.659851960351691691e-01
5.916410186717130371e-01
6.184598067705493474e-01
6.464942769678059253e-01
6.757995355180597130e-01
7.064331866145323602e-01
7.384554456193856975e-01
7.719292574266889417e-01
8.069204201907190788e-01
8.434977146628029887e-01
8.817330393909326158e-01
9.217015520479118207e-01
9.634818171658336983e-01
1.007155960567290398e+00
1.052809830796869184e+00
1.100533167870257678e+00
1.150419779672659848e+00
1.202567726353264588e+00
1.257079513078219746e+00
1.314062291521003623e+00
1.373628070486251351e+00
1.435893936081052757e+00
1.500982281866505286e+00
1.569021049441919224e+00
1.640143979934582275e+00
1.714490876889431137e+00
1.792207881075375431e+00
1.873447757748454956e+00
1.958370196936490393e+00
2.047142127335486173e+00
2.139938044434795739e+00
2.236940353516039259e+00
2.338339728199982925e+00
2.444335485246170503e+00
2.555135976342034709e+00
2.670958997651606825e+00
2.792032217928860582e+00
2.918593626037223387e+00
3.050891998754917456e+00
3.189187389785681059e+00
3.333751640936093885e+00
3.484868916464318733e+00
3.642836261650600704e+00
3.807964186687478048e+00
3.980577277037449679e+00
4.161014831457837460e+00
4.349631528947000447e+00
4.546798125922884459e+00
4.752902185004315605e+00
4.968348836827582993e+00
5.193561576395785195e+00
5.428983095526294989e+00
5.675076153032630799e+00
5.932324484351243932e+00
6.201233752401222432e+00
6.482332541545997806e+00
6.776173396610812638e+00
7.083333908998334039e+00
7.404417852037340708e+00
7.740056367796195325e+00
8.090909207693956162e+00
8.457666029347780778e+00
8.841047752205751564e+00
9.241807974629855593e+00
9.660734455214633698e+00
1.009865066125323452e+01
1.055641738739465829e+01
1.103493444767390841e+01
1.153514244424104263e+01
1.205802461626577937e+01
1.260460877265203550e+01
1.317596931236143476e+01
1.377322933631704949e+01
1.439756285503868405e+01
1.505019709634914804e+01
1.573241491768765954e+01
1.644555732777223156e+01
1.719102612256774876e+01
