9.802263249159451353e-02
1.033712929312269879e-01
1.090118060560129470e-01
1.149600969729568378e-01
1.212329597515431345e-01
1.278481048391660047e-01
1.348242090638088753e-01
1.421809683651484579e-01
1.499391534029611839e-01
1.581206681998339747e-01
1.667486119837475467e-01
1.758473444051357470e-01
1.854425543125500231e-01
1.955613322811072807e-01
2.062322470984936928e-01
2.174854264244702462e-01
2.293526418516106113e-01
2.418673986074251214e-01
2.550650301511329654e-01
2.689827979321605111e-01
2.836599965920186817e-01
2.991380649065797370e-01
3.154607027819829601e-01
3.326739946344877685e-01
3.508265395026187727e-01
3.699695882589528750e-01
3.901571883089459680e-01
4.114463361853329393e-01
4.338971384689271349e-01
4.575729814901547399e-01
4.825407102904492040e-01
5.088708173487755948e-01
5.366376416061248156e-01
5.659195783498913723e-01
5.967993005507116200e-01
6.293639922766723904e-01
6.637055948438962405e-01
6.999210663984749559e-01
7.381126556626370627e-01
7.783881906180294408e-01
8.208613829411671725e-01
8.656521490505746375e-01
9.128869486720462278e-01
9.626991418779129450e-01
1.015229365608356416e+00
1.070625930737824749e+00
1.129045240807599937e+00
1.190652233606745325e+00
1.255620846848167105e+00
1.324134509254555336e+00
1.396386658440706530e+00
1.472581287054387511e+00
1.552933518717684924e+00
1.637670215394921636e+00
1.727030617901947673e+00
1.821267021365181149e+00
1.920645487537455454e+00
2.025446595981784004e+00
2.135966236243893146e+00
2.252516443250096589e+00
2.375426278289127779e+00
2.505042758065243458e+00
2.641731834445641969e+00
2.785879427668347397e+00
2.937892515927667425e+00
3.098200284413502370e+00
3.267255337048631691e+00
3.445534974345136003e+00
3.633542540987769964e+00
3.831808846948992375e+00
4.040893666147937324e+00
4.261387316884568399e+00
4.493912328511108001e+00
4.739125199046339887e+00
4.997718248695133703e+00
5.270421574506313434e+00
5.558005111687531752e+00
5.861280807396961556e+00
6.181104913149164659e+00
6.518380402307381694e+00
6.874059519487658143e+00
7.249146469072647037e+00
7.644700250425694676e+00
8.061837647809980467e+00
8.501736383454305823e+00
8.965638442667675179e+00
9.454853580390656376e+00
9.970763019083699774e+00
1.051482334839281485e+01
1.108857063760272865e+01
1.169362477248837351e+01
1.233169402880913346e+01
1.300457989535836312e+01
1.371418216018539304e+01
1.446250427435006891e+01
1.525165900835361477e+01
1.608387441721585276e+01
1.696150013104021781e+01
1.788701398882703231e+01
1.886302903426458144e+01
