6.240000000000000000e+02
1.873000000000000000e+03
2.884000000000000000e+03
3.811000000000000000e+03
4.557000000000000000e+03
5.138000000000000000e+03
5.805000000000000000e+03
5.976000000000000000e+03
6.443000000000000000e+03
6.637000000000000000e+03
6.783000000000000000e+03
7.142000000000000000e+03
7.334000000000000000e+03
7.664000000000000000e+03
7.837000000000000000e+03
7.984000000000000000e+03
8.086000000000000000e+03
8.394000000000000000e+03
8.481000000000000000e+03
8.478000000000000000e+03
8.442000000000000000e+03
8.479000000000000000e+03
8.572000000000000000e+03
8.275000000000000000e+03
7.963000000000000000e+03
7.517000000000000000e+03
7.161000000000000000e+03
6.534000000000000000e+03
5.845000000000000000e+03
5.360000000000000000e+03
4.339000000000000000e+03
3.800000000000000000e+03
2.977000000000000000e+03
2.287000000000000000e+03
1.693000000000000000e+03
1.259000000000000000e+03
7.660000000000000000e+02
5.800000000000000000e+02
4.080000000000000000e+02
2.400000000000000000e+02
1.510000000000000000e+02
8.600000000000000000e+01
3.100000000000000000e+01
1.200000000000000000e+01
2.000000000000000000e+00
1.000000000000000000e+00
0.000000000000000000e+00
0.000000000000000000e+00
0.000000000000000000e+00
0.000000000000000000e+00
