1.898503066044028853e-01
1.989339304580213519e-01
2.084521715834778688e-01
2.184258247842588707e-01
2.288766798170658867e-01
2.398275689965889412e-01
2.513024170779890598e-01
2.633262935260698434e-01
2.759254672853335144e-01
2.891274641705771087e-01
3.029611270034143766e-01
3.174566786261027729e-01
3.326457879303469922e-01
3.485616390453313840e-01
3.652390038361402191e-01
3.827143178709549454e-01
4.010257600229968911e-01
4.202133358811223629e-01
4.403189651513035319e-01
4.613865732399397568e-01
4.834621872190872915e-01
5.065940363832646121e-01
5.308326576175227407e-01
5.562310058069819263e-01
5.828445695290502826e-01
6.107314922810797020e-01
6.399526995083097969e-01
6.705720317096219851e-01
7.026563839119042143e-01
7.362758518177383582e-01
7.715038849457067638e-01
8.084174470978873206e-01
8.470971845051135096e-01
8.876276020173561321e-01
9.300972477241491454e-01
9.745989064084129572e-01
1.021229802256313768e+00
1.070091811266028925e+00
1.121291683819473972e+00
1.174941277903249759e+00
1.231157803488336144e+00
1.290064078602436215e+00
1.351788797654418284e+00
1.416466812597076963e+00
1.484239427542473733e+00
1.555254707473515907e+00
1.629667801726223608e+00
1.707641282949408534e+00
1.789345502282300160e+00
1.874958961526086654e+00
1.964668703122464333e+00
2.058670718791197896e+00
2.157170377719448862e+00
2.260382875238360345e+00
2.368533702967125176e+00
2.481859141451681516e+00
2.600606776374324802e+00
2.725036039462003679e+00
2.855418775275047061e+00
2.992039835114604251e+00
3.135197699346325084e+00
3.285205129499886301e+00
3.442389851569030323e+00
3.607095272004950726e+00
3.779681227967261581e+00
3.960524773471659987e+00
4.150021003151805665e+00
4.348583915435105141e+00
4.556647317018211574e+00
4.774665770618292449e+00
5.003115588070619069e+00
5.242495870942150304e+00
5.493329600934567125e+00
5.756164782459000762e+00
6.031575639878657746e+00
6.320163872035008623e+00
6.622559966798351461e+00
6.939424578514671538e+00
7.271449971358152631e+00
7.619361531742697480e+00
7.983919353096650795e+00
8.365919896463026362e+00
8.766197730553235701e+00
9.185627355055844490e+00
9.625125111183779225e+00
1.008565118363407898e+01
1.056821169833387231e+01
1.107386092055561022e+01
1.160370355820389676e+01
1.215889717530587788e+01
1.274065472097813689e+01
1.335024717939511163e+01
1.398900634654855857e+01
1.465832773986456239e+01
1.535967364703468796e+01
1.609457632072235000e+01
1.686464132612385569e+01
1.767155104869760152e+01
1.851706836972499914e+01
1.940304051773319216e+01
