1.552755577748053673e-01
1.628957859858956858e-01
1.708899808329539527e-01
1.792764949218265957e-01
1.880745815219724837e-01
1.973044387669952437e-01
2.069872560243392057e-01
2.171452625406022352e-01
2.278017784741421525e-01
2.389812684321351577e-01
2.507093976349927811e-01
2.630130908370765241e-01
2.759205941389771266e-01
2.894615398332632816e-01
3.036670144325693266e-01
3.185696300361958722e-01
3.342035991990638388e-01
3.506048134749004119e-01
3.678109258139732884e-01
3.858614370045352349e-01
4.047977863564286016e-01
4.246634468350327096e-01
4.455040248639609013e-01
4.673673650256245926e-01
4.903036599000332174e-01
5.143655652939889134e-01
5.396083211252138412e-01
5.660898782389286454e-01
5.938710314480198926e-01
6.230155591022221717e-01
6.535903695067305508e-01
6.856656545263813962e-01
7.193150507280380301e-01
7.546158084311221925e-01
7.916489690543879743e-01
8.304995511660797636e-01
8.712567456645977648e-01
9.140141205377561029e-01
9.588698356707068271e-01
1.005926868195674118e+00
1.055293248900842418e+00
1.107082310241133793e+00
1.161412946520241629e+00
1.218409886841231859e+00
1.278203981452337601e+00
1.340932502145318672e+00
1.406739457396029014e+00
1.475775922970667287e+00
1.548200388756702628e+00
1.624179122614704873e+00
1.703886552086394168e+00
1.787505664835206565e+00
1.875228428738690001e+00
1.967256232597152099e+00
2.063800348470310464e+00
2.165082416703352663e+00
2.271334954755902746e+00
2.382801891002032324e+00
2.499739124726780393e+00
2.622415113604793735e+00
2.751111490009781502e+00
2.886123707569683727e+00
3.027761719451858013e+00
3.176350689935466765e+00
3.332231740904647133e+00
3.495762734976222585e+00
3.667319097059801081e+00
3.847294676236369337e+00
4.036102649934022679e+00
4.234176472476582020e+00
4.441970870182724518e+00
4.659962885300121371e+00
4.888652971171186579e+00
5.128566141144637491e+00
5.380253173870493733e+00
5.644291877745549968e+00
5.921288417412164051e+00
6.211878705355653452e+00
6.516729861795054646e+00
6.836541746218777860e+00
7.172048564081170419e+00
7.524020552348528845e+00
7.893265747764162121e+00
8.280631841891983314e+00
8.687008127197310969e+00
9.113327538632590930e+00
9.560568795415004928e+00
1.002975864791290839e+01
1.052197423479940319e+01
1.103834555588439059e+01
1.158005806630218082e+01
1.214835539801022790e+01
1.274454221484669780e+01
1.336998720770161064e+01
1.402612623667746838e+01
1.471446562745301812e+01
1.543658562941786982e+01
1.619414404351675429e+01
1.698888002813216858e+01
1.782261809174263334e+01
