0.000000000000000000e+00
4.000000000000000000e+00
7.000000000000000000e+00
3.500000000000000000e+01
5.800000000000000000e+01
1.160000000000000000e+02
1.690000000000000000e+02
3.050000000000000000e+02
4.190000000000000000e+02
5.580000000000000000e+02
6.800000000000000000e+02
8.920000000000000000e+02
1.089000000000000000e+03
1.289000000000000000e+03
1.504000000000000000e+03
1.776000000000000000e+03
1.976000000000000000e+03
2.232000000000000000e+03
2.589000000000000000e+03
2.929000000000000000e+03
3.247000000000000000e+03
3.566000000000000000e+03
3.845000000000000000e+03
4.279000000000000000e+03
4.677000000000000000e+03
5.060000000000000000e+03
5.561000000000000000e+03
5.892000000000000000e+03
6.405000000000000000e+03
7.053000000000000000e+03
7.497000000000000000e+03
8.140000000000000000e+03
8.706000000000000000e+03
9.279000000000000000e+03
9.865000000000000000e+03
1.061800000000000000e+04
1.132400000000000000e+04
1.207600000000000000e+04
1.256000000000000000e+04
1.368400000000000000e+04
1.436300000000000000e+04
1.513200000000000000e+04
1.633700000000000000e+04
1.709400000000000000e+04
1.799500000000000000e+04
1.884500000000000000e+04
1.968000000000000000e+04
2.080000000000000000e+04
2.191500000000000000e+04
2.283400000000000000e+04
2.375800000000000000e+04
2.485100000000000000e+04
2.547500000000000000e+04
2.647200000000000000e+04
2.718200000000000000e+04
2.758100000000000000e+04
2.857900000000000000e+04
2.903700000000000000e+04
2.931500000000000000e+04
2.959300000000000000e+04
2.999000000000000000e+04
2.969500000000000000e+04
2.955000000000000000e+04
2.935400000000000000e+04
2.875600000000000000e+04
2.796900000000000000e+04
2.716600000000000000e+04
2.576200000000000000e+04
2.415400000000000000e+04
2.237200000000000000e+04
2.037800000000000000e+04
1.807600000000000000e+04
1.609200000000000000e+04
1.371900000000000000e+04
1.210100000000000000e+04
9.915000000000000000e+03
8.540000000000000000e+03
7.054000000000000000e+03
5.691000000000000000e+03
4.705000000000000000e+03
3.623000000000000000e+03
2.788000000000000000e+03
2.125000000000000000e+03
1.510000000000000000e+03
1.178000000000000000e+03
8.480000000000000000e+02
5.790000000000000000e+02
3.860000000000000000e+02
2.930000000000000000e+02
1.670000000000000000e+02
1.060000000000000000e+02
6.700000000000000000e+01
4.500000000000000000e+01
2.500000000000000000e+01
1.500000000000000000e+01
7.000000000000000000e+00
1.000000000000000000e+00
2.000000000000000000e+00
2.000000000000000000e+00
0.000000000000000000e+00
