1.869775894159051918e-02
2.003093034835702960e-02
2.145915838759869521e-02
2.298922070495931780e-02
2.462837819989970034e-02
2.638440948224251084e-02
2.826564778550800031e-02
3.028102051221226790e-02
3.244009159879017445e-02
3.475310690118527113e-02
3.723104281648372677e-02
3.988565837132591885e-02
4.272955102428070695e-02
4.577621644699239600e-02
4.904011256779102629e-02
5.253672818168494268e-02
5.628265645232338049e-02
6.029567365473242208e-02
6.459482353249719477e-02
6.920050766970690936e-02
7.413458230652175684e-02
7.942046205779990098e-02
8.508323102697971929e-02
9.114976184250801750e-02
9.764884318170041766e-02
1.046113163871976309e-01
1.120702218243298381e-01
1.200609556739271055e-01
1.286214379046347611e-01
1.377922922218456636e-01
1.476170388471946260e-01
1.581423010434501453e-01
1.694180263648642493e-01
1.814977236829236340e-01
1.944387171123051761e-01
2.083024180420400828e-01
2.231546165628084111e-01
2.390657936733297795e-01
2.561114557474239994e-01
2.743724928489520432e-01
2.939355625950184070e-01
3.148935013890551415e-01
3.373457649752904519e-01
3.613989004052510778e-01
3.871670516560103414e-01
4.147725012995909233e-01
4.443462507940104111e-01
4.760286421497352816e-01
5.099700239216584663e-01
5.463314646870593982e-01
5.852855173953513956e-01
6.270170382168328560e-01
6.717240637762821320e-01
7.196187509343019428e-01
7.709283835761395753e-01
8.258964511856905499e-01
8.847838043230518146e-01
9.478698924889338295e-01
1.015454090250208274e+00
1.087857117919711625e+00
1.165422563532126921e+00
1.248518513338472635e+00
1.337539298556698064e+00
1.432907366667573124e+00
1.535075286136097672e+00
1.644527894071820429e+00
1.761784597019772747e+00
1.887401835800401884e+00
2.021975726095389003e+00
2.166144887310225808e+00
2.320593473137903207e+00
2.486054418205219996e+00
2.663312916208662617e+00
2.853210146045304985e+00
3.056647263621071975e+00
3.274589678279460347e+00
3.508071634144464213e+00
3.758201118118452921e+00
4.026165117825855511e+00
4.313235254454195200e+00
4.620773817223069457e+00
4.950240228117610108e+00
5.303197967564770465e+00
5.681321993918177604e+00
6.086406691960664972e+00
6.520374388144048794e+00
6.985284472975149761e+00
7.483343173838283846e+00
8.016914024631056179e+00
8.588529081897078754e+00
9.200900940681661311e+00
9.856935607131608990e+00
1.055974628892600897e+01
1.131266816898033412e+01
1.211927423253242608e+01
1.298339222271761706e+01
1.390912280509560439e+01
1.490085902732866785e+01
1.596330716635699964e+01
1.710150906200127707e+01
