6.538376318778932328e-01
6.873238140299843257e-01
7.225249852565073239e-01
7.595289784287063695e-01
7.984281247632587508e-01
8.393194842042646098e-01
8.823050876042107804e-01
9.274921913081911606e-01
9.749935447766138186e-01
1.024927671914159788e+00
1.077419166806955708e+00
1.132599004605875370e+00
1.190604868331676336e+00
1.251581492417404462e+00
1.315681023845265418e+00
1.383063401779058177e+00
1.453896756639418308e+00
1.528357829617631669e+00
1.606632413674776494e+00
1.688915817126559915e+00
1.775413350970573401e+00
1.866340841171929554e+00
1.961925167185519348e+00
2.062404828058595818e+00
2.168030537526202117e+00
2.279065849584313685e+00
2.395787816101595968e+00
2.518487678110641781e+00
2.647471592503565230e+00
2.783061395945189975e+00
2.925595407909918677e+00
3.075429274845996819e+00
3.232936857573506906e+00
3.398511164130296081e+00
3.572565330393450811e+00
3.755533650923129851e+00
3.947872662600887761e+00
4.150062283766351001e+00
4.362607011694578318e+00
4.586037181402026874e+00
4.820910288922045872e+00
5.067812382351690736e+00
5.327359524140776514e+00
5.600199328271798116e+00
5.887012576166267941e+00
6.188514915349416334e+00
6.505458645111706240e+00
6.838634593622711755e+00
7.188874091181041592e+00
7.557051044523936945e+00
7.944084117372271159e+00
8.350939022651784782e+00
8.778630932110043972e+00
9.228227009341521736e+00
9.700849072541103624e+00
1.019767639363008271e+01
1.071994864073890064e+01
1.126896897138864695e+01
1.184610728408927116e+01
1.245280363646794797e+01
1.309057183845614425e+01
1.376100322950132160e+01
1.446577064922770361e+01
1.520663261145394785e+01
1.598543769198220943e+01
1.680412914110728906e+01
1.766474973235441936e+01
1.856944685954454854e+01
1.952047789490472596e+01
2.052021582159342472e+01
2.157115515469442713e+01
2.267591816545368388e+01
2.383726142428907124e+01
2.505808267889963048e+01
2.634142808463561636e+01
2.769049980517104004e+01
2.910866400244314889e+01
3.059945923579529392e+01
3.216660529128066770e+01
3.381401246315692788e+01
3.554579131073146669e+01
3.736626291490130569e+01
3.927996965998048751e+01
4.129168656771630452e+01
4.340643321177584824e+01
4.562948624243031048e+01
4.796639255268949853e+01
5.042298311873696548e+01
5.300538754920141571e+01
5.572004937956575077e+01
5.857374214987745376e+01
6.157358630587533099e+01
6.472706696570544693e+01
6.804205259655545035e+01
7.152681464781029774e+01
7.519004818971622228e+01
7.904089360905048522e+01
8.308895941593112866e+01
8.734434621867359283e+01
9.181767192651544462e+01
