6.930000000000000000e+02
2.067000000000000000e+03
3.391000000000000000e+03
4.569000000000000000e+03
5.431000000000000000e+03
6.129000000000000000e+03
6.838000000000000000e+03
7.178000000000000000e+03
7.765000000000000000e+03
8.194000000000000000e+03
8.636000000000000000e+03
9.042000000000000000e+03
8.939000000000000000e+03
9.497000000000000000e+03
1.006500000000000000e+04
9.941000000000000000e+03
1.048700000000000000e+04
1.050500000000000000e+04
1.065500000000000000e+04
1.091900000000000000e+04
1.081000000000000000e+04
1.073700000000000000e+04
1.062800000000000000e+04
1.036400000000000000e+04
1.031100000000000000e+04
9.568000000000000000e+03
8.955000000000000000e+03
8.186000000000000000e+03
7.475000000000000000e+03
6.556000000000000000e+03
5.616000000000000000e+03
4.599000000000000000e+03
3.603000000000000000e+03
2.845000000000000000e+03
2.059000000000000000e+03
1.414000000000000000e+03
1.104000000000000000e+03
7.300000000000000000e+02
4.820000000000000000e+02
3.210000000000000000e+02
1.530000000000000000e+02
9.400000000000000000e+01
5.000000000000000000e+01
1.900000000000000000e+01
6.000000000000000000e+00
1.000000000000000000e+00
0.000000000000000000e+00
0.000000000000000000e+00
0.000000000000000000e+00
0.000000000000000000e+00
