7.770324941453174983e-01
8.152891075126823539e-01
8.554292566103640638e-01
8.975456759105261417e-01
9.417356655976724111e-01
9.881013163580771863e-01
1.036749745236555498e+00
1.087793343105464494e+00
1.141350034317654805e+00
1.197543549143243347e+00
1.256503709619604336e+00
1.318366729474970800e+00
1.383275528818552536e+00
1.451380064324182984e+00
1.522837675670314361e+00
1.597813449036724398e+00
1.676480598497712027e+00
1.759020866192901433e+00
1.845624942200157603e+00
1.936492905080628324e+00
2.031834684113693612e+00
2.131870544289706348e+00
2.236831595180986287e+00
2.346960324866699032e+00
2.462511160145124833e+00
2.583751054327561469e+00
2.710960103971816082e+00
2.844432195980113764e+00
2.984475686556383511e+00
3.131414113591502346e+00
3.285586944122287800e+00
3.447350358591078745e+00
3.617078073717753472e+00
3.795162205885221240e+00
3.982014177033077029e+00
4.178065665152220554e+00
4.383769601576398500e+00
4.599601217374633677e+00
4.826059141261986873e+00
5.063666551565177087e+00
5.312972384904312229e+00
5.574552604383213428e+00
5.849011530218098720e+00
6.136983235878793685e+00
6.439133012967920067e+00
6.756158908222279713e+00
7.088793336187400485e+00
7.437804771290852379e+00
7.803999523223582813e+00
8.188223599730774183e+00
8.591364661115845180e+00
9.014354070972984800e+00
9.458169047885968794e+00
9.923834923064260849e+00
1.041242750913212411e+01
1.092507558554330416e+01
1.146296350636325911e+01
1.202733393644354543e+01
1.261949072230977187e+01
1.324080190439550009e+01
1.389270287758130173e+01
1.457669970734053599e+01
1.529437260915308094e+01
1.604737959922543666e+01
1.683746032495128730e+01
1.766644008396190202e+01
1.853623404105149319e+01
1.944885165271971061e+01
2.040640130955321041e+01
2.141109520717142445e+01
2.246525445698962997e+01
2.357131444860664615e+01
2.473183047620572594e+01
2.594948364196697455e+01
2.722708705013001307e+01
2.856759230601653954e+01
2.997409633502743276e+01
3.144984853736820796e+01
3.299825829503178198e+01
3.462290284838217502e+01
3.632753556053575750e+01
3.811609458863312483e+01
3.999271198203460642e+01
4.196172322845866631e+01
4.402767727011716659e+01
4.619534701298765356e+01
4.846974035350169885e+01
5.085611174812407853e+01
5.335997435255155352e+01
5.598711275857593250e+01
5.874359635803698154e+01
6.163579336473988235e+01
6.467038552673079721e+01
6.785438356292084450e+01
7.119514335972039021e+01
7.470038296510237785e+01
7.837820041935614768e+01
8.223709246372462189e+01
8.628597417014728421e+01
9.053419953745913062e+01
