2.425979115666318520e-01
2.536879841898851407e-01
2.652850261847821134e-01
2.774122130482305493e-01
2.900937797171887489e-01
3.033550689996977745e-01
3.172225822198790346e-01
3.317240321781080858e-01
3.468883985321983832e-01
3.627459857102705021e-01
3.793284834710377584e-01
3.966690302325332484e-01
4.148022792958335203e-01
4.337644680961202925e-01
4.535934906194718508e-01
4.743289731301003065e-01
4.960123533593696621e-01
5.186869633148445402e-01
5.423981158748548692e-01
5.671931953416281535e-01
5.931217521339484655e-01
6.202356018085778411e-01
6.485889286083226235e-01
6.782383937436756716e-01
7.092432486244237833e-01
7.416654532675027722e-01
7.755698001177250278e-01
8.110240435288236238e-01
8.480990351635672164e-01
8.868688655835280654e-01
9.274110123114570614e-01
9.698064946621531845e-01
1.014140035651239113e+00
1.060500231305404162e+00
1.108979727712460006e+00
1.159675406165029399e+00
1.212688576767854132e+00
1.268125180895632198e+00
1.326096002905969184e+00
1.386716891530534790e+00
1.450108991386850787e+00
1.516398985073361461e+00
1.585719346331591506e+00
1.658208604781307827e+00
1.734011622757731130e+00
1.813279884804029241e+00
1.896171800397613127e+00
1.982853020515201070e+00
2.073496768669277124e+00
2.168284187077482272e+00
2.267404698656727113e+00
2.371056385565426083e+00
2.479446385050342094e+00
2.592791303389090807e+00
2.711317648755533938e+00
2.835262283873089206e+00
2.964872899360548431e+00
3.100408508716332001e+00
3.242139965930350698e+00
3.390350506757878968e+00
3.545336314737109085e+00
3.707407113081523153e+00
3.876886783629911015e+00
4.054114014090950846e+00
4.239442974875793801e+00
4.433244026871247634e+00
4.635904461567950108e+00
4.847829275022625062e+00
5.069441977201091909e+00
5.301185438319417464e+00
5.543522773874539844e+00
5.796938270133011883e+00
6.061938351927341984e+00
6.339052594693994180e+00
6.628834782775482992e+00
6.931864016101489945e+00
7.248745867460573145e+00
7.580113592675161271e+00
7.926629396098256564e+00
8.288985753960798064e+00
8.667906798214259467e+00
9.064149763633951196e+00
9.478506501074928536e+00
9.911805059904555293e+00
1.036491134277409998e+01
1.083873083603620024e+01
1.133421041926633244e+01
1.185234025750434128e+01
1.239415577999752749e+01
1.296073974939964479e+01
1.355322442556079743e+01
1.417279382823241285e+01
1.482068610320907531e+01
1.549819599663568859e+01
1.620667744242462405e+01
1.694754626795350561e+01
1.772228302345078177e+01
1.853243594072325351e+01
1.937962402713825583e+01
2.026554030104351511e+01
