0.000000000000000000e+00
1.000000000000000000e+00
0.000000000000000000e+00
0.000000000000000000e+00
0.000000000000000000e+00
0.000000000000000000e+00
0.000000000000000000e+00
0.000000000000000000e+00
0.000000000000000000e+00
0.000000000000000000e+00
0.000000000000000000e+00
0.000000000000000000e+00
2.000000000000000000e+00
1.700000000000000000e+01
2.500000000000000000e+01
6.700000000000000000e+01
1.090000000000000000e+02
2.090000000000000000e+02
3.370000000000000000e+02
4.350000000000000000e+02
6.920000000000000000e+02
8.470000000000000000e+02
1.071000000000000000e+03
1.245000000000000000e+03
1.455000000000000000e+03
1.747000000000000000e+03
2.029000000000000000e+03
2.314000000000000000e+03
2.531000000000000000e+03
2.900000000000000000e+03
3.343000000000000000e+03
3.654000000000000000e+03
3.993000000000000000e+03
4.355000000000000000e+03
4.919000000000000000e+03
5.242000000000000000e+03
5.734000000000000000e+03
6.291000000000000000e+03
6.795000000000000000e+03
7.297000000000000000e+03
7.754000000000000000e+03
8.541000000000000000e+03
9.184000000000000000e+03
9.934000000000000000e+03
1.067000000000000000e+04
1.148200000000000000e+04
1.203300000000000000e+04
1.301300000000000000e+04
1.407300000000000000e+04
1.474000000000000000e+04
1.571400000000000000e+04
1.641500000000000000e+04
1.723900000000000000e+04
1.792400000000000000e+04
1.924700000000000000e+04
1.970100000000000000e+04
2.058700000000000000e+04
2.154700000000000000e+04
2.214500000000000000e+04
2.315300000000000000e+04
2.362900000000000000e+04
2.439100000000000000e+04
2.450100000000000000e+04
2.501500000000000000e+04
2.509900000000000000e+04
2.514800000000000000e+04
2.556300000000000000e+04
2.501400000000000000e+04
2.481200000000000000e+04
2.457900000000000000e+04
2.394500000000000000e+04
2.307700000000000000e+04
2.217200000000000000e+04
2.102500000000000000e+04
1.942200000000000000e+04
1.740400000000000000e+04
1.550700000000000000e+04
1.364600000000000000e+04
1.176300000000000000e+04
9.918000000000000000e+03
7.905000000000000000e+03
6.549000000000000000e+03
5.321000000000000000e+03
3.938000000000000000e+03
3.165000000000000000e+03
2.316000000000000000e+03
1.671000000000000000e+03
1.194000000000000000e+03
8.170000000000000000e+02
4.920000000000000000e+02
3.080000000000000000e+02
2.130000000000000000e+02
1.390000000000000000e+02
5.800000000000000000e+01
4.800000000000000000e+01
2.200000000000000000e+01
1.500000000000000000e+01
5.000000000000000000e+00
2.000000000000000000e+00
0.000000000000000000e+00
