0.000000000000000000e+00
1.000000000000000000e+00
9.000000000000000000e+00
1.600000000000000000e+01
4.100000000000000000e+01
7.800000000000000000e+01
1.270000000000000000e+02
2.130000000000000000e+02
3.000000000000000000e+02
4.250000000000000000e+02
6.400000000000000000e+02
7.300000000000000000e+02
9.460000000000000000e+02
1.161000000000000000e+03
1.376000000000000000e+03
1.594000000000000000e+03
1.755000000000000000e+03
1.968000000000000000e+03
2.319000000000000000e+03
2.555000000000000000e+03
2.888000000000000000e+03
3.208000000000000000e+03
3.552000000000000000e+03
3.972000000000000000e+03
4.194000000000000000e+03
4.719000000000000000e+03
5.036000000000000000e+03
5.504000000000000000e+03
6.020000000000000000e+03
6.331000000000000000e+03
6.932000000000000000e+03
7.440000000000000000e+03
7.898000000000000000e+03
8.548000000000000000e+03
9.294000000000000000e+03
9.748000000000000000e+03
1.053800000000000000e+04
1.127400000000000000e+04
1.183100000000000000e+04
1.246200000000000000e+04
1.327900000000000000e+04
1.408700000000000000e+04
1.519600000000000000e+04
1.585600000000000000e+04
1.675600000000000000e+04
1.752000000000000000e+04
1.845800000000000000e+04
1.937300000000000000e+04
2.048500000000000000e+04
2.131100000000000000e+04
2.212600000000000000e+04
2.316000000000000000e+04
2.393100000000000000e+04
2.468800000000000000e+04
2.548900000000000000e+04
2.595500000000000000e+04
2.651800000000000000e+04
2.740400000000000000e+04
2.767100000000000000e+04
2.772400000000000000e+04
2.820000000000000000e+04
2.816100000000000000e+04
2.769200000000000000e+04
2.798900000000000000e+04
2.722800000000000000e+04
2.665400000000000000e+04
2.589300000000000000e+04
2.472800000000000000e+04
2.353600000000000000e+04
2.197700000000000000e+04
2.016600000000000000e+04
1.815900000000000000e+04
1.592600000000000000e+04
1.420100000000000000e+04
1.218000000000000000e+04
1.025000000000000000e+04
8.599000000000000000e+03
7.405000000000000000e+03
5.964000000000000000e+03
5.001000000000000000e+03
3.864000000000000000e+03
3.021000000000000000e+03
2.337000000000000000e+03
1.724000000000000000e+03
1.260000000000000000e+03
9.530000000000000000e+02
6.590000000000000000e+02
4.440000000000000000e+02
3.050000000000000000e+02
1.840000000000000000e+02
1.210000000000000000e+02
8.100000000000000000e+01
4.700000000000000000e+01
3.600000000000000000e+01
1.600000000000000000e+01
9.000000000000000000e+00
1.000000000000000000e+00
2.000000000000000000e+00
3.000000000000000000e+00
0.000000000000000000e+00
