0.000000000000000000e+00
3.000000000000000000e+00
5.000000000000000000e+00
4.000000000000000000e+00
6.000000000000000000e+00
5.000000000000000000e+00
1.300000000000000000e+01
1.600000000000000000e+01
1.700000000000000000e+01
3.500000000000000000e+01
4.400000000000000000e+01
8.900000000000000000e+01
8.800000000000000000e+01
1.070000000000000000e+02
1.370000000000000000e+02
1.560000000000000000e+02
2.150000000000000000e+02
2.410000000000000000e+02
2.830000000000000000e+02
3.380000000000000000e+02
3.900000000000000000e+02
4.800000000000000000e+02
6.210000000000000000e+02
6.700000000000000000e+02
8.340000000000000000e+02
1.024000000000000000e+03
1.221000000000000000e+03
1.390000000000000000e+03
1.629000000000000000e+03
1.875000000000000000e+03
2.136000000000000000e+03
2.496000000000000000e+03
2.697000000000000000e+03
3.090000000000000000e+03
3.608000000000000000e+03
3.963000000000000000e+03
4.257000000000000000e+03
4.773000000000000000e+03
5.183000000000000000e+03
5.675000000000000000e+03
6.224000000000000000e+03
6.507000000000000000e+03
6.997000000000000000e+03
7.527000000000000000e+03
7.792000000000000000e+03
7.841000000000000000e+03
8.245000000000000000e+03
8.524000000000000000e+03
8.530000000000000000e+03
8.631000000000000000e+03
8.720000000000000000e+03
8.531000000000000000e+03
8.514000000000000000e+03
8.144000000000000000e+03
7.984000000000000000e+03
7.732000000000000000e+03
7.321000000000000000e+03
7.027000000000000000e+03
6.393000000000000000e+03
6.271000000000000000e+03
5.729000000000000000e+03
5.350000000000000000e+03
4.853000000000000000e+03
4.454000000000000000e+03
4.045000000000000000e+03
3.626000000000000000e+03
3.279000000000000000e+03
2.880000000000000000e+03
2.602000000000000000e+03
2.236000000000000000e+03
1.916000000000000000e+03
1.653000000000000000e+03
1.475000000000000000e+03
1.185000000000000000e+03
1.036000000000000000e+03
8.190000000000000000e+02
7.190000000000000000e+02
5.730000000000000000e+02
4.370000000000000000e+02
3.670000000000000000e+02
2.670000000000000000e+02
2.080000000000000000e+02
1.960000000000000000e+02
1.300000000000000000e+02
9.600000000000000000e+01
5.500000000000000000e+01
4.700000000000000000e+01
4.300000000000000000e+01
2.300000000000000000e+01
2.400000000000000000e+01
9.000000000000000000e+00
9.000000000000000000e+00
1.000000000000000000e+00
4.000000000000000000e+00
2.000000000000000000e+00
2.000000000000000000e+00
0.000000000000000000e+00
1.000000000000000000e+00
1.000000000000000000e+00
0.000000000000000000e+00
