0.000000000000000000e+00
3.000000000000000000e+00
4.000000000000000000e+00
1.000000000000000000e+00
6.000000000000000000e+00
1.200000000000000000e+01
8.000000000000000000e+00
1.500000000000000000e+01
1.800000000000000000e+01
3.900000000000000000e+01
4.000000000000000000e+01
5.200000000000000000e+01
7.800000000000000000e+01
9.100000000000000000e+01
9.400000000000000000e+01
1.370000000000000000e+02
1.650000000000000000e+02
1.990000000000000000e+02
2.650000000000000000e+02
3.280000000000000000e+02
3.430000000000000000e+02
4.690000000000000000e+02
4.940000000000000000e+02
6.600000000000000000e+02
7.660000000000000000e+02
8.890000000000000000e+02
9.880000000000000000e+02
1.123000000000000000e+03
1.420000000000000000e+03
1.663000000000000000e+03
1.876000000000000000e+03
2.069000000000000000e+03
2.436000000000000000e+03
2.763000000000000000e+03
3.077000000000000000e+03
3.487000000000000000e+03
3.888000000000000000e+03
4.232000000000000000e+03
4.594000000000000000e+03
5.086000000000000000e+03
5.572000000000000000e+03
5.960000000000000000e+03
6.461000000000000000e+03
6.902000000000000000e+03
7.249000000000000000e+03
7.635000000000000000e+03
7.912000000000000000e+03
8.039000000000000000e+03
8.503000000000000000e+03
8.502000000000000000e+03
8.707000000000000000e+03
8.565000000000000000e+03
8.593000000000000000e+03
8.600000000000000000e+03
8.358000000000000000e+03
8.203000000000000000e+03
7.960000000000000000e+03
7.404000000000000000e+03
7.135000000000000000e+03
6.976000000000000000e+03
6.582000000000000000e+03
6.105000000000000000e+03
5.777000000000000000e+03
5.233000000000000000e+03
4.718000000000000000e+03
4.369000000000000000e+03
4.068000000000000000e+03
3.649000000000000000e+03
3.368000000000000000e+03
2.984000000000000000e+03
2.569000000000000000e+03
2.193000000000000000e+03
2.040000000000000000e+03
1.693000000000000000e+03
1.500000000000000000e+03
1.208000000000000000e+03
1.062000000000000000e+03
8.950000000000000000e+02
6.970000000000000000e+02
5.830000000000000000e+02
4.850000000000000000e+02
4.120000000000000000e+02
3.210000000000000000e+02
2.460000000000000000e+02
1.870000000000000000e+02
1.570000000000000000e+02
1.300000000000000000e+02
7.800000000000000000e+01
7.300000000000000000e+01
4.200000000000000000e+01
5.300000000000000000e+01
1.800000000000000000e+01
1.200000000000000000e+01
4.000000000000000000e+00
1.100000000000000000e+01
5.000000000000000000e+00
5.000000000000000000e+00
0.000000000000000000e+00
2.000000000000000000e+00
0.000000000000000000e+00
