0.000000000000000000e+00
3.000000000000000000e+00
3.000000000000000000e+00
1.000000000000000000e+00
8.000000000000000000e+00
1.500000000000000000e+01
1.300000000000000000e+01
2.000000000000000000e+01
2.800000000000000000e+01
3.800000000000000000e+01
3.400000000000000000e+01
5.400000000000000000e+01
6.800000000000000000e+01
8.900000000000000000e+01
1.100000000000000000e+02
1.350000000000000000e+02
1.400000000000000000e+02
2.110000000000000000e+02
2.940000000000000000e+02
3.070000000000000000e+02
3.360000000000000000e+02
4.550000000000000000e+02
5.370000000000000000e+02
6.180000000000000000e+02
6.760000000000000000e+02
8.650000000000000000e+02
1.027000000000000000e+03
1.161000000000000000e+03
1.341000000000000000e+03
1.550000000000000000e+03
1.716000000000000000e+03
2.020000000000000000e+03
2.336000000000000000e+03
2.597000000000000000e+03
2.931000000000000000e+03
3.220000000000000000e+03
3.521000000000000000e+03
3.883000000000000000e+03
4.286000000000000000e+03
4.576000000000000000e+03
5.069000000000000000e+03
5.500000000000000000e+03
5.790000000000000000e+03
6.177000000000000000e+03
6.519000000000000000e+03
6.830000000000000000e+03
7.006000000000000000e+03
7.210000000000000000e+03
7.415000000000000000e+03
7.375000000000000000e+03
7.625000000000000000e+03
7.714000000000000000e+03
7.435000000000000000e+03
7.328000000000000000e+03
7.084000000000000000e+03
6.915000000000000000e+03
6.695000000000000000e+03
6.444000000000000000e+03
5.889000000000000000e+03
5.704000000000000000e+03
5.361000000000000000e+03
4.939000000000000000e+03
4.498000000000000000e+03
4.247000000000000000e+03
3.942000000000000000e+03
3.545000000000000000e+03
3.217000000000000000e+03
2.936000000000000000e+03
2.493000000000000000e+03
2.259000000000000000e+03
2.022000000000000000e+03
1.748000000000000000e+03
1.485000000000000000e+03
1.351000000000000000e+03
1.061000000000000000e+03
9.210000000000000000e+02
7.870000000000000000e+02
6.510000000000000000e+02
5.360000000000000000e+02
4.420000000000000000e+02
3.740000000000000000e+02
2.750000000000000000e+02
2.190000000000000000e+02
1.820000000000000000e+02
1.360000000000000000e+02
1.080000000000000000e+02
5.100000000000000000e+01
4.500000000000000000e+01
4.500000000000000000e+01
1.900000000000000000e+01
1.200000000000000000e+01
7.000000000000000000e+00
6.000000000000000000e+00
4.000000000000000000e+00
2.000000000000000000e+00
2.000000000000000000e+00
1.000000000000000000e+00
1.000000000000000000e+00
1.000000000000000000e+00
0.000000000000000000e+00
