2.103994950305768663e-01
2.201737974485900584e-01
2.304021740921373407e-01
2.411057193977806656e-01
2.523065077635703868e-01
2.640276390740591839e-01
2.762932863402222661e-01
2.891287455525343164e-01
3.025604878500171568e-01
3.166162141128482377e-01
3.313249120911186951e-01
3.467169161875618966e-01
3.628239700175420190e-01
3.796792918753260082e-01
3.973176432416502535e-01
4.157754004738706821e-01
4.350906298265434513e-01
4.553031659571573631e-01
4.764546940789207707e-01
4.985888359300337247e-01
5.217512397367398691e-01
5.459896743556967857e-01
5.713541277898150916e-01
5.978969102807435432e-01
6.256727621906084114e-01
6.547389668955002628e-01
6.851554689235307416e-01
7.169849975811016796e-01
7.502931963223469225e-01
7.851487581285506723e-01
8.216235671767407878e-01
8.597928470896278874e-01
8.997353160726320187e-01
9.415333492579420760e-01
9.852731485904190345e-01
1.031044920605704629e+00
1.078943062467175862e+00
1.129066356645419100e+00
1.181518174641716046e+00
1.236406690175694489e+00
1.293845102276805381e+00
1.353951868739722730e+00
1.416850950425127209e+00
1.482672066909707764e+00
1.551550964012621492e+00
1.623629693750139324e+00
1.699056907295844798e+00
1.777988161550567270e+00
1.860586239954305166e+00
1.947021488201761352e+00
2.037472165553854353e+00
2.132124812469728958e+00
2.231174635317450861e+00
2.334825908956789320e+00
2.443292398024357936e+00
2.556797797789941651e+00
2.675576195493211351e+00
2.799872553112259688e+00
2.929943212559596333e+00
3.066056424347487930e+00
3.208492900812933701e+00
3.357546395043213838e+00
3.513524306695961830e+00
3.676748315963167535e+00
3.847555046986556704e+00
4.026296762092544945e+00
4.213342088278523967e+00
4.409076777448726503e+00
4.613904501967550864e+00
4.828247687171057123e+00
5.052548382553543327e+00
5.287269173425900526e+00
5.532894134925892438e+00
5.789929830347867679e+00
6.058906355850797176e+00
6.340378433699184413e+00
6.634926556291484978e+00
6.943158183335430778e+00
7.265708994639234142e+00
7.603244201102355326e+00
7.956459916609555982e+00
8.326084593657565591e+00
8.712880525675094745e+00
9.117645419134507989e+00
9.541214038697408029e+00
9.984459928786963090e+00
1.044829721513745824e+01
1.093368249003651549e+01
1.144161678514791802e+01
1.197314763598383713e+01
1.252937124228393451e+01
1.311143472875685312e+01
1.372053851084666043e+01
1.435793877040299371e+01
1.502495004636084985e+01
1.572294794577277166e+01
1.645337198078449248e+01
1.721772853740492693e+01
1.801759398219316566e+01
1.885461791326930481e+01
