6.470000000000000000e+02
1.827000000000000000e+03
3.118000000000000000e+03
4.144000000000000000e+03
4.905000000000000000e+03
5.634000000000000000e+03
6.016000000000000000e+03
6.500000000000000000e+03
6.919000000000000000e+03
7.342000000000000000e+03
7.468000000000000000e+03
7.792000000000000000e+03
8.049000000000000000e+03
8.263000000000000000e+03
8.515000000000000000e+03
8.641000000000000000e+03
8.972000000000000000e+03
9.198000000000000000e+03
9.253000000000000000e+03
9.129000000000000000e+03
9.416000000000000000e+03
9.337000000000000000e+03
9.251000000000000000e+03
8.813000000000000000e+03
8.687000000000000000e+03
8.065000000000000000e+03
7.565000000000000000e+03
7.159000000000000000e+03
6.369000000000000000e+03
5.658000000000000000e+03
4.686000000000000000e+03
3.978000000000000000e+03
3.217000000000000000e+03
2.457000000000000000e+03
1.746000000000000000e+03
1.189000000000000000e+03
9.160000000000000000e+02
6.900000000000000000e+02
4.520000000000000000e+02
2.610000000000000000e+02
1.470000000000000000e+02
8.400000000000000000e+01
5.000000000000000000e+01
1.900000000000000000e+01
5.000000000000000000e+00
0.000000000000000000e+00
0.000000000000000000e+00
0.000000000000000000e+00
0.000000000000000000e+00
0.000000000000000000e+00
