6.471356055937209362e-02
6.849982428657316880e-02
7.250761489141784033e-02
7.674989347779494209e-02
8.124037947840540008e-02
8.599359502309684988e-02
9.102491190310151026e-02
9.635060128306052740e-02
1.019878863216015785e-01
1.079549978706424579e-01
1.142712334335531932e-01
1.209570195728437575e-01
1.280339779692038771e-01
1.355249953455279766e-01
1.434542974820575689e-01
1.518475275620051190e-01
1.607318291010265132e-01
1.701359337287352280e-01
1.800902541061402962e-01
1.906269822795023106e-01
2.017801937886803676e-01
2.135859578666552405e-01
2.260824540866101240e-01
2.393100958338043593e-01
2.533116610015445080e-01
2.681324303339206461e-01
2.838203338627052208e-01
3.004261059119890387e-01
3.180034491718338185e-01
3.366092083715533922e-01
3.563035541142788865e-01
3.771501774673242102e-01
3.992164959376525157e-01
4.225738714985640687e-01
4.472978413726992897e-01
4.734683623177026734e-01
5.011700692045630845e-01
5.304925487248662863e-01
5.615306291121231475e-01
5.943846868141254847e-01
6.291609711081005418e-01
6.659719477084634631e-01
7.049366624783852675e-01
7.461811264214149864e-01
7.898387231982050283e-01
8.360506404862436680e-01
8.849663265776008814e-01
9.367439736913153459e-01
9.915510295634401006e-01
1.049564738969222644e+00
1.110972716928687598e+00
1.175973555449354224e+00
1.244777465768282632e+00
1.317606958170445708e+00
1.394697561581943468e+00
1.476298585265205077e+00
1.562673925079487658e+00
1.654102916914097943e+00
1.750881240054321664e+00
1.853321873401522879e+00
1.961756107639809565e+00
2.076534616622592644e+00
2.198028591443869306e+00
2.326630940861800667e+00
2.462757561956719243e+00
2.606848685132856502e+00
2.759370297813476203e+00
2.920815651433631199e+00
3.091706856604117259e+00
3.272596571605337790e+00
3.464069789671646138e+00
3.666745730846193041e+00
3.881279844524500700e+00
4.108365929162931529e+00
4.348738376007157846e+00
4.603174544096792609e+00
4.872497274226883945e+00
5.157577549996373634e+00
5.459337314549302711e+00
5.778752452118018468e+00
6.116855944010646695e+00
6.474741209249198270e+00
6.853565640661879677e+00
7.254554347865249220e+00
7.679004119240917525e+00
8.128287615719751003e+00
8.603857809936187095e+00
9.107252685108745638e+00
9.640100208842902418e+00
1.020412359794136492e+01
1.080114689124810923e+01
1.143310084854864783e+01
1.210202919460335558e+01
1.281009522850695426e+01
1.355958881974875219e+01
1.435293381359859133e+01
1.519269586976744613e+01
1.608159075969275520e+01
1.702249314928161539e+01
1.801844589551510012e+01
