1.556014305248518970e-01
1.633389287944829182e-01
1.714611849630008067e-01
1.799873316538450896e-01
1.889374528868545677e-01
1.983326313877812608e-01
2.081949982503353835e-01
2.185477850677452205e-01
2.294153786566312248e-01
2.408233785021012541e-01
2.527986570593834248e-01
2.653694230540419308e-01
2.785652879298836648e-01
2.924173356010809632e-01
3.069581956728146266e-01
3.222221203029170811e-01
3.382450648855663822e-01
3.550647727470908066e-01
3.727208640533898332e-01
3.912549291384012085e-01
4.107106264734554091e-01
4.311337855082938986e-01
4.525725146260000664e-01
4.750773144661399883e-01
4.987011968830539210e-01
5.234998098195157157e-01
5.495315683899082426e-01
5.768577924816938873e-01
6.055428511993088403e-01
6.356543144907323972e-01
6.672631123138987874e-01
7.004437017178811731e-01
7.352742422324198834e-01
7.718367799789411787e-01
8.102174409367514096e-01
8.505066338196645148e-01
8.927992630409511410e-01
9.371949522682675449e-01
9.837982790951660395e-01
1.032719021381973246e+00
1.084072415846311532e+00
1.137979429512396390e+00
1.194567044658527699e+00
1.253968557933994310e+00
1.316323894349981316e+00
1.381779936884115934e+00
1.450490872475058701e+00
1.522618555222158054e+00
1.598332887645714351e+00
1.677812220905943175e+00
1.761243774923385574e+00
1.848824079390390729e+00
1.940759436712510277e+00
2.037266407970301341e+00
2.138572323046254997e+00
2.244915816118500995e+00
2.356547387782682801e+00
2.473729995126127346e+00
2.596739671144277395e+00
2.725866174958468946e+00
2.861413674366696469e+00
3.003701462335166994e+00
3.153064709118393427e+00
3.309855251779513896e+00
3.474442422970609012e+00
3.647213920925275854e+00
3.828576722712796698e+00
4.018958042905148353e+00
4.218806339915062154e+00
4.428592372375653063e+00
4.648810308049997175e+00
4.879978887882781002e+00
5.122642647936055837e+00
5.377373202087436965e+00
5.644770588512277421e+00
5.925464683121528076e+00
6.220116683284788728e+00
6.529420665333541152e+00
6.854105219513408898e+00
7.194935166236704482e+00
7.552713357678024764e+00
7.928282568956703358e+00
8.322527483360948608e+00
8.736376776290018853e+00
9.170805302823339389e+00
9.626836394069538727e+00
1.010554426770465497e+01
1.060805655837768846e+01
1.113555697394414956e+01
1.168928808378448636e+01
1.227055424577555698e+01
1.288072467880982863e+01
1.352123668809991308e+01
1.419359905086581897e+01
1.489939557038027296e+01
1.564028880674388589e+01
1.641802399317830918e+01
1.723443314706258889e+01
1.809143938539643059e+01
1.899106145485601616e+01
