1.000000000000000000e+00
0.000000000000000000e+00
0.000000000000000000e+00
0.000000000000000000e+00
0.000000000000000000e+00
0.000000000000000000e+00
0.000000000000000000e+00
0.000000000000000000e+00
0.000000000000000000e+00
0.000000000000000000e+00
0.000000000000000000e+00
0.000000000000000000e+00
0.000000000000000000e+00
0.000000000000000000e+00
0.000000000000000000e+00
0.000000000000000000e+00
0.000000000000000000e+00
0.000000000000000000e+00
0.000000000000000000e+00
0.000000000000000000e+00
0.000000000000000000e+00
0.000000000000000000e+00
0.000000000000000000e+00
0.000000000000000000e+00
5.000000000000000000e+00
1.000000000000000000e+01
4.000000000000000000e+01
8.500000000000000000e+01
1.830000000000000000e+02
3.450000000000000000e+02
5.320000000000000000e+02
7.830000000000000000e+02
1.066000000000000000e+03
1.332000000000000000e+03
1.783000000000000000e+03
2.125000000000000000e+03
2.651000000000000000e+03
3.126000000000000000e+03
3.671000000000000000e+03
4.286000000000000000e+03
4.738000000000000000e+03
5.525000000000000000e+03
6.097000000000000000e+03
6.822000000000000000e+03
7.500000000000000000e+03
8.369000000000000000e+03
9.278000000000000000e+03
1.020900000000000000e+04
1.115300000000000000e+04
1.226700000000000000e+04
1.343300000000000000e+04
1.458700000000000000e+04
1.572700000000000000e+04
1.710300000000000000e+04
1.850800000000000000e+04
2.014300000000000000e+04
2.150600000000000000e+04
2.306600000000000000e+04
2.476000000000000000e+04
2.635400000000000000e+04
2.804100000000000000e+04
2.980600000000000000e+04
3.122100000000000000e+04
3.304800000000000000e+04
3.468300000000000000e+04
3.587100000000000000e+04
3.735900000000000000e+04
3.814100000000000000e+04
3.925700000000000000e+04
3.951000000000000000e+04
4.001100000000000000e+04
4.000200000000000000e+04
3.924500000000000000e+04
3.885200000000000000e+04
3.703500000000000000e+04
3.505300000000000000e+04
3.231400000000000000e+04
2.899600000000000000e+04
2.559500000000000000e+04
2.177100000000000000e+04
1.798000000000000000e+04
1.466900000000000000e+04
1.171800000000000000e+04
9.319000000000000000e+03
7.010000000000000000e+03
5.427000000000000000e+03
3.890000000000000000e+03
2.696000000000000000e+03
1.817000000000000000e+03
1.230000000000000000e+03
7.770000000000000000e+02
4.500000000000000000e+02
2.890000000000000000e+02
1.400000000000000000e+02
7.200000000000000000e+01
4.500000000000000000e+01
2.200000000000000000e+01
1.100000000000000000e+01
4.000000000000000000e+00
1.000000000000000000e+00
