2.019849165233706390e-01
2.116348577076506698e-01
2.217458301731911607e-01
2.323398599446322710e-01
2.434400253521325774e-01
2.550705073058476824e-01
2.672566419722998687e-01
2.800249759673902883e-01
2.934033241862885055e-01
3.074208303961758482e-01
3.221080307238417539e-01
3.374969201764345117e-01
3.536210223402780906e-01
3.705154624095879923e-01
3.882170437041750355e-01
4.067643278428245135e-01
4.261977187470026296e-01
4.465595506578869944e-01
4.678941803584592551e-01
4.902480838015592091e-01
5.136699573543976882e-01
5.382108238800821232e-01
5.639241438872458767e-01
5.908659319899121076e-01
6.190948789312927802e-01
6.486724794373419645e-01
6.796631661785825784e-01
7.121344501320353571e-01
7.461570676490151266e-01
7.818051345491725534e-01
8.191563075764649593e-01
8.582919535687747459e-01
8.992973267097000845e-01
9.422617542486482201e-01
9.872788310938089840e-01
1.034446623701915202e+00
1.083867883708948820e+00
1.135650271767173924e+00
1.189906592076105607e+00
1.246755038118327219e+00
1.306319450135472016e+00
1.368729584905261865e+00
1.434121398407293801e+00
1.502637341993341424e+00
1.574426672707354591e+00
1.649645778431170884e+00
1.728458518564242707e+00
1.811036580979525912e+00
1.897559856033135484e+00
1.988216828442517681e+00
2.083204987886820181e+00
2.182731259223920972e+00
2.287012453261314082e+00
2.396275739062825316e+00
2.510759138820042757e+00
2.630712046366501244e+00
2.756395770464167949e+00
2.888084104045749001e+00
3.026063920652851014e+00
3.170635799369314611e+00
3.322114679611079424e+00
3.480830547198998648e+00
3.647129153209160979e+00
3.821372767166686835e+00
4.003940966223773934e+00
4.195231462041158821e+00
4.395660967174300993e+00
4.605666102851644794e+00
4.825704350122490105e+00
5.056255046446481494e+00
5.297820429895705452e+00
5.550926733244129885e+00
5.816125330327767351e+00
6.093993937172824005e+00
6.385137870508421187e+00
6.690191366405454865e+00
7.009818961914155544e+00
7.344716942710140195e+00
7.695614859902571325e+00
8.063277119308651208e+00
8.448504646656596506e+00
8.852136632344594247e+00
9.275052359556591242e+00
9.718173119717327779e+00
1.018246421945928404e+01
1.066893708347360636e+01
1.117865145782587000e+01
1.171271771853650101e+01
1.227229929045488710e+01
1.285861518169653905e+01
1.347294263916440649e+01
1.411661993093916934e+01
1.479104926159978817e+01
1.549769982682509628e+01
1.623811101393066636e+01
1.701389575531312559e+01
1.782674404210708374e+01
1.867842660570901359e+01
1.957079877518796351e+01
2.050580451898612111e+01
