2.567526444670154562e-01
2.681589627456615887e-01
2.800720103588540399e-01
2.925142989192111020e-01
3.055093401249354690e-01
3.190816901889358959e-01
3.332569962417268328e-01
3.480620447957917252e-01
3.635248123629909456e-01
3.796745183206644558e-01
3.965416801263280666e-01
4.141581709852997784e-01
4.325572800802293671e-01
4.517737754763436753e-01
4.718439698212779088e-01
4.928057889636424660e-01
5.146988436199919636e-01
5.375645042256218531e-01
5.614459791106363173e-01
5.863883961490117258e-01
6.124388880349472819e-01
6.396466813476434643e-01
6.680631895728130765e-01
6.977421102567009648e-01
7.287395264762038805e-01
7.611140128168317753e-01
7.949267460587736700e-01
8.302416207802285619e-01
8.671253700964499656e-01
9.056476917626620216e-01
9.458813798791372296e-01
9.879024624473149441e-01
1.031790345036894152e+00
1.077627960835382703e+00
1.125501927363645294e+00
1.175502710153591091e+00
1.227724793697293260e+00
1.282266859990579544e+00
1.339231975008476683e+00
1.398727783464887686e+00
1.460866712224530461e+00
1.525766182751514766e+00
1.593548832996017239e+00
1.664342749138340682e+00
1.738281707628280159e+00
1.815505427977162078e+00
1.896159836780252572e+00
1.980397343468444982e+00
2.068377128310304069e+00
2.160265443208694069e+00
2.256235925860390790e+00
2.356469927872337333e+00
2.461156857454569469e+00
2.570494537337379093e+00
2.684689578589069203e+00
2.803957771040677560e+00
2.928524491055442436e+00
3.058625127413561184e+00
3.194505526117013439e+00
3.336422454954977912e+00
3.484644088707721910e+00
3.639450515905823469e+00
3.801134268102338343e+00
3.970000872658046909e+00
4.146369430084368091e+00
4.330573217034912048e+00
4.522960316085129051e+00
4.723894273490115481e+00
4.933754786163527584e+00
5.152938419175746354e+00
5.381859355127131650e+00
5.620950176812419485e+00
5.870662684655241215e+00
6.131468750457424122e+00
6.403861209076384675e+00
6.688354789715570625e+00
6.985487088587778892e+00
7.295819584789358103e+00
7.619938701304936224e+00
7.958456913147633038e+00
8.312013904728749125e+00
8.681277778643973875e+00
9.066946318160310270e+00
9.469748305789387643e+00
9.890444900438795983e+00
1.032983107574384007e+01
1.078873712229761139e+01
1.126803021661812920e+01
1.176861605981734016e+01
1.229144058906852166e+01
1.283749176510615264e+01
1.340780143913605826e+01
1.400344730268361992e+01
1.462555492406462676e+01
1.527529987532698108e+01
1.595390995368248177e+01
1.666266750162641941e+01
1.740291183012922005e+01
1.817604174947917173e+01
1.898351821255861793e+01
