0.000000000000000000e+00
2.000000000000000000e+00
8.000000000000000000e+00
2.400000000000000000e+01
3.900000000000000000e+01
7.100000000000000000e+01
1.650000000000000000e+02
2.140000000000000000e+02
3.110000000000000000e+02
4.170000000000000000e+02
5.820000000000000000e+02
6.750000000000000000e+02
9.510000000000000000e+02
9.970000000000000000e+02
1.271000000000000000e+03
1.400000000000000000e+03
1.691000000000000000e+03
1.841000000000000000e+03
2.118000000000000000e+03
2.390000000000000000e+03
2.600000000000000000e+03
2.822000000000000000e+03
3.210000000000000000e+03
3.475000000000000000e+03
3.782000000000000000e+03
4.057000000000000000e+03
4.397000000000000000e+03
4.862000000000000000e+03
5.120000000000000000e+03
5.577000000000000000e+03
6.022000000000000000e+03
6.601000000000000000e+03
6.996000000000000000e+03
7.610000000000000000e+03
8.028000000000000000e+03
8.644000000000000000e+03
9.204000000000000000e+03
9.701000000000000000e+03
1.013300000000000000e+04
1.123900000000000000e+04
1.160200000000000000e+04
1.221200000000000000e+04
1.315800000000000000e+04
1.375300000000000000e+04
1.450300000000000000e+04
1.498900000000000000e+04
1.571200000000000000e+04
1.658200000000000000e+04
1.738800000000000000e+04
1.785400000000000000e+04
1.867500000000000000e+04
1.938600000000000000e+04
2.037200000000000000e+04
2.043700000000000000e+04
2.117100000000000000e+04
2.166700000000000000e+04
2.222100000000000000e+04
2.255500000000000000e+04
2.272400000000000000e+04
2.298600000000000000e+04
2.306000000000000000e+04
2.345400000000000000e+04
2.309800000000000000e+04
2.298000000000000000e+04
2.280500000000000000e+04
2.232400000000000000e+04
2.207000000000000000e+04
2.107100000000000000e+04
2.035500000000000000e+04
1.959000000000000000e+04
1.815500000000000000e+04
1.681300000000000000e+04
1.520100000000000000e+04
1.370500000000000000e+04
1.190900000000000000e+04
1.038500000000000000e+04
8.995000000000000000e+03
7.516000000000000000e+03
6.189000000000000000e+03
5.282000000000000000e+03
4.163000000000000000e+03
3.239000000000000000e+03
2.704000000000000000e+03
2.000000000000000000e+03
1.496000000000000000e+03
1.078000000000000000e+03
8.040000000000000000e+02
5.450000000000000000e+02
3.400000000000000000e+02
2.390000000000000000e+02
1.640000000000000000e+02
1.210000000000000000e+02
7.100000000000000000e+01
3.800000000000000000e+01
2.100000000000000000e+01
1.200000000000000000e+01
6.000000000000000000e+00
1.000000000000000000e+00
3.000000000000000000e+00
0.000000000000000000e+00
