6.200000000000000000e+02
2.041000000000000000e+03
3.135000000000000000e+03
4.241000000000000000e+03
5.030000000000000000e+03
5.735000000000000000e+03
6.336000000000000000e+03
6.767000000000000000e+03
7.157000000000000000e+03
7.461000000000000000e+03
7.828000000000000000e+03
8.095000000000000000e+03
8.537000000000000000e+03
8.469000000000000000e+03
8.811000000000000000e+03
9.129000000000000000e+03
9.299000000000000000e+03
9.434000000000000000e+03
9.673000000000000000e+03
9.687000000000000000e+03
9.812000000000000000e+03
9.632000000000000000e+03
9.454000000000000000e+03
9.260000000000000000e+03
8.948000000000000000e+03
8.588000000000000000e+03
8.124000000000000000e+03
7.467000000000000000e+03
6.710000000000000000e+03
5.871000000000000000e+03
4.959000000000000000e+03
4.026000000000000000e+03
3.322000000000000000e+03
2.522000000000000000e+03
1.899000000000000000e+03
1.315000000000000000e+03
9.510000000000000000e+02
7.000000000000000000e+02
4.100000000000000000e+02
2.620000000000000000e+02
1.680000000000000000e+02
9.000000000000000000e+01
4.700000000000000000e+01
2.000000000000000000e+01
3.000000000000000000e+00
0.000000000000000000e+00
1.000000000000000000e+00
0.000000000000000000e+00
0.000000000000000000e+00
0.000000000000000000e+00
