6.925289909354069851e-01
7.266247092580651046e-01
7.623990836704384044e-01
7.999347605107230974e-01
8.393184550966159563e-01
8.806411520559580541e-01
9.239983155203850274e-01
9.694901096675733188e-01
1.017221630121583731e+00
1.067303146745882669e+00
1.119850358389948619e+00
1.174984660177976981e+00
1.232833423957180319e+00
1.293530292553577876e+00
1.357215488515064905e+00
1.424036138055027045e+00
1.494146610944874443e+00
1.567708877140719714e+00
1.644892880968086057e+00
1.725876933729083795e+00
1.810848125639067163e+00
1.900002758044430085e+00
1.993546796920051101e+00
2.091696348694069396e+00
2.194678159499239722e+00
2.302730139004246723e+00
2.416101910035139522e+00
2.535055385256623772e+00
2.659865372245470816e+00
2.790820208353887555e+00
2.928222426829520053e+00
3.072389455730959895e+00
3.223654351253403050e+00
3.382366567158598514e+00
3.548892762086620412e+00
3.723617646614539645e+00
3.906944872018869752e+00
4.099297962795012573e+00
4.301121295088030649e+00
4.512881123295115593e+00
4.735066657211430829e+00
4.968191192207756401e+00
5.212793295050879294e+00
5.469438048106240124e+00
5.738718354797189392e+00
6.021256309336745716e+00
6.317704633896233268e+00
6.628748186530940778e+00
6.955105543346446595e+00
7.297530658560742900e+00
7.656814606297245085e+00
8.033787408132591068e+00
8.429319950621279034e+00
8.844325997226990310e+00
9.279764299308613573e+00
9.736640811037776899e+00
1.021601101336480610e+01
1.071898235240200847e+01
1.124671679785734035e+01
1.180043352742919183e+01
1.238141174336356087e+01
1.299099362768058263e+01
1.363058744289771695e+01
1.430167078541260572e+01
1.500579399906201594e+01
1.574458375674245403e+01
1.651974681836721359e+01
1.733307397384106352e+01
1.818644418016215880e+01
1.908182890220823325e+01
2.002129666723574175e+01
2.100701784361335456e+01
2.204126965482986478e+01
2.312644144036011795e+01
2.426504017554217185e+01
2.545969626321842583e+01
2.671316961051990191e+01
2.802835600483308909e+01
2.940829380367839008e+01
3.085617095395600984e+01
3.237533235677445020e+01
3.396928759487648364e+01
3.564171904051442397e+01
3.739649036250523295e+01
3.923765545211939809e+01
4.116946778842307708e+01
4.319639026471080712e+01
4.532310549872841676e+01
4.755452665050647454e+01
4.989580877279414750e+01
5.235236072031699450e+01
5.492985764537007043e+01
5.763425410861490406e+01
6.047179783536863340e+01
6.344904414916482693e+01
6.657287111593166173e+01
6.985049543377215286e+01
7.328948910505677361e+01
7.689779692934338584e+01
8.068375485753703913e+01
