0.000000000000000000e+00
1.000000000000000000e+00
1.000000000000000000e+00
1.000000000000000000e+00
4.000000000000000000e+00
5.000000000000000000e+00
1.300000000000000000e+01
1.700000000000000000e+01
2.000000000000000000e+01
3.600000000000000000e+01
4.200000000000000000e+01
5.600000000000000000e+01
6.500000000000000000e+01
7.000000000000000000e+01
9.800000000000000000e+01
1.370000000000000000e+02
1.560000000000000000e+02
2.010000000000000000e+02
2.480000000000000000e+02
2.700000000000000000e+02
3.280000000000000000e+02
4.420000000000000000e+02
5.180000000000000000e+02
6.580000000000000000e+02
7.130000000000000000e+02
8.000000000000000000e+02
9.980000000000000000e+02
1.199000000000000000e+03
1.411000000000000000e+03
1.608000000000000000e+03
1.806000000000000000e+03
2.109000000000000000e+03
2.227000000000000000e+03
2.670000000000000000e+03
3.017000000000000000e+03
3.395000000000000000e+03
3.799000000000000000e+03
4.186000000000000000e+03
4.509000000000000000e+03
5.085000000000000000e+03
5.282000000000000000e+03
5.771000000000000000e+03
6.185000000000000000e+03
6.562000000000000000e+03
6.922000000000000000e+03
7.250000000000000000e+03
7.617000000000000000e+03
7.535000000000000000e+03
7.792000000000000000e+03
7.854000000000000000e+03
8.244000000000000000e+03
8.066000000000000000e+03
7.903000000000000000e+03
7.784000000000000000e+03
7.705000000000000000e+03
7.280000000000000000e+03
7.083000000000000000e+03
6.852000000000000000e+03
6.375000000000000000e+03
5.981000000000000000e+03
5.552000000000000000e+03
5.261000000000000000e+03
4.793000000000000000e+03
4.459000000000000000e+03
4.151000000000000000e+03
3.681000000000000000e+03
3.492000000000000000e+03
2.934000000000000000e+03
2.700000000000000000e+03
2.398000000000000000e+03
2.025000000000000000e+03
1.782000000000000000e+03
1.526000000000000000e+03
1.323000000000000000e+03
1.097000000000000000e+03
9.290000000000000000e+02
8.290000000000000000e+02
6.440000000000000000e+02
5.430000000000000000e+02
3.990000000000000000e+02
3.640000000000000000e+02
2.590000000000000000e+02
2.300000000000000000e+02
1.690000000000000000e+02
1.390000000000000000e+02
9.500000000000000000e+01
5.900000000000000000e+01
4.900000000000000000e+01
3.400000000000000000e+01
2.100000000000000000e+01
1.700000000000000000e+01
8.000000000000000000e+00
6.000000000000000000e+00
5.000000000000000000e+00
4.000000000000000000e+00
2.000000000000000000e+00
4.000000000000000000e+00
1.000000000000000000e+00
1.000000000000000000e+00
0.000000000000000000e+00
