0.000000000000000000e+00
1.000000000000000000e+00
0.000000000000000000e+00
0.000000000000000000e+00
0.000000000000000000e+00
0.000000000000000000e+00
0.000000000000000000e+00
0.000000000000000000e+00
0.000000000000000000e+00
2.000000000000000000e+00
1.400000000000000000e+01
2.900000000000000000e+01
6.200000000000000000e+01
1.410000000000000000e+02
2.110000000000000000e+02
3.680000000000000000e+02
5.170000000000000000e+02
6.770000000000000000e+02
8.930000000000000000e+02
1.181000000000000000e+03
1.384000000000000000e+03
1.638000000000000000e+03
1.950000000000000000e+03
2.212000000000000000e+03
2.633000000000000000e+03
2.945000000000000000e+03
3.295000000000000000e+03
3.723000000000000000e+03
4.166000000000000000e+03
4.527000000000000000e+03
5.067000000000000000e+03
5.578000000000000000e+03
6.034000000000000000e+03
6.697000000000000000e+03
7.336000000000000000e+03
7.967000000000000000e+03
8.382000000000000000e+03
9.158000000000000000e+03
9.808000000000000000e+03
1.061600000000000000e+04
1.154600000000000000e+04
1.241800000000000000e+04
1.331600000000000000e+04
1.422700000000000000e+04
1.523000000000000000e+04
1.604200000000000000e+04
1.708000000000000000e+04
1.823900000000000000e+04
1.944200000000000000e+04
2.036800000000000000e+04
2.156800000000000000e+04
2.266100000000000000e+04
2.410700000000000000e+04
2.516700000000000000e+04
2.604300000000000000e+04
2.728300000000000000e+04
2.833700000000000000e+04
2.901500000000000000e+04
2.970900000000000000e+04
3.046200000000000000e+04
3.111100000000000000e+04
3.181800000000000000e+04
3.185900000000000000e+04
3.153100000000000000e+04
3.165800000000000000e+04
3.114200000000000000e+04
3.067500000000000000e+04
2.975600000000000000e+04
2.877700000000000000e+04
2.709400000000000000e+04
2.543000000000000000e+04
2.325200000000000000e+04
2.039100000000000000e+04
1.811400000000000000e+04
1.603200000000000000e+04
1.345300000000000000e+04
1.124600000000000000e+04
9.265000000000000000e+03
7.574000000000000000e+03
6.085000000000000000e+03
4.772000000000000000e+03
3.660000000000000000e+03
2.790000000000000000e+03
1.949000000000000000e+03
1.469000000000000000e+03
1.043000000000000000e+03
6.840000000000000000e+02
4.570000000000000000e+02
2.710000000000000000e+02
1.580000000000000000e+02
1.080000000000000000e+02
6.200000000000000000e+01
4.400000000000000000e+01
2.200000000000000000e+01
8.000000000000000000e+00
4.000000000000000000e+00
2.000000000000000000e+00
0.000000000000000000e+00
2.000000000000000000e+00
0.000000000000000000e+00
