1.381240350716730347e-01
1.452534263089992617e-01
1.527508072259528837e-01
1.606351719273324263e-01
1.689264949150431627e-01
1.776457816921388211e-01
1.868151219788362349e-01
1.964577456753191509e-01
2.065980817131107816e-01
2.172618199441112841e-01
2.284759762240907432e-01
2.402689608555224898e-01
2.526706505631535760e-01
2.657124641846548840e-01
2.794274422681103376e-01
2.938503307779994911e-01
3.090176691217351168e-01
3.249678827197687303e-01
3.417413803537798223e-01
3.593806565395772368e-01
3.779303991840655685e-01
3.974376027990188520e-01
4.179516875584813329e-01
4.395246245014177711e-01
4.622110671968074347e-01
4.860684902047451295e-01
5.111573346843312216e-01
5.375411615172389634e-01
5.652868123348866458e-01
5.944645788571661926e-01
6.251483809717358620e-01
6.574159540050305006e-01
6.913490456594254541e-01
7.270336231154816975e-01
7.645600908239540416e-01
8.040235195393198309e-01
8.455238871750710983e-01
8.891663320909610757e-01
9.350614194538906521e-01
9.833254213472408800e-01
1.034080611338290323e+00
1.087455574249984736e+00
1.143585531921843979e+00
1.202612685785297231e+00
1.264686577121342026e+00
1.329964465913211713e+00
1.398611729253851799e+00
1.470802280317538235e+00
1.546719008957084140e+00
1.626554245042842295e+00
1.710510245717357547e+00
1.798799707800087022e+00
1.891646306640327513e+00
1.989285262783506703e+00
2.091963937886443414e+00
2.199942461391283910e+00
2.313494389545759589e+00
2.432907398439340341e+00
2.558484012811046870e+00
2.690542372475310362e+00
2.829417038307559640e+00
2.975459839831450903e+00
3.129040766555049924e+00
3.290548905314089279e+00
3.460393425997012162e+00
3.639004618149071835e+00
3.826834981081629561e+00
4.024360370248399654e+00
4.232081202792886465e+00
4.450523725321194668e+00
4.680241347112020556e+00
4.921816042141441194e+00
5.175859823474405097e+00
5.443016293758229374e+00
5.723962275746139916e+00
6.019409526981703173e+00
6.330106542988169771e+00
6.656840453530989521e+00
7.000439016757553645e+00
7.361772716266187899e+00
7.741756966417154828e+00
8.141354431472699105e+00
8.561577464441507246e+00
9.003490671806218870e+00
9.468213610631570631e+00
9.956923624886094615e+00
1.047085882816301705e+01
1.101132124035687276e+01
1.157968008624237655e+01
1.217737526431228012e+01
1.280592099466233691e+01
1.346690965516492255e+01
1.416201581565014855e+01
1.489300048031462431e+01
1.566171554910590125e+01
1.647010850938505300e+01
1.732022736975349630e+01
1.821422584854354554e+01
1.915436883011735603e+01
2.014303810279746187e+01
