7.020018407023875806e-01
7.373115510272103545e-01
7.743972903749420933e-01
8.133483905203607867e-01
8.542586765015198758e-01
8.972266926246044161e-01
9.423559398365140005e-01
9.897551250369558407e-01
1.039538422930585959e+00
1.091825751049948501e+00
1.146743058611681576e+00
1.204422629901788833e+00
1.265003402920763076e+00
1.328631304056115958e+00
1.395459599588466215e+00
1.465649264877892932e+00
1.539369372119845147e+00
1.616797497604632428e+00
1.698120149461496586e+00
1.783533216917611908e+00
1.873242442154186449e+00
1.967463915896260795e+00
2.066424597929986007e+00
2.170362863801185593e+00
2.279529079012097004e+00
2.394186202099400695e+00
2.514610418046232088e+00
2.641091803553932582e+00
2.773935025776036678e+00
2.913460076197601278e+00
3.060003041427640458e+00
3.213916912761338285e+00
3.375572436462112691e+00
3.545359006811668934e+00
3.723685604079231215e+00
3.910981779669306047e+00
4.107698690821008469e+00
4.314310187351305892e+00
4.531313953059934896e+00
4.759232704545381942e+00
4.998615450319638498e+00
5.250038813254661818e+00
5.514108419546035478e+00
5.791460357539571113e+00
6.082762709934844025e+00
6.388717163056413462e+00
6.710060697069142321e+00
7.047567361208983527e+00
7.402050138305382276e+00
7.774362903086553089e+00
8.165402478984777446e+00
8.576110798396115342e+00
9.007477171598164745e+00
9.460540669791216217e+00
9.936392628003035910e+00
1.043617927388625510e+01
1.096110448874059884e+01
1.151243270741065317e+01
1.209149196404445092e+01
1.269967709104946252e+01
1.333845307895154342e+01
1.400935860525013510e+01
1.471400974076996526e+01
1.545410384243695923e+01
1.623142364185543585e+01
1.704784153953495718e+01
1.790532411511079758e+01
1.880593686442216850e+01
1.975184917485893266e+01
2.074533955096114823e+01
2.178880110285908600e+01
2.288474731077409174e+01
2.403581807946567395e+01
2.524478609720891953e+01
2.651456351461951755e+01
2.784820895941434671e+01
2.924893490400475571e+01
3.072011540366936089e+01
3.226529422394619928e+01
3.388819337682137700e+01
3.559272208627591283e+01
3.738298620478715151e+01
3.926329810346704363e+01
4.123818705966045428e+01
4.331241016702517044e+01
4.549096379437376214e+01
4.777909562087892681e+01
5.018231727663305008e+01
5.270641761901017475e+01
5.535747667681025064e+01
5.814188029577452710e+01
6.106633552074976024e+01
6.413788675155376495e+01
6.736393271145855977e+01
7.075224426916409470e+01
7.431098315719276570e+01
7.804872163179267375e+01
8.197446312170664839e+01
8.609766391554533982e+01
9.042825594000510137e+01
