6.840000000000000000e+02
2.097000000000000000e+03
3.281000000000000000e+03
4.385000000000000000e+03
5.194000000000000000e+03
6.023000000000000000e+03
6.675000000000000000e+03
7.041000000000000000e+03
7.442000000000000000e+03
7.917000000000000000e+03
8.261000000000000000e+03
8.395000000000000000e+03
9.010000000000000000e+03
9.011000000000000000e+03
9.383000000000000000e+03
9.637000000000000000e+03
9.996000000000000000e+03
9.926000000000000000e+03
1.007700000000000000e+04
1.016700000000000000e+04
1.026100000000000000e+04
1.006500000000000000e+04
1.005700000000000000e+04
9.875000000000000000e+03
9.521000000000000000e+03
9.284000000000000000e+03
8.602000000000000000e+03
7.851000000000000000e+03
7.131000000000000000e+03
6.232000000000000000e+03
5.292000000000000000e+03
4.424000000000000000e+03
3.466000000000000000e+03
2.794000000000000000e+03
2.008000000000000000e+03
1.373000000000000000e+03
1.001000000000000000e+03
6.930000000000000000e+02
4.760000000000000000e+02
3.060000000000000000e+02
1.600000000000000000e+02
1.020000000000000000e+02
5.100000000000000000e+01
1.600000000000000000e+01
9.000000000000000000e+00
3.000000000000000000e+00
1.000000000000000000e+00
0.000000000000000000e+00
0.000000000000000000e+00
0.000000000000000000e+00
