0.000000000000000000e+00
9.000000000000000000e+00
1.400000000000000000e+01
4.100000000000000000e+01
6.800000000000000000e+01
1.300000000000000000e+02
1.790000000000000000e+02
2.790000000000000000e+02
3.960000000000000000e+02
5.500000000000000000e+02
6.870000000000000000e+02
8.070000000000000000e+02
1.039000000000000000e+03
1.171000000000000000e+03
1.378000000000000000e+03
1.644000000000000000e+03
1.794000000000000000e+03
2.025000000000000000e+03
2.228000000000000000e+03
2.434000000000000000e+03
2.777000000000000000e+03
3.145000000000000000e+03
3.290000000000000000e+03
3.563000000000000000e+03
3.990000000000000000e+03
4.316000000000000000e+03
4.680000000000000000e+03
4.958000000000000000e+03
5.546000000000000000e+03
5.852000000000000000e+03
6.371000000000000000e+03
6.808000000000000000e+03
7.286000000000000000e+03
7.849000000000000000e+03
8.274000000000000000e+03
9.058000000000000000e+03
9.563000000000000000e+03
9.974000000000000000e+03
1.050100000000000000e+04
1.143600000000000000e+04
1.205300000000000000e+04
1.262200000000000000e+04
1.335000000000000000e+04
1.428200000000000000e+04
1.491600000000000000e+04
1.559700000000000000e+04
1.651000000000000000e+04
1.694900000000000000e+04
1.770400000000000000e+04
1.832200000000000000e+04
1.943600000000000000e+04
1.996900000000000000e+04
2.041700000000000000e+04
2.097900000000000000e+04
2.151700000000000000e+04
2.225900000000000000e+04
2.233800000000000000e+04
2.273100000000000000e+04
2.322300000000000000e+04
2.323300000000000000e+04
2.336800000000000000e+04
2.337900000000000000e+04
2.339300000000000000e+04
2.302500000000000000e+04
2.256200000000000000e+04
2.227100000000000000e+04
2.158400000000000000e+04
2.080200000000000000e+04
1.996500000000000000e+04
1.884200000000000000e+04
1.733600000000000000e+04
1.573200000000000000e+04
1.432300000000000000e+04
1.262000000000000000e+04
1.088400000000000000e+04
9.401000000000000000e+03
7.972000000000000000e+03
6.587000000000000000e+03
5.583000000000000000e+03
4.573000000000000000e+03
3.619000000000000000e+03
2.817000000000000000e+03
2.215000000000000000e+03
1.661000000000000000e+03
1.191000000000000000e+03
9.280000000000000000e+02
6.540000000000000000e+02
3.930000000000000000e+02
2.750000000000000000e+02
2.130000000000000000e+02
1.260000000000000000e+02
9.400000000000000000e+01
4.800000000000000000e+01
3.500000000000000000e+01
1.100000000000000000e+01
1.000000000000000000e+01
6.000000000000000000e+00
1.000000000000000000e+00
3.000000000000000000e+00
0.000000000000000000e+00
