0.000000000000000000e+00
1.000000000000000000e+00
0.000000000000000000e+00
0.000000000000000000e+00
0.000000000000000000e+00
0.000000000000000000e+00
1.000000000000000000e+00
2.000000000000000000e+00
4.000000000000000000e+00
1.600000000000000000e+01
4.200000000000000000e+01
1.050000000000000000e+02
1.840000000000000000e+02
2.850000000000000000e+02
3.390000000000000000e+02
5.160000000000000000e+02
6.660000000000000000e+02
8.540000000000000000e+02
1.143000000000000000e+03
1.276000000000000000e+03
1.568000000000000000e+03
1.858000000000000000e+03
2.000000000000000000e+03
2.396000000000000000e+03
2.698000000000000000e+03
2.955000000000000000e+03
3.339000000000000000e+03
3.601000000000000000e+03
4.010000000000000000e+03
4.158000000000000000e+03
4.718000000000000000e+03
5.130000000000000000e+03
5.617000000000000000e+03
6.029000000000000000e+03
6.531000000000000000e+03
7.132000000000000000e+03
7.837000000000000000e+03
8.220000000000000000e+03
8.801000000000000000e+03
9.729000000000000000e+03
1.015200000000000000e+04
1.090600000000000000e+04
1.182700000000000000e+04
1.248400000000000000e+04
1.311000000000000000e+04
1.400300000000000000e+04
1.511700000000000000e+04
1.560900000000000000e+04
1.673300000000000000e+04
1.724900000000000000e+04
1.828500000000000000e+04
1.918200000000000000e+04
1.999400000000000000e+04
2.074400000000000000e+04
2.187600000000000000e+04
2.243600000000000000e+04
2.285500000000000000e+04
2.387900000000000000e+04
2.431600000000000000e+04
2.497900000000000000e+04
2.507800000000000000e+04
2.529600000000000000e+04
2.556200000000000000e+04
2.593300000000000000e+04
2.574900000000000000e+04
2.540100000000000000e+04
2.495600000000000000e+04
2.457900000000000000e+04
2.408600000000000000e+04
2.284800000000000000e+04
2.196900000000000000e+04
2.085600000000000000e+04
1.898100000000000000e+04
1.696500000000000000e+04
1.542400000000000000e+04
1.324600000000000000e+04
1.140300000000000000e+04
9.620000000000000000e+03
8.046000000000000000e+03
6.500000000000000000e+03
5.407000000000000000e+03
4.166000000000000000e+03
3.276000000000000000e+03
2.528000000000000000e+03
1.822000000000000000e+03
1.321000000000000000e+03
9.390000000000000000e+02
6.340000000000000000e+02
3.830000000000000000e+02
2.670000000000000000e+02
1.820000000000000000e+02
1.210000000000000000e+02
6.900000000000000000e+01
4.000000000000000000e+01
1.200000000000000000e+01
1.200000000000000000e+01
7.000000000000000000e+00
0.000000000000000000e+00
4.000000000000000000e+00
0.000000000000000000e+00
