6.610028679972583809e-01
6.946937112187940855e-01
7.301017526128842361e-01
7.673145165416953573e-01
8.064239884215087528e-01
8.475268420994556129e-01
8.907246788194839171e-01
9.361242783682478530e-01
9.838378630217242682e-01
1.033983374944999589e+00
1.086684767730924372e+00
1.142072312798286138e+00
1.200282921406875758e+00
1.261460483085433681e+00
1.325756221309023930e+00
1.393329067305031366e+00
1.464346052911782214e+00
1.538982723460888158e+00
1.617423571703906493e+00
1.699862493855933465e+00
1.786503268883412598e+00
1.877560062220899217e+00
1.973257955161907384e+00
2.073833501232433374e+00
2.179535310922433133e+00
2.290624666220651751e+00
2.407376166471846712e+00
2.530078407152897668e+00
2.659034693245645009e+00
2.794563788969833151e+00
2.937000705729404970e+00
3.086697530219853380e+00
3.244024294743618864e+00
3.409369891884831194e+00
3.583143035804371213e+00
3.765773272531457661e+00
3.957712041749071208e+00
4.159433792697821097e+00
4.371437156956630155e+00
4.594246180999219220e+00
4.828411621573109436e+00
5.074512307103169917e+00
5.333156568484915816e+00
5.604983742804337865e+00
5.890665753701240348e+00
6.190908772282578632e+00
6.506454962691344157e+00
6.838084316645865357e+00
7.186616581484257971e+00
7.552913286479915556e+00
7.937879872436854001e+00
8.342467929829009421e+00
8.767677551015891524e+00
9.214559802348999185e+00
9.684219322279696840e+00
1.017781705189082686e+01
1.069657310460154598e+01
1.124176978213899325e+01
1.181475474423180039e+01
1.241694433986068624e+01
1.304982710830053527e+01
1.371496745860794597e+01
1.441400953664979134e+01
1.514868128923136581e+01
1.592079873537021584e+01
1.673227045527387347e+01
1.758510230811736719e+01
1.848140239028267473e+01
1.942338624631598165e+01
2.041338234548369712e+01
2.145383783746472872e+01
2.254732460140608907e+01
2.369654560329467685e+01
2.490434157735978360e+01
2.617369804802169142e+01
2.750775270974423492e+01
2.890980318303298091e+01
3.038331516575110314e+01
3.193193099990219253e+01
3.355947867505550164e+01
3.526998129066963372e+01
3.706766700070407694e+01
3.895697946510018994e+01
4.094258883396715021e+01
4.302940329162350963e+01
4.522258118903062751e+01
4.752754379460760248e+01
4.994998869494566662e+01
5.249590387854797058e+01
5.517158253740716134e+01
5.798363862300872285e+01
6.093902319521316713e+01
6.404504160442824912e+01
6.730937154954501977e+01
7.074008205627346513e+01
7.434565342279037736e+01
7.813499818200290292e+01
8.211748313224330786e+01
8.630295249085278897e+01
9.070175222788667213e+01
