9.649857822498962567e-02
1.017832608877400069e-01
1.073573558025637947e-01
1.132367124455781748e-01
1.194380482792809645e-01
1.259789962872673308e-01
1.328781551121546445e-01
1.401551419392788322e-01
1.478306482765320007e-01
1.559264987889474041e-01
1.644657133553225625e-01
1.734725725233333127e-01
1.829726865492554699e-01
1.929930682186022650e-01
2.035622096547372306e-01
2.147101633338616977e-01
2.264686275367355783e-01
2.388710364801072961e-01
2.519526553841331395e-01
2.657506807461031961e-01
2.803043461055929608e-01
2.956550336017763070e-01
3.118463916401020830e-01
3.289244590029116178e-01
3.469377957568939297e-01
3.659376213296037794e-01
3.859779601476515110e-01
4.071157952506750943e-01
4.294112303178824752e-01
4.529276605678730916e-01
4.777319530176792339e-01
5.038946366135772514e-01
5.314901027742909845e-01
5.605968169168146220e-01
5.912975415663116463e-01
6.236795716844839577e-01
6.578349828855482029e-01
6.938608932456004075e-01
7.318597394498022046e-01
7.719395680625912304e-01
8.142143427491159713e-01
8.588042683214563988e-01
9.058361325310281265e-01
9.554436665790264627e-01
1.007767925369994710e+00
1.062957688589734939e+00
1.121169883747991980e+00
1.182570032388798875e+00
1.247332720737246214e+00
1.315642096120917870e+00
1.387692390577528689e+00
1.463688473137599200e+00
1.543846432352533604e+00
1.628394190724476553e+00
1.717572152785025841e+00
1.811633888665558745e+00
1.910846855102847464e+00
2.015493155930086822e+00
2.125870344215722518e+00
2.242292268330897897e+00
2.365089964351240859e+00
2.494612597330462034e+00
2.631228454122195082e+00
2.775325990573091595e+00
2.927314936064767892e+00
3.087627458545286974e+00
3.256719393362838666e+00
3.435071539395707862e+00
3.623191026163967710e+00
3.821612755810167794e+00
4.030900924049166001e+00
4.251650624411806412e+00
4.484489540343962410e+00
4.730079729972311853e+00
4.989119508611644882e+00
5.262345434366494601e+00
5.550534402472956153e+00
5.854505854335781301e+00
6.175124107541991592e+00
6.513300813476176288e+00
6.869997549525515446e+00
7.246228553245250836e+00
7.643063606258968079e+00
8.061631076093830117e+00
8.503121124599957170e+00
8.968789092076841385e+00
9.459959066729265231e+00
9.978027649602193350e+00
1.052446792569987188e+01
1.110083365258076427e+01
1.170876367833815834e+01
1.234998660152866279e+01
1.302632568629868892e+01
1.373970404668468426e+01
1.449215011482823456e+01
1.528580340865444143e+01
1.612292061541353405e+01
1.700588200838369701e+01
1.793719821498052269e+01
1.891951735551763392e+01
