1.907548287477855709e-01
1.998753153321904119e-01
2.094318762014893698e-01
2.194453612062016168e-01
2.299376170826561427e-01
2.409315351167059527e-01
2.524511010863694227e-01
2.645214475923588493e-01
2.771689088906691967e-01
2.904210783468555990e-01
3.043068686373496812e-01
3.188565748291589674e-01
3.341019404755705136e-01
3.500762268720631898e-01
3.668142856235261928e-01
3.843526346811053096e-01
4.027295380145700099e-01
4.219850890940236021e-01
4.421612983630934801e-01
4.633021848944411936e-01
4.854538724275632711e-01
5.086646899984099690e-01
5.329852773803677168e-01
5.584686955666523511e-01
5.851705425351517720e-01
6.131490745482904847e-01
6.424653332525557259e-01
6.731832788549844127e-01
7.053699296671662733e-01
7.390955083212091825e-01
7.744335949766730787e-01
8.114612878527263096e-01
8.502593714357638000e-01
8.909124927294723717e-01
9.335093459318692943e-01
9.781428659422346517e-01
1.024910431120114707e+00
1.073914075738762408e+00
1.125260712596533486e+00
1.179062366271911744e+00
1.235436417531069697e+00
1.294505859421190230e+00
1.356399565608281454e+00
1.421252571544921128e+00
1.489206369081365944e+00
1.560409215162788854e+00
1.635016455286135262e+00
1.713190862422297345e+00
1.795102992143043918e+00
1.880931554727494515e+00
1.970863805059977159e+00
2.065095951169920507e+00
2.163833582305104031e+00
2.267292117472210933e+00
2.375697275423275467e+00
2.489285567113408870e+00
2.608304811704217130e+00
2.733014677238684964e+00
2.863687247167146843e+00
3.000607613960336817e+00
3.144074501104632713e+00
3.294400914836515426e+00
3.451914827038154332e+00
3.616959890784017251e+00
3.789896190099631301e+00
3.971101025568267495e+00
4.160969737499534915e+00
4.359916568455810548e+00
4.568375567018314598e+00
4.786801534764604682e+00
5.015671018523534919e+00
5.255483350072509552e+00
5.506761735545389058e+00
5.770054396927824847e+00
6.045935768130475729e+00
6.335007748249601001e+00
6.637901014749318485e+00
6.955276399430536216e+00
7.287826330188551971e+00
7.636276341704856030e+00
8.001386658369042948e+00
8.383953852884362234e+00
8.784812584175528016e+00
9.204837418390441783e+00
9.644944736968774635e+00
1.010609473594027286e+01
1.058929352081473851e+01
1.109559530163419971e+01
1.162610469297622728e+01
1.218197912392640347e+01
1.276443136327796246e+01
1.337473216546766075e+01
1.401421304302091464e+01
1.468426917155468736e+01
1.538636243367613865e+01
1.612202460841814045e+01
1.689286071316985272e+01
1.770055250539385838e+01
1.854686215176957376e+01
1.943363607276780769e+01
