6.540000000000000000e+02
1.971000000000000000e+03
3.201000000000000000e+03
4.281000000000000000e+03
5.062000000000000000e+03
5.678000000000000000e+03
6.304000000000000000e+03
6.793000000000000000e+03
7.247000000000000000e+03
7.660000000000000000e+03
7.852000000000000000e+03
8.231000000000000000e+03
8.715000000000000000e+03
8.718000000000000000e+03
8.907000000000000000e+03
9.440000000000000000e+03
9.681000000000000000e+03
9.564000000000000000e+03
9.959000000000000000e+03
1.000000000000000000e+04
1.009800000000000000e+04
9.865000000000000000e+03
9.549000000000000000e+03
9.534000000000000000e+03
9.282000000000000000e+03
8.938000000000000000e+03
8.293000000000000000e+03
7.587000000000000000e+03
6.845000000000000000e+03
5.987000000000000000e+03
5.044000000000000000e+03
4.182000000000000000e+03
3.388000000000000000e+03
2.719000000000000000e+03
1.922000000000000000e+03
1.291000000000000000e+03
9.380000000000000000e+02
6.730000000000000000e+02
4.480000000000000000e+02
2.900000000000000000e+02
1.550000000000000000e+02
9.900000000000000000e+01
5.200000000000000000e+01
2.200000000000000000e+01
6.000000000000000000e+00
2.000000000000000000e+00
0.000000000000000000e+00
0.000000000000000000e+00
0.000000000000000000e+00
0.000000000000000000e+00
