6.600000000000000000e+02
2.202000000000000000e+03
3.321000000000000000e+03
4.396000000000000000e+03
5.257000000000000000e+03
6.020000000000000000e+03
6.674000000000000000e+03
6.872000000000000000e+03
7.457000000000000000e+03
7.836000000000000000e+03
8.050000000000000000e+03
8.310000000000000000e+03
8.863000000000000000e+03
9.069000000000000000e+03
9.275000000000000000e+03
9.382000000000000000e+03
9.862000000000000000e+03
9.950000000000000000e+03
1.018000000000000000e+04
1.007600000000000000e+04
1.036600000000000000e+04
1.001200000000000000e+04
9.884000000000000000e+03
9.853000000000000000e+03
9.384000000000000000e+03
9.018000000000000000e+03
8.561000000000000000e+03
7.972000000000000000e+03
6.979000000000000000e+03
6.240000000000000000e+03
5.155000000000000000e+03
4.265000000000000000e+03
3.456000000000000000e+03
2.701000000000000000e+03
1.970000000000000000e+03
1.311000000000000000e+03
1.000000000000000000e+03
7.180000000000000000e+02
4.440000000000000000e+02
3.020000000000000000e+02
1.640000000000000000e+02
8.200000000000000000e+01
5.100000000000000000e+01
1.600000000000000000e+01
5.000000000000000000e+00
0.000000000000000000e+00
0.000000000000000000e+00
0.000000000000000000e+00
0.000000000000000000e+00
0.000000000000000000e+00
