6.924805751692206246e-02
7.326633928984092881e-02
7.751779133475807104e-02
8.201594390634855958e-02
8.677511238420926309e-02
9.181044283158312780e-02
9.713796019773608681e-02
1.027746193173901118e-01
1.087383588695187142e-01
1.150481584672291280e-01
1.217240990604187278e-01
1.287874268434388847e-01
1.362606208711508449e-01
1.441674645985630832e-01
1.525331215717246891e-01
1.613842155107611809e-01
1.707489150399174871e-01
1.806570233342607301e-01
1.911400729683453981e-01
2.022314262686946418e-01
2.139663814894718907e-01
2.263822851492453270e-01
2.395186508863584585e-01
2.534172852111637453e-01
2.681224205553249806e-01
2.836808560416211877e-01
3.001421064222475343e-01
3.175585596596148807e-01
3.359856436511446387e-01
3.554820026286639179e-01
3.761096837937912274e-01
3.979343347832801636e-01
4.210254125927552771e-01
4.454564046237404207e-01
4.713050625574614627e-01
4.986536497997281492e-01
5.275892032843884083e-01
5.582038104685449476e-01
5.905949024010731518e-01
6.248655637971290977e-01
6.611248611054632018e-01
6.994881896126118326e-01
7.400776406886299119e-01
7.830223903431198229e-01
8.284591103281425672e-01
8.765324030963429491e-01
9.273952619985457169e-01
9.812095581854018977e-01
1.038146555762650802e+00
1.098387456839481580e+00
1.162123978204608221e+00
1.229558961465336164e+00
1.300907018591384467e+00
1.376395214917911058e+00
1.456263791781397421e+00
1.540766931088185299e+00
1.630173564248904361e+00
1.724768228053226382e+00
1.824851970208770213e+00
1.930743307426036059e+00
2.042779239098477806e+00
2.161316319803746833e+00
2.286731794039356558e+00
2.419424796804047872e+00
2.559817623845729528e+00
2.708357075618542442e+00
2.865515879226202767e+00
3.031794192876957617e+00
3.207721197638091493e+00
3.393856781555733004e+00
3.590793321499687440e+00
3.799157568404015528e+00
4.019612641903140826e+00
4.252860140711415937e+00
4.499642375462447497e+00
4.760744731114168182e+00
5.036998166438053204e+00
5.329281858547075146e+00
5.638526000878633759e+00
5.965714763537040000e+00
6.311889425416846500e+00
6.678151688075032233e+00
7.065667181898406923e+00
7.475669175724664939e+00
7.909462501722945404e+00
8.368427708024830380e+00
8.854025452321533152e+00
9.367801150409949429e+00
9.911389894481537510e+00
1.048652165680650050e+01
1.109502679537399672e+01
1.173884187901014187e+01
1.242001585051218449e+01
1.314071654741305117e+01
1.390323760112867113e+01
1.471000573644457354e+01
1.556358849457238769e+01
1.646670240435487642e+01
1.742222162762448434e+01
1.843318710622913059e+01
