6.560000000000000000e+02
1.890000000000000000e+03
3.076000000000000000e+03
4.094000000000000000e+03
4.905000000000000000e+03
5.463000000000000000e+03
6.094000000000000000e+03
6.521000000000000000e+03
6.844000000000000000e+03
7.212000000000000000e+03
7.372000000000000000e+03
7.757000000000000000e+03
8.102000000000000000e+03
8.160000000000000000e+03
8.437000000000000000e+03
8.552000000000000000e+03
8.962000000000000000e+03
8.996000000000000000e+03
9.304000000000000000e+03
9.213000000000000000e+03
9.357000000000000000e+03
9.185000000000000000e+03
9.253000000000000000e+03
8.957000000000000000e+03
8.473000000000000000e+03
8.139000000000000000e+03
7.662000000000000000e+03
7.115000000000000000e+03
6.294000000000000000e+03
5.585000000000000000e+03
4.692000000000000000e+03
3.960000000000000000e+03
3.215000000000000000e+03
2.418000000000000000e+03
1.808000000000000000e+03
1.242000000000000000e+03
9.390000000000000000e+02
6.320000000000000000e+02
4.320000000000000000e+02
2.630000000000000000e+02
1.510000000000000000e+02
1.000000000000000000e+02
4.700000000000000000e+01
1.800000000000000000e+01
4.000000000000000000e+00
1.000000000000000000e+00
0.000000000000000000e+00
0.000000000000000000e+00
0.000000000000000000e+00
0.000000000000000000e+00
