2.142735054994487076e-01
2.242118187399896878e-01
2.346110852366826982e-01
2.454926846642489224e-01
2.568789883174595889e-01
2.687934051039005401e-01
2.812604296699452999e-01
2.943056927588821314e-01
3.079560139047209932e-01
3.222394565700176239e-01
3.371853858410667204e-01
3.528245287990830481e-01
3.691890376914834793e-01
3.863125560331445718e-01
4.042302877735312605e-01
4.229790696718966347e-01
4.425974470293468910e-01
4.631257529334694145e-01
4.846061911784395604e-01
5.070829230310819336e-01
5.306021580212657573e-01
5.552122489432901320e-01
5.809637912635692292e-01
6.079097271389890533e-01
6.361054542597860406e-01
6.656089397407131125e-01
6.964808392946434390e-01
7.287846219336164832e-01
7.625867004536979188e-01
7.979565679719147209e-01
8.349669407959700029e-01
8.736939079204607550e-01
9.142170874569441885e-01
9.566197903194568752e-01
1.000989191502001940e+00
1.047416509300133969e+00
1.095997192845097334e+00
1.146831118336067989e+00
1.200022794373929891e+00
1.255681576818724610e+00
1.313921893612500780e+00
1.374863480029769214e+00
1.438631624839213030e+00
1.505357427882731303e+00
1.575178069601368858e+00
1.648237093062247638e+00
1.724684699066310278e+00
1.804678054943587462e+00
1.888381617670831236e+00
1.975967471975811351e+00
2.067615684123373487e+00
2.163514672110603776e+00
2.263861593032176600e+00
2.368862748412264185e+00
2.478734008336325623e+00
2.593701255254733606e+00
2.714000848370654584e+00
2.839880109566905286e+00
2.971597831870795403e+00
3.109424811502302877e+00
3.253644404599403295e+00
3.404553109765125374e+00
3.562461177633976295e+00
3.727693248710928664e+00
3.900589020794306361e+00
4.081503947354689465e+00
4.270809968305653292e+00
4.468896274668692215e+00
4.676170108704408079e+00
4.893057601154930936e+00
5.120004647318846303e+00
5.357477823759742463e+00
5.605965347533009790e+00
5.865978079902967934e+00
6.138050576613824028e+00
6.422742186873721337e+00
6.720638203311236403e+00
7.032351065268521495e+00
7.358521617904903778e+00
7.699820429699528290e+00
8.056949171061662085e+00
8.430642056882923896e+00
8.821667355997172777e+00
9.230828970651300480e+00
9.658968089234154064e+00
1.010696491566141830e+01
1.057574047897182545e+01
1.106625852685507816e+01
1.157952750700426492e+01
1.211660264036630075e+01
1.267858809055269553e+01
1.326663923387068778e+01
1.388196503464168607e+01
1.452583053069042585e+01
1.519955943411467381e+01
1.590453685268236406e+01
1.664221213745102546e+01
1.741410186246393366e+01
1.822179294264882188e+01
1.906694589632925840e+01
