6.410000000000000000e+02
1.813000000000000000e+03
2.836000000000000000e+03
3.819000000000000000e+03
4.541000000000000000e+03
5.138000000000000000e+03
5.747000000000000000e+03
6.081000000000000000e+03
6.470000000000000000e+03
6.589000000000000000e+03
6.935000000000000000e+03
7.089000000000000000e+03
7.493000000000000000e+03
7.635000000000000000e+03
7.867000000000000000e+03
7.957000000000000000e+03
8.232000000000000000e+03
8.374000000000000000e+03
8.607000000000000000e+03
8.647000000000000000e+03
8.529000000000000000e+03
8.445000000000000000e+03
8.531000000000000000e+03
8.119000000000000000e+03
8.031000000000000000e+03
7.599000000000000000e+03
7.172000000000000000e+03
6.487000000000000000e+03
5.934000000000000000e+03
5.229000000000000000e+03
4.448000000000000000e+03
3.705000000000000000e+03
2.948000000000000000e+03
2.323000000000000000e+03
1.623000000000000000e+03
1.188000000000000000e+03
8.430000000000000000e+02
6.100000000000000000e+02
4.330000000000000000e+02
2.120000000000000000e+02
1.410000000000000000e+02
8.800000000000000000e+01
3.800000000000000000e+01
1.600000000000000000e+01
6.000000000000000000e+00
0.000000000000000000e+00
0.000000000000000000e+00
1.000000000000000000e+00
0.000000000000000000e+00
0.000000000000000000e+00
