5.700000000000000000e+02
1.807000000000000000e+03
2.737000000000000000e+03
3.654000000000000000e+03
4.409000000000000000e+03
5.038000000000000000e+03
5.551000000000000000e+03
5.992000000000000000e+03
6.356000000000000000e+03
6.593000000000000000e+03
6.699000000000000000e+03
6.957000000000000000e+03
7.283000000000000000e+03
7.434000000000000000e+03
7.681000000000000000e+03
7.882000000000000000e+03
8.060000000000000000e+03
8.170000000000000000e+03
8.277000000000000000e+03
8.270000000000000000e+03
8.216000000000000000e+03
8.353000000000000000e+03
8.275000000000000000e+03
8.129000000000000000e+03
7.681000000000000000e+03
7.430000000000000000e+03
7.127000000000000000e+03
6.528000000000000000e+03
5.813000000000000000e+03
5.130000000000000000e+03
4.364000000000000000e+03
3.593000000000000000e+03
2.880000000000000000e+03
2.278000000000000000e+03
1.675000000000000000e+03
1.229000000000000000e+03
8.620000000000000000e+02
5.850000000000000000e+02
4.000000000000000000e+02
2.390000000000000000e+02
1.310000000000000000e+02
6.300000000000000000e+01
4.300000000000000000e+01
1.700000000000000000e+01
4.000000000000000000e+00
3.000000000000000000e+00
0.000000000000000000e+00
0.000000000000000000e+00
0.000000000000000000e+00
0.000000000000000000e+00
