5.966693333333333849e-01 3.260024999999999729e-01 1.337666666666667559e-01 5.345600000000000351e-01 4.134808804080001288e-01 1.000000000000000000e+00 0.000000000000000000e+00
5.966693333333333849e-01 3.260024999999999729e-01 1.337666666666667559e-01 5.345600000000000351e-01 4.134808804080001288e-01 2.000000000000000000e+00 0.000000000000000000e+00
5.966693333333333849e-01 3.260024999999999729e-01 1.337666666666667559e-01 5.345600000000000351e-01 4.134808804080001288e-01 3.000000000000000000e+00 0.000000000000000000e+00
5.966693333333333849e-01 3.260024999999999729e-01 1.337666666666667559e-01 5.345600000000000351e-01 4.134808804080001288e-01 4.000000000000000000e+00 0.000000000000000000e+00
5.966693333333333849e-01 3.260024999999999729e-01 1.337666666666667559e-01 5.345600000000000351e-01 4.134808804080001288e-01 5.000000000000000000e+00 0.000000000000000000e+00
5.966693333333333849e-01 3.260024999999999729e-01 1.337666666666667559e-01 5.345600000000000351e-01 4.134808804080001288e-01 6.000000000000000000e+00 0.000000000000000000e+00
5.966693333333333849e-01 3.260024999999999729e-01 1.337666666666667559e-01 5.345600000000000351e-01 4.134808804080001288e-01 1.969371444016183581e-01 1.000000000000000000e+00
5.966693333333333849e-01 3.260024999999999729e-01 1.337666666666667559e-01 5.345600000000000351e-01 4.134808804080001288e-01 3.192853034442411087e-01 1.000000000000000000e+00
5.966693333333333849e-01 3.260024999999999729e-01 1.337666666666667559e-01 5.345600000000000351e-01 4.134808804080001288e-01 5.176428515058909552e-01 1.000000000000000000e+00
5.966693333333333849e-01 3.260024999999999729e-01 1.337666666666667559e-01 5.345600000000000351e-01 4.134808804080001288e-01 8.392309912941057215e-01 1.000000000000000000e+00
5.966693333333333849e-01 3.260024999999999729e-01 1.337666666666667559e-01 5.345600000000000351e-01 4.134808804080001288e-01 1.360607327425774615e+00 1.000000000000000000e+00
5.966693333333333849e-01 3.260024999999999729e-01 1.337666666666667559e-01 5.345600000000000351e-01 4.134808804080001288e-01 2.205891248832520635e+00 1.000000000000000000e+00
5.966693333333333849e-01 3.260024999999999729e-01 1.337666666666667559e-01 5.345600000000000351e-01 4.134808804080001288e-01 3.576311918650423749e+00 1.000000000000000000e+00
5.966693333333333849e-01 3.260024999999999729e-01 1.337666666666667559e-01 5.345600000000000351e-01 4.134808804080001288e-01 5.798113096577290904e+00 1.000000000000000000e+00
5.966693333333333849e-01 3.260024999999999729e-01 1.337666666666667559e-01 5.345600000000000351e-01 4.134808804080001288e-01 9.400219065172429111e+00 1.000000000000000000e+00
5.966693333333333849e-01 3.260024999999999729e-01 1.337666666666667559e-01 5.345600000000000351e-01 4.134808804080001288e-01 1.524015089070853968e+01 1.000000000000000000e+00
5.966693333333333849e-01 3.260024999999999729e-01 1.337666666666667559e-01 5.345600000000000351e-01 4.134808804080001288e-01 7.687968748760164450e-01 2.000000000000000000e+00
5.966693333333333849e-01 3.260024999999999729e-01 1.337666666666667559e-01 5.345600000000000351e-01 4.134808804080001288e-01 1.262964296407848686e+00 2.000000000000000000e+00
5.966693333333333849e-01 3.260024999999999729e-01 1.337666666666667559e-01 5.345600000000000351e-01 4.134808804080001288e-01 2.074772760045636932e+00 2.000000000000000000e+00
5.966693333333333849e-01 3.260024999999999729e-01 1.337666666666667559e-01 5.345600000000000351e-01 4.134808804080001288e-01 3.408395643543417286e+00 2.000000000000000000e+00
5.966693333333333849e-01 3.260024999999999729e-01 1.337666666666667559e-01 5.345600000000000351e-01 4.134808804080001288e-01 5.599244932572863043e+00 2.000000000000000000e+00
5.966693333333333849e-01 3.260024999999999729e-01 1.337666666666667559e-01 5.345600000000000351e-01 4.134808804080001288e-01 9.198328801508907304e+00 2.000000000000000000e+00
5.966693333333333849e-01 3.260024999999999729e-01 1.337666666666667559e-01 5.345600000000000351e-01 4.134808804080001288e-01 1.511083257824017778e+01 2.000000000000000000e+00
5.966693333333333849e-01 3.260024999999999729e-01 1.337666666666667559e-01 5.345600000000000351e-01 4.134808804080001288e-01 2.482377681151689686e+01 2.000000000000000000e+00
5.966693333333333849e-01 3.260024999999999729e-01 1.337666666666667559e-01 5.345600000000000351e-01 4.134808804080001288e-01 4.078000944007343520e+01 2.000000000000000000e+00
5.966693333333333849e-01 3.260024999999999729e-01 1.337666666666667559e-01 5.345600000000000351e-01 4.134808804080001288e-01 6.699259272911817220e+01 2.000000000000000000e+00
5.966693333333333849e-01 3.260024999999999729e-01 1.337666666666667559e-01 5.345600000000000351e-01 4.134808804080001288e-01 5.000000000000000278e-02 3.000000000000000000e+00
5.966693333333333849e-01 3.260024999999999729e-01 1.337666666666667559e-01 5.345600000000000351e-01 4.134808804080001288e-01 1.500000000000000222e-01 3.000000000000000000e+00
5.966693333333333849e-01 3.260024999999999729e-01 1.337666666666667559e-01 5.345600000000000351e-01 4.134808804080001288e-01 2.500000000000000000e-01 3.000000000000000000e+00
5.966693333333333849e-01 3.260024999999999729e-01 1.337666666666667559e-01 5.345600000000000351e-01 4.134808804080001288e-01 3.499999999999999778e-01 3.000000000000000000e+00
5.966693333333333849e-01 3.260024999999999729e-01 1.337666666666667559e-01 5.345600000000000351e-01 4.134808804080001288e-01 4.500000000000000111e-01 3.000000000000000000e+00
5.966693333333333849e-01 3.260024999999999729e-01 1.337666666666667559e-01 5.345600000000000351e-01 4.134808804080001288e-01 5.500000000000000444e-01 3.000000000000000000e+00
5.966693333333333849e-01 3.260024999999999729e-01 1.337666666666667559e-01 5.345600000000000351e-01 4.134808804080001288e-01 6.500000000000000222e-01 3.000000000000000000e+00
5.966693333333333849e-01 3.260024999999999729e-01 1.337666666666667559e-01 5.345600000000000351e-01 4.134808804080001288e-01 7.500000000000000000e-01 3.000000000000000000e+00
5.966693333333333849e-01 3.260024999999999729e-01 1.337666666666667559e-01 5.345600000000000351e-01 4.134808804080001288e-01 8.499999999999999778e-01 3.000000000000000000e+00
5.966693333333333849e-01 3.260024999999999729e-01 1.337666666666667559e-01 5.345600000000000351e-01 4.134808804080001288e-01 9.499999999999999556e-01 3.000000000000000000e+00
