4.735545657621786919e-01
1.000000000000000000e+00
3.938381797997904110e-01
3.848269989365445815e-02
9.040343260861534794e-04
7.776639364181965833e-06
0.000000000000000000e+00
4.806009102772208254e-03
7.259938253922786078e-02
2.050669976765651381e-01
4.307266303828893306e-01
7.651102835863649032e-01
9.941118431522327770e-01
5.806677488144116328e-01
6.448327445176485484e-02
6.365574970559215390e-04
1.158480074142724764e-04
8.572752548656163360e-03
5.294253938832252371e-02
2.846385542168674565e-01
7.863762743280815481e-01
9.852873030583874092e-01
5.715940685820204425e-01
1.663577386468952646e-01
1.830398517145504986e-02
8.109360518999072804e-04
3.104447776111943780e-01
6.725637181409295229e-01
8.391804097951024444e-01
9.714142928535731691e-01
9.837081459270364814e-01
7.496251874062968001e-01
3.431284357821089426e-01
6.776611694152923082e-02
3.998000999500249744e-03
0.000000000000000000e+00
