4.026974917714600255e-01
4.204699893155596779e-01
4.390268514892118334e-01
4.584026951418810336e-01
4.786336648898658619e-01
4.997575005421777128e-01
5.218136075021683196e-01
5.448431302762344330e-01
5.688890292267284599e-01
5.939961607122536957e-01
6.202113607648390703e-01
6.475835324600913712e-01
6.761637371433082411e-01
7.060052896817300416e-01
7.371638579206176711e-01
7.696975665286873713e-01
8.036671054266202319e-01
8.391358430009141500e-01
8.761699443142730859e-01
9.148384945330479967e-01
9.552136278019778270e-01
9.973706618066389140e-01
1.041388238274622902e+00
1.087348469677538620e+00
1.135337092407505466e+00
1.185443626713880150e+00
1.237761543698567612e+00
1.292388439681441570e+00
1.349426218261141841e+00
1.408981280410872561e+00
1.471164722963814953e+00
1.536092545858423586e+00
1.603885868530202874e+00
1.674671155853637350e+00
1.748580454055759015e+00
1.825751637041431730e+00
1.906328663589861083e+00
1.990461845902119942e+00
2.078308130000646070e+00
2.170031388503784076e+00
2.265802726321528127e+00
2.365800799842724178e+00
2.470212150209158075e+00
2.579231551298233338e+00
2.693062373063388915e+00
2.811916960910038288e+00
2.936017031814745604e+00
3.065594087926572175e+00
3.200889848422150408e+00
3.342156700420080284e+00
3.489658169795812004e+00
3.643669412775297101e+00
3.804477729224437166e+00
3.972383098591864226e+00
4.147698739504805054e+00
4.330751694061942381e+00
4.521883437913237103e+00
4.721450517264769609e+00
4.929825213996922528e+00
5.147396240136624890e+00
5.374569462979179590e+00
5.611768662212334391e+00
5.859436320454980418e+00
6.118034448685177651e+00
6.388045448097320111e+00
6.669973009996162716e+00
6.964343055406436278e+00
7.271704716150830805e+00
7.592631359226504451e+00
7.927721656391029548e+00
8.277600700953039237e+00
8.642921173850883321e+00
9.024364561194571976e+00
9.422642425542214539e+00
9.838497733282538960e+00
1.027270624059956106e+01
1.072607794060490249e+01
1.119945857433730474e+01
1.169373120844801583e+01
1.220981788251513755e+01
1.274868132905991303e+01
1.331132676947356686e+01
1.389880378920489434e+01
1.451220829570665138e+01
1.515268456279322251e+01
1.582142736522317961e+01
1.651968420748868027e+01
1.724875765096946267e+01
1.801000774379249592e+01
1.880485455793014893e+01
1.963478083826972664e+01
2.050133476859598503e+01
2.140613285964647972e+01
2.235086296462723610e+01
2.333728742781407206e+01
2.436724637211303701e+01
2.544266113171284971e+01
2.656553783623265375e+01
2.773797115305122674e+01
2.896214819479868297e+01
