0.000000000000000000e+00
4.000000000000000000e+00
5.000000000000000000e+00
2.400000000000000000e+01
4.900000000000000000e+01
8.400000000000000000e+01
1.410000000000000000e+02
2.160000000000000000e+02
3.150000000000000000e+02
4.010000000000000000e+02
5.380000000000000000e+02
6.960000000000000000e+02
8.850000000000000000e+02
1.060000000000000000e+03
1.263000000000000000e+03
1.443000000000000000e+03
1.582000000000000000e+03
1.856000000000000000e+03
2.036000000000000000e+03
2.342000000000000000e+03
2.551000000000000000e+03
2.943000000000000000e+03
3.159000000000000000e+03
3.324000000000000000e+03
3.797000000000000000e+03
4.091000000000000000e+03
4.373000000000000000e+03
4.660000000000000000e+03
5.057000000000000000e+03
5.440000000000000000e+03
5.917000000000000000e+03
6.315000000000000000e+03
6.669000000000000000e+03
7.223000000000000000e+03
7.889000000000000000e+03
8.327000000000000000e+03
8.989000000000000000e+03
9.456000000000000000e+03
1.027500000000000000e+04
1.072000000000000000e+04
1.152600000000000000e+04
1.222300000000000000e+04
1.281000000000000000e+04
1.338200000000000000e+04
1.423900000000000000e+04
1.480500000000000000e+04
1.583200000000000000e+04
1.636800000000000000e+04
1.722300000000000000e+04
1.780800000000000000e+04
1.890500000000000000e+04
1.967200000000000000e+04
2.030000000000000000e+04
2.109500000000000000e+04
2.182200000000000000e+04
2.200800000000000000e+04
2.290600000000000000e+04
2.340800000000000000e+04
2.387600000000000000e+04
2.461200000000000000e+04
2.478200000000000000e+04
2.526600000000000000e+04
2.543300000000000000e+04
2.551700000000000000e+04
2.545500000000000000e+04
2.500000000000000000e+04
2.460100000000000000e+04
2.426000000000000000e+04
2.367100000000000000e+04
2.268500000000000000e+04
2.183300000000000000e+04
2.015500000000000000e+04
1.870500000000000000e+04
1.665000000000000000e+04
1.461100000000000000e+04
1.269200000000000000e+04
1.087800000000000000e+04
9.003000000000000000e+03
7.352000000000000000e+03
5.901000000000000000e+03
4.770000000000000000e+03
3.585000000000000000e+03
2.796000000000000000e+03
1.979000000000000000e+03
1.492000000000000000e+03
1.005000000000000000e+03
6.720000000000000000e+02
4.410000000000000000e+02
2.820000000000000000e+02
1.820000000000000000e+02
9.600000000000000000e+01
5.800000000000000000e+01
3.900000000000000000e+01
2.500000000000000000e+01
1.100000000000000000e+01
8.000000000000000000e+00
4.000000000000000000e+00
1.000000000000000000e+00
1.000000000000000000e+00
0.000000000000000000e+00
