3.795805513254500441e-01
3.964796262836045582e-01
4.141310546841157625e-01
4.325683315971946552e-01
4.518264433067097352e-01
4.719419336996035774e-01
4.929529736109923288e-01
5.148994332565363097e-01
5.378229578895280527e-01
5.617670468262631056e-01
5.867771359896528649e-01
6.129006841277092610e-01
6.401872628705118640e-01
6.686886507965460469e-01
6.984589316869105335e-01
7.295545971538420771e-01
7.620346538383016011e-01
7.959607353800388641e-01
8.313972193726085758e-01
8.684113495252693271e-01
9.070733632635789023e-01
9.474566250108169552e-01
9.896377654031497384e-01
1.033696826702708682e+00
1.079717414684515431e+00
1.127786857285472788e+00
1.177996370316471086e+00
1.230441230552062670e+00
1.285220956526155422e+00
1.342439497376803015e+00
1.402205430098437677e+00
1.464632165575851630e+00
1.529838163790889993e+00
1.597947158610231178e+00
1.669088392580807767e+00
1.743396862178411055e+00
1.821013573974859412e+00
1.902085812209829196e+00
1.986767418275089847e+00
2.075219082641484469e+00
2.167608649782617913e+00
2.264111436673861721e+00
2.364910565471062487e+00
2.470197311000239093e+00
2.580171463717651825e+00
2.695041708829001958e+00
2.815026022287162366e+00
2.940352084419884715e+00
3.071257711972373183e+00
3.207991309384564005e+00
3.350812340159443625e+00
3.499991819216875300e+00
3.655812827167205459e+00
3.818571047480532332e+00
3.988575327570963669e+00
4.166148264860567885e+00
4.351626818935116603e+00
4.545362950953241388e+00
4.747724291522343876e+00
4.959094838308594433e+00
5.179875684704807526e+00
5.410485780938891764e+00
5.651362729067149537e+00
5.902963613360989292e+00
6.165765867662783783e+00
6.440268181356741728e+00
6.726991445673967895e+00
7.026479742127387240e+00
7.339301374952187373e+00
7.666049949510905570e+00
8.007345498709542042e+00
8.363835659562157687e+00
8.736196902136574849e+00
9.125135813213248070e+00
9.531390437093110179e+00
9.955731676098718452e+00
1.039896475342626303e+01
1.086193074112432022e+01
1.134550815609877716e+01
1.185061462717263581e+01
1.237820863636381574e+01
1.292929133768545391e+01
1.350490845691987118e+01
1.410615227597114441e+01
1.473416370556200228e+01
1.539013445020777837e+01
1.607530926957609552e+01
1.679098834052291522e+01
1.753852972428762769e+01
1.831935194352834984e+01
1.913493667408813081e+01
1.998683155659939459e+01
2.087665313326227690e+01
2.180608991536945851e+01
2.277690558739826443e+01
2.379094235375049848e+01
2.485012443449005559e+01
2.595646171671256752e+01
2.711205356847501946e+01
2.831909282252345861e+01
