0.000000000000000000e+00
2.000000000000000000e+00
2.000000000000000000e+00
2.000000000000000000e+00
3.000000000000000000e+00
1.200000000000000000e+01
6.000000000000000000e+00
1.100000000000000000e+01
2.300000000000000000e+01
3.500000000000000000e+01
4.500000000000000000e+01
4.800000000000000000e+01
7.500000000000000000e+01
7.300000000000000000e+01
8.600000000000000000e+01
1.150000000000000000e+02
1.380000000000000000e+02
1.950000000000000000e+02
2.220000000000000000e+02
2.910000000000000000e+02
3.220000000000000000e+02
4.110000000000000000e+02
4.880000000000000000e+02
5.540000000000000000e+02
7.040000000000000000e+02
8.520000000000000000e+02
9.720000000000000000e+02
1.202000000000000000e+03
1.348000000000000000e+03
1.482000000000000000e+03
1.708000000000000000e+03
2.049000000000000000e+03
2.346000000000000000e+03
2.533000000000000000e+03
2.892000000000000000e+03
3.186000000000000000e+03
3.514000000000000000e+03
3.977000000000000000e+03
4.419000000000000000e+03
4.795000000000000000e+03
5.314000000000000000e+03
5.701000000000000000e+03
6.093000000000000000e+03
6.541000000000000000e+03
7.070000000000000000e+03
7.417000000000000000e+03
7.916000000000000000e+03
8.184000000000000000e+03
8.437000000000000000e+03
8.795000000000000000e+03
8.686000000000000000e+03
8.663000000000000000e+03
8.884000000000000000e+03
8.743000000000000000e+03
8.553000000000000000e+03
8.396000000000000000e+03
8.148000000000000000e+03
7.600000000000000000e+03
7.256000000000000000e+03
7.063000000000000000e+03
6.565000000000000000e+03
6.208000000000000000e+03
5.698000000000000000e+03
5.218000000000000000e+03
4.687000000000000000e+03
4.560000000000000000e+03
4.066000000000000000e+03
3.666000000000000000e+03
3.173000000000000000e+03
2.930000000000000000e+03
2.574000000000000000e+03
2.211000000000000000e+03
1.959000000000000000e+03
1.635000000000000000e+03
1.423000000000000000e+03
1.189000000000000000e+03
1.060000000000000000e+03
8.150000000000000000e+02
6.460000000000000000e+02
5.680000000000000000e+02
4.260000000000000000e+02
3.740000000000000000e+02
2.910000000000000000e+02
1.970000000000000000e+02
1.620000000000000000e+02
1.180000000000000000e+02
8.300000000000000000e+01
6.200000000000000000e+01
5.000000000000000000e+01
2.700000000000000000e+01
2.500000000000000000e+01
1.000000000000000000e+01
4.000000000000000000e+00
4.000000000000000000e+00
2.000000000000000000e+00
1.000000000000000000e+00
3.000000000000000000e+00
0.000000000000000000e+00
2.000000000000000000e+00
0.000000000000000000e+00
