7.530000000000000000e+02
2.359000000000000000e+03
3.592000000000000000e+03
4.891000000000000000e+03
5.937000000000000000e+03
6.627000000000000000e+03
7.258000000000000000e+03
7.823000000000000000e+03
8.384000000000000000e+03
8.704000000000000000e+03
8.988000000000000000e+03
9.271000000000000000e+03
9.644000000000000000e+03
1.001000000000000000e+04
1.019500000000000000e+04
1.050500000000000000e+04
1.063600000000000000e+04
1.092500000000000000e+04
1.070000000000000000e+04
1.129600000000000000e+04
1.117600000000000000e+04
1.098600000000000000e+04
1.105700000000000000e+04
1.094500000000000000e+04
1.051700000000000000e+04
9.726000000000000000e+03
9.377000000000000000e+03
8.494000000000000000e+03
7.779000000000000000e+03
6.881000000000000000e+03
5.837000000000000000e+03
4.916000000000000000e+03
3.915000000000000000e+03
3.109000000000000000e+03
2.267000000000000000e+03
1.547000000000000000e+03
1.217000000000000000e+03
8.560000000000000000e+02
5.460000000000000000e+02
3.280000000000000000e+02
2.160000000000000000e+02
1.070000000000000000e+02
4.700000000000000000e+01
1.800000000000000000e+01
6.000000000000000000e+00
3.000000000000000000e+00
0.000000000000000000e+00
0.000000000000000000e+00
0.000000000000000000e+00
0.000000000000000000e+00
