5.170000000000000000e+02
1.480000000000000000e+03
2.302000000000000000e+03
3.192000000000000000e+03
3.931000000000000000e+03
4.234000000000000000e+03
4.683000000000000000e+03
5.173000000000000000e+03
5.383000000000000000e+03
5.700000000000000000e+03
5.936000000000000000e+03
6.330000000000000000e+03
6.376000000000000000e+03
6.697000000000000000e+03
6.897000000000000000e+03
6.900000000000000000e+03
7.195000000000000000e+03
7.297000000000000000e+03
7.507000000000000000e+03
7.474000000000000000e+03
7.562000000000000000e+03
7.608000000000000000e+03
7.732000000000000000e+03
7.541000000000000000e+03
7.122000000000000000e+03
6.946000000000000000e+03
6.479000000000000000e+03
5.976000000000000000e+03
5.452000000000000000e+03
4.792000000000000000e+03
4.160000000000000000e+03
3.396000000000000000e+03
2.775000000000000000e+03
2.203000000000000000e+03
1.638000000000000000e+03
1.109000000000000000e+03
8.280000000000000000e+02
5.980000000000000000e+02
3.850000000000000000e+02
2.580000000000000000e+02
1.490000000000000000e+02
7.700000000000000000e+01
3.200000000000000000e+01
1.000000000000000000e+01
8.000000000000000000e+00
1.000000000000000000e+00
0.000000000000000000e+00
0.000000000000000000e+00
0.000000000000000000e+00
0.000000000000000000e+00
