0.000000000000000000e+00
2.000000000000000000e+00
2.000000000000000000e+00
1.000000000000000000e+00
0.000000000000000000e+00
6.000000000000000000e+00
4.000000000000000000e+00
1.200000000000000000e+01
1.600000000000000000e+01
1.800000000000000000e+01
3.200000000000000000e+01
2.900000000000000000e+01
4.800000000000000000e+01
6.700000000000000000e+01
7.800000000000000000e+01
9.500000000000000000e+01
1.160000000000000000e+02
1.350000000000000000e+02
1.910000000000000000e+02
2.130000000000000000e+02
3.170000000000000000e+02
3.690000000000000000e+02
4.160000000000000000e+02
5.600000000000000000e+02
6.380000000000000000e+02
7.750000000000000000e+02
8.590000000000000000e+02
1.074000000000000000e+03
1.201000000000000000e+03
1.484000000000000000e+03
1.719000000000000000e+03
1.989000000000000000e+03
2.240000000000000000e+03
2.607000000000000000e+03
2.933000000000000000e+03
3.201000000000000000e+03
3.618000000000000000e+03
4.081000000000000000e+03
4.573000000000000000e+03
4.929000000000000000e+03
5.398000000000000000e+03
6.073000000000000000e+03
6.335000000000000000e+03
6.985000000000000000e+03
7.479000000000000000e+03
7.789000000000000000e+03
8.359000000000000000e+03
8.710000000000000000e+03
8.826000000000000000e+03
9.165000000000000000e+03
9.254000000000000000e+03
9.380000000000000000e+03
9.353000000000000000e+03
9.096000000000000000e+03
9.006000000000000000e+03
8.737000000000000000e+03
8.375000000000000000e+03
8.023000000000000000e+03
7.540000000000000000e+03
7.300000000000000000e+03
6.746000000000000000e+03
6.261000000000000000e+03
5.751000000000000000e+03
5.143000000000000000e+03
4.726000000000000000e+03
4.490000000000000000e+03
3.946000000000000000e+03
3.596000000000000000e+03
3.155000000000000000e+03
2.815000000000000000e+03
2.321000000000000000e+03
2.112000000000000000e+03
1.774000000000000000e+03
1.543000000000000000e+03
1.223000000000000000e+03
1.053000000000000000e+03
8.530000000000000000e+02
6.480000000000000000e+02
5.520000000000000000e+02
4.560000000000000000e+02
3.710000000000000000e+02
2.580000000000000000e+02
2.160000000000000000e+02
1.520000000000000000e+02
1.110000000000000000e+02
8.800000000000000000e+01
4.900000000000000000e+01
3.800000000000000000e+01
2.900000000000000000e+01
2.000000000000000000e+01
1.300000000000000000e+01
8.000000000000000000e+00
1.000000000000000000e+00
3.000000000000000000e+00
0.000000000000000000e+00
0.000000000000000000e+00
2.000000000000000000e+00
0.000000000000000000e+00
1.000000000000000000e+00
1.000000000000000000e+00
