1.095522753499188262e+00
1.147637826613908230e+00
1.202232063978825094e+00
1.259423401826435862e+00
1.319335386729470372e+00
1.382097442490181072e+00
1.447845149725817793e+00
1.516720538754247727e+00
1.588872396412431387e+00
1.664456587470545701e+00
1.743636391336088165e+00
1.826582854775319342e+00
1.913475161414005976e+00
2.004501018815666225e+00
2.099857063973504800e+00
2.199749288091989996e+00
2.304393481575691460e+00
2.414015700186681102e+00
2.528852753377474283e+00
2.649152715854451667e+00
2.775175463476841742e+00
2.907193234648929980e+00
3.045491218418247215e+00
3.190368170550142324e+00
3.342137058909628422e+00
3.501125739544658000e+00
3.667677664931328962e+00
3.842152625911007480e+00
4.024927528922105147e+00
4.216397210205525603e+00
4.416975288742645667e+00
4.627095059768381979e+00
4.847210430789533397e+00
5.077796902130419454e+00
5.319352594124014288e+00
5.572399323167561036e+00
5.837483728967177044e+00
6.115178455406591773e+00
6.406083387590923550e+00
6.710826947737839276e+00
7.030067452715493381e+00
7.364494536159863713e+00
7.714830638243579841e+00
8.081832566314480104e+00
8.466293129775261050e+00
8.869042852735914195e+00
9.290951768138699052e+00
9.732931297231374401e+00
1.019593621844877163e+01
1.068096672995596741e+01
1.118907061030859929e+01
1.172134548189795744e+01
1.227894118207020568e+01
1.286306224704213363e+01
1.347497051397918888e+01
1.411598784685673103e+01
1.478749899199333129e+01
1.549095456942434623e+01
1.622787420657813584e+01
1.699984982102431275e+01
1.780854905938529953e+01
1.865571889984050102e+01
1.954318942600477271e+01
2.047287778033414796e+01
2.144679230559885497e+01
2.246703688337001736e+01
2.353581547889264769e+01
2.465543690216230743e+01
2.582831979549099088e+01
2.705699785833634508e+01
2.834412532068077795e+01
2.969248267678490194e+01
3.110498269170070884e+01
3.258467669352069152e+01
3.413476116495527890e+01
3.575858464847769369e+01
3.745965497995366178e+01
3.924164686638135890e+01
4.110840982411208699e+01
4.306397649469979427e+01
4.511257135634316029e+01
4.725861984973997210e+01
4.950675793806658476e+01
5.186184212173520791e+01
5.432895992956294151e+01
5.691344090901520048e+01
5.962086813926654827e+01
6.245709029194799911e+01
6.542823426563626299e+01
6.854071842137790327e+01
7.180126644783943846e+01
7.521692188603699947e+01
7.879506334502033837e+01
8.254342044138228118e+01
8.647009049702610639e+01
9.058355603126094024e+01
9.489270308501400564e+01
9.940684041674275306e+01
1.041357196115149719e+02
1.090895561466974613e+02
