1.029687006272580252e+00
1.081753847678256886e+00
1.136453485222419957e+00
1.193919048077488609e+00
1.254290397185307882e+00
1.317714465653762934e+00
1.384345616365786569e+00
1.454346017671113378e+00
1.527886038075152442e+00
1.605144660885575281e+00
1.686309919825799586e+00
1.771579356675570427e+00
1.861160502052459531e+00
1.955271380504413736e+00
2.054141041142659940e+00
2.158010115106437254e+00
2.267131401216313957e+00
2.381770481241483939e+00
2.502206366278469485e+00
2.628732175814428640e+00
2.761655851127756911e+00
2.901300904762301514e+00
3.048007207899253501e+00
3.202131817543049319e+00
3.364049845534508254e+00
3.534155371506221499e+00
3.712862402002169659e+00
3.900605878095887213e+00
4.097842733959547346e+00
4.305053008960332050e+00
4.522741015990725089e+00
4.751436568876240329e+00
4.991696271847884780e+00
5.244104874217691226e+00
5.509276693554362225e+00
5.787857110822781870e+00
6.080524141126311122e+00
6.387990083874746539e+00
6.711003256394179495e+00
7.050349815198045711e+00
7.406855669352023774e+00
7.781388490589550067e+00
8.174859825070225128e+00
8.588227311920780593e+00
9.022497013958091117e+00
9.478725866266819011e+00
9.958024248591119232e+00
1.046155868780110687e+01
1.099055469701142940e+01
1.154629975826184740e+01
1.213014645601911745e+01
1.274351576912667028e+01
1.338790052921387108e+01
1.406486905398227805e+01
1.477606896421155369e+01
1.552323119377481753e+01
1.630817420242337690e+01
1.713280840159375629e+01
1.799914080400874639e+01
1.890927990838886075e+01
1.986544083116252324e+01
2.086995069766478395e+01
2.192525430594588087e+01
2.303392007697399890e+01
2.419864630571436948e+01
2.542226772829855364e+01
2.670776242126701661e+01
2.805825904967689866e+01
2.947704448171545621e+01
3.096757178835145652e+01
3.253346864749485690e+01
3.417854617311846965e+01
3.590680819083035402e+01
3.772246098247207158e+01
3.962992352345928992e+01
4.163383823778054449e+01
4.373908229683036097e+01
4.595077948957522551e+01
4.827431269294319804e+01
5.071533697278748321e+01
5.327979334730888183e+01
5.597392324643590200e+01
5.880428370235315327e+01
6.177776330814933203e+01
6.490159898342572831e+01
6.818339358766911573e+01
7.163113442425706978e+01
7.525321268013166787e+01
7.905844384845320860e+01
8.305608918394001705e+01
8.725587824311283214e+01
9.166803256430134184e+01
9.630329054504773012e+01
1.011729335774533212e+02
1.062888135050765754e+02
1.116633814682090815e+02
1.173097182077325016e+02
1.232415659013119011e+02
1.294733616094071635e+02
1.360202724125062730e+02
