0.000000000000000000e+00
1.000000000000000000e+00
0.000000000000000000e+00
0.000000000000000000e+00
0.000000000000000000e+00
2.000000000000000000e+00
1.000000000000000000e+00
7.000000000000000000e+00
7.000000000000000000e+00
1.300000000000000000e+01
1.900000000000000000e+01
2.400000000000000000e+01
4.000000000000000000e+01
4.900000000000000000e+01
6.300000000000000000e+01
5.900000000000000000e+01
9.800000000000000000e+01
1.110000000000000000e+02
1.580000000000000000e+02
1.940000000000000000e+02
2.380000000000000000e+02
2.930000000000000000e+02
3.300000000000000000e+02
4.120000000000000000e+02
4.800000000000000000e+02
5.700000000000000000e+02
6.980000000000000000e+02
8.550000000000000000e+02
1.040000000000000000e+03
1.166000000000000000e+03
1.306000000000000000e+03
1.526000000000000000e+03
1.799000000000000000e+03
2.061000000000000000e+03
2.375000000000000000e+03
2.672000000000000000e+03
2.925000000000000000e+03
3.312000000000000000e+03
3.658000000000000000e+03
4.074000000000000000e+03
4.548000000000000000e+03
4.969000000000000000e+03
5.504000000000000000e+03
5.762000000000000000e+03
6.401000000000000000e+03
6.897000000000000000e+03
7.192000000000000000e+03
7.681000000000000000e+03
7.898000000000000000e+03
8.293000000000000000e+03
8.540000000000000000e+03
8.402000000000000000e+03
8.534000000000000000e+03
8.662000000000000000e+03
8.606000000000000000e+03
8.402000000000000000e+03
8.295000000000000000e+03
7.718000000000000000e+03
7.621000000000000000e+03
7.139000000000000000e+03
6.840000000000000000e+03
6.406000000000000000e+03
5.920000000000000000e+03
5.484000000000000000e+03
4.962000000000000000e+03
4.602000000000000000e+03
4.197000000000000000e+03
3.759000000000000000e+03
3.334000000000000000e+03
3.087000000000000000e+03
2.616000000000000000e+03
2.317000000000000000e+03
2.039000000000000000e+03
1.736000000000000000e+03
1.536000000000000000e+03
1.226000000000000000e+03
1.085000000000000000e+03
8.530000000000000000e+02
6.970000000000000000e+02
5.440000000000000000e+02
4.480000000000000000e+02
3.880000000000000000e+02
2.730000000000000000e+02
2.050000000000000000e+02
1.560000000000000000e+02
1.120000000000000000e+02
8.300000000000000000e+01
5.400000000000000000e+01
4.100000000000000000e+01
2.400000000000000000e+01
1.500000000000000000e+01
8.000000000000000000e+00
5.000000000000000000e+00
3.000000000000000000e+00
4.000000000000000000e+00
1.000000000000000000e+00
0.000000000000000000e+00
1.000000000000000000e+00
0.000000000000000000e+00
1.000000000000000000e+00
