1.011125129419045310e+00
1.061913790372653654e+00
1.115253558015641744e+00
1.171272574047719228e+00
1.230105416706618549e+00
1.291893424074416652e+00
1.356785033623485237e+00
1.424936138817781028e+00
1.496510463626167464e+00
1.571679955847478327e+00
1.650625200192244568e+00
1.733535852113449849e+00
1.820611093428539773e+00
1.912060110827255022e+00
2.008102598414840845e+00
2.108969285497922730e+00
2.214902490880989561e+00
2.326156705005102410e+00
2.442999201327340497e+00
2.565710678409747203e+00
2.694585934260302906e+00
2.829934574545942105e+00
2.972081756379004958e+00
3.121368969463964582e+00
3.278154856481040103e+00
3.442816074677546467e+00
3.615748200736857321e+00
3.797366681098785168e+00
3.988107830014416155e+00
4.188429877733091722e+00
4.398814071339647747e+00
4.619765830886553459e+00
4.851815963598391512e+00
5.095521939065626782e+00
5.351469228491191998e+00
5.620272711207195293e+00
5.902578151840764953e+00
6.199063751677713618e+00
6.510441777950941145e+00
6.837460274967765095e+00
7.180904861186913735e+00
7.541600616562400994e+00
7.920414064688436895e+00
8.318255254507130658e+00
8.736079946580080247e+00
9.174891909176048799e+00
9.635745329690761807e+00
1.011974734719196078e+01
1.062806071217382353e+01
1.116190657991039181e+01
1.172256744411879836e+01
1.231139021797987532e+01
1.292978946991797962e+01
1.357925082191355237e+01
1.426133451851245049e+01
1.497767917510593527e+01
1.573000571448631213e+01
1.652012150113518629e+01
1.734992468317622283e+01
1.822140875242367741e+01
1.913666733348148696e+01
2.009789921339789487e+01
2.110741362395906862e+01
2.216763578931141510e+01
2.328111275224012999e+01
2.445051949310079920e+01
2.567866535610411205e+01
2.696850079839174441e+01
2.832312447811733946e+01
2.974579069856073588e+01
3.123991722615898681e+01
3.280909350123565815e+01
3.445708926115400317e+01
3.618786359660987983e+01
3.800557446282054741e+01
3.991458866845930231e+01
4.191949236633287512e+01
4.402510207100349504e+01
4.623647622982486638e+01
4.855892737518941971e+01
5.099803488718096389e+01
5.355965839729341127e+01
5.624995186541654846e+01
5.907537836390631014e+01
6.204272560425675920e+01
6.515912224367447436e+01
6.843205501072988284e+01
7.186938669122685042e+01
7.547937501750026001e+01
7.927069250652033361e+01
8.325244729446103520e+01
8.743420501778642517e+01
9.182601179342073294e+01
9.643841835320799305e+01
1.012825053906427826e+02
1.063699101807629290e+02
1.117128545371558914e+02
1.173241741732401380e+02
1.232173495383608781e+02
1.294065382027764883e+02
