0.000000000000000000e+00
1.000000000000000000e+00
0.000000000000000000e+00
0.000000000000000000e+00
0.000000000000000000e+00
0.000000000000000000e+00
0.000000000000000000e+00
0.000000000000000000e+00
0.000000000000000000e+00
0.000000000000000000e+00
0.000000000000000000e+00
0.000000000000000000e+00
2.000000000000000000e+00
5.000000000000000000e+00
1.300000000000000000e+01
2.600000000000000000e+01
7.400000000000000000e+01
1.670000000000000000e+02
2.460000000000000000e+02
4.300000000000000000e+02
5.930000000000000000e+02
6.720000000000000000e+02
9.560000000000000000e+02
1.174000000000000000e+03
1.498000000000000000e+03
1.706000000000000000e+03
2.040000000000000000e+03
2.421000000000000000e+03
2.774000000000000000e+03
3.086000000000000000e+03
3.466000000000000000e+03
3.771000000000000000e+03
4.199000000000000000e+03
4.651000000000000000e+03
5.172000000000000000e+03
5.726000000000000000e+03
5.888000000000000000e+03
6.703000000000000000e+03
7.331000000000000000e+03
7.859000000000000000e+03
8.507000000000000000e+03
9.106000000000000000e+03
9.931000000000000000e+03
1.063300000000000000e+04
1.156700000000000000e+04
1.256300000000000000e+04
1.339000000000000000e+04
1.422000000000000000e+04
1.544600000000000000e+04
1.662600000000000000e+04
1.744700000000000000e+04
1.860200000000000000e+04
1.959900000000000000e+04
2.074700000000000000e+04
2.184700000000000000e+04
2.304300000000000000e+04
2.429200000000000000e+04
2.528100000000000000e+04
2.608000000000000000e+04
2.749400000000000000e+04
2.835700000000000000e+04
2.944000000000000000e+04
3.000900000000000000e+04
3.069600000000000000e+04
3.106300000000000000e+04
3.191400000000000000e+04
3.206700000000000000e+04
3.246200000000000000e+04
3.209800000000000000e+04
3.193300000000000000e+04
3.137300000000000000e+04
3.031600000000000000e+04
2.938700000000000000e+04
2.763800000000000000e+04
2.594400000000000000e+04
2.290300000000000000e+04
2.027700000000000000e+04
1.779800000000000000e+04
1.495500000000000000e+04
1.245400000000000000e+04
1.008200000000000000e+04
7.924000000000000000e+03
6.240000000000000000e+03
4.675000000000000000e+03
3.434000000000000000e+03
2.543000000000000000e+03
1.755000000000000000e+03
1.151000000000000000e+03
6.670000000000000000e+02
4.800000000000000000e+02
2.630000000000000000e+02
1.490000000000000000e+02
8.200000000000000000e+01
3.400000000000000000e+01
3.500000000000000000e+01
1.100000000000000000e+01
7.000000000000000000e+00
3.000000000000000000e+00
2.000000000000000000e+00
1.000000000000000000e+00
