1.139732494311758382e+00
1.196839776620113760e+00
1.256808468696921199e+00
1.319781943953277414e+00
1.385910759649036317e+00
1.455353016845763570e+00
1.528274738395446475e+00
1.604850265868653203e+00
1.685262676371122259e+00
1.769704220245306825e+00
1.858376780703333120e+00
1.951492356490266866e+00
2.049273568731639461e+00
2.151954193177007646e+00
2.259779719112037011e+00
2.373007936275359331e+00
2.491909551183406180e+00
2.616768834336731242e+00
2.747884299855166912e+00
2.885569419166682970e+00
3.030153370456250439e+00
3.181981825666482688e+00
3.341417776931627337e+00
3.508842404420747130e+00
3.684655987664932297e+00
3.869278862547356646e+00
4.063152426244139193e+00
4.266740192518646779e+00
4.480528899892219030e+00
4.705029675340759887e+00
4.940779256299339117e+00
5.188341273896401873e+00
5.448307600485530422e+00
5.721299764696457402e+00
6.007970437388426177e+00
6.309004992058535599e+00
6.625123143435692974e+00
6.957080668177732186e+00
7.305671211785546681e+00
7.671728186054229681e+00
8.056126761597628416e+00
8.459785960210076894e+00
8.883670852067716339e+00
9.328794863022487505e+00
9.796222197505096929e+00
1.028707038282960262e+01
1.080251294098261283e+01
1.134378219428479717e+01
1.191217221163241824e+01
1.250904190236299129e+01
1.313581826514156958e+01
1.379399979963548972e+01
1.448516008913382258e+01
1.521095156267728221e+01
1.597310944569270497e+01
1.677345590857762048e+01
1.761390442315325799e+01
1.849646433740120699e+01
1.942324567942151958e+01
2.039646420209693289e+01
2.141844668052472755e+01
2.249163647488062168e+01
2.361859937201512949e+01
2.480202971974780723e+01
2.604475686852596539e+01
2.734975193584790176e+01
2.872013490962379834e+01
3.015918210745623895e+01
3.167033400967488888e+01
3.325720348485163669e+01
3.492358442746284908e+01
3.667346082834858123e+01
3.851101629965557294e+01
4.044064407703514519e+01
4.246695752301053517e+01
4.459480115662386623e+01
4.682926223573358016e+01
4.917568291965289973e+01
5.163967304120731683e+01
5.422712351874784531e+01
5.694422044018393336e+01
5.979745985270989195e+01
6.279366329358249743e+01
6.593999409908251153e+01
6.924397453064990771e+01
7.271350375913986852e+01
7.635687675019451603e+01
8.018280409588352597e+01
8.420043284002511541e+01
8.841936834697906988e+01
9.284969726619310393e+01
9.750201164740917648e+01
1.023874342641815645e+02
1.075176452062532633e+02
1.129049098043648485e+02
1.185621079542612648e+02
1.245027649100026395e+02
1.307410836202011239e+02
1.372919786844923067e+02
1.441711120114249525e+02
