0.000000000000000000e+00
1.000000000000000000e+00
0.000000000000000000e+00
0.000000000000000000e+00
0.000000000000000000e+00
2.000000000000000000e+00
8.000000000000000000e+00
1.900000000000000000e+01
3.000000000000000000e+01
7.400000000000000000e+01
1.410000000000000000e+02
2.420000000000000000e+02
3.500000000000000000e+02
4.710000000000000000e+02
6.400000000000000000e+02
7.950000000000000000e+02
1.006000000000000000e+03
1.214000000000000000e+03
1.448000000000000000e+03
1.558000000000000000e+03
1.793000000000000000e+03
2.076000000000000000e+03
2.330000000000000000e+03
2.552000000000000000e+03
2.856000000000000000e+03
3.137000000000000000e+03
3.433000000000000000e+03
3.797000000000000000e+03
4.201000000000000000e+03
4.607000000000000000e+03
4.902000000000000000e+03
5.257000000000000000e+03
5.698000000000000000e+03
6.038000000000000000e+03
6.574000000000000000e+03
6.984000000000000000e+03
7.529000000000000000e+03
8.064000000000000000e+03
8.826000000000000000e+03
9.397000000000000000e+03
1.003500000000000000e+04
1.071400000000000000e+04
1.134300000000000000e+04
1.214500000000000000e+04
1.290300000000000000e+04
1.382900000000000000e+04
1.448300000000000000e+04
1.515100000000000000e+04
1.582200000000000000e+04
1.681200000000000000e+04
1.751400000000000000e+04
1.845800000000000000e+04
1.929500000000000000e+04
2.005600000000000000e+04
2.077900000000000000e+04
2.171900000000000000e+04
2.232100000000000000e+04
2.296400000000000000e+04
2.360500000000000000e+04
2.402200000000000000e+04
2.496200000000000000e+04
2.519600000000000000e+04
2.540900000000000000e+04
2.611000000000000000e+04
2.592800000000000000e+04
2.606700000000000000e+04
2.611600000000000000e+04
2.538500000000000000e+04
2.523100000000000000e+04
2.458100000000000000e+04
2.356600000000000000e+04
2.286900000000000000e+04
2.134300000000000000e+04
1.972000000000000000e+04
1.781700000000000000e+04
1.544600000000000000e+04
1.357800000000000000e+04
1.145100000000000000e+04
9.797000000000000000e+03
7.869000000000000000e+03
6.328000000000000000e+03
5.079000000000000000e+03
3.848000000000000000e+03
2.882000000000000000e+03
2.141000000000000000e+03
1.562000000000000000e+03
9.870000000000000000e+02
6.910000000000000000e+02
4.360000000000000000e+02
2.990000000000000000e+02
1.610000000000000000e+02
9.500000000000000000e+01
4.600000000000000000e+01
3.800000000000000000e+01
2.100000000000000000e+01
9.000000000000000000e+00
2.000000000000000000e+00
4.000000000000000000e+00
4.000000000000000000e+00
0.000000000000000000e+00
