5.770000000000000000e+02
1.732000000000000000e+03
2.796000000000000000e+03
3.731000000000000000e+03
4.326000000000000000e+03
5.052000000000000000e+03
5.464000000000000000e+03
5.787000000000000000e+03
6.280000000000000000e+03
6.619000000000000000e+03
6.689000000000000000e+03
7.052000000000000000e+03
7.435000000000000000e+03
7.361000000000000000e+03
7.623000000000000000e+03
7.742000000000000000e+03
8.088000000000000000e+03
8.309000000000000000e+03
8.439000000000000000e+03
8.478000000000000000e+03
8.328000000000000000e+03
8.700000000000000000e+03
8.627000000000000000e+03
8.371000000000000000e+03
8.131000000000000000e+03
7.713000000000000000e+03
7.398000000000000000e+03
6.825000000000000000e+03
6.092000000000000000e+03
5.373000000000000000e+03
4.700000000000000000e+03
3.920000000000000000e+03
3.248000000000000000e+03
2.445000000000000000e+03
1.776000000000000000e+03
1.314000000000000000e+03
8.870000000000000000e+02
6.960000000000000000e+02
4.140000000000000000e+02
2.580000000000000000e+02
1.740000000000000000e+02
8.500000000000000000e+01
3.800000000000000000e+01
1.500000000000000000e+01
1.000000000000000000e+01
1.000000000000000000e+00
0.000000000000000000e+00
0.000000000000000000e+00
0.000000000000000000e+00
0.000000000000000000e+00
