2.129905220347552419e-01
2.237417694853204297e-01
2.350357139565747155e-01
2.468997494841981277e-01
2.593626528886698313e-01
2.724546535749075016e-01
2.862075068552232260e-01
3.006545709734458338e-01
3.158308880170350719e-01
3.317732689134432200e-01
3.485203827168887880e-01
3.661128504021106123e-01
3.845933433926040368e-01
4.040066870623254536e-01
4.243999694619118301e-01
4.458226555331388230e-01
4.683267070886475980e-01
4.919667088479596218e-01
5.168000008354850516e-01
5.428868174616631181e-01
5.702904336245819827e-01
5.990773181864569308e-01
6.293172951972300089e-01
6.610837132563479601e-01
6.944536234235134664e-01
7.295079661099427293e-01
7.663317674034418880e-01
8.050143453034994678e-01
8.456495263666283790e-01
8.883358732874424568e-01
9.331769239674757577e-01
9.802814426516190949e-01
1.029763683741317992e+00
1.081743668924423307e+00
1.136347478293888713e+00
1.193707556161436978e+00
1.253963032307961800e+00
1.317260059449873788e+00
1.383752167739935590e+00
1.453600637162440590e+00
1.526974888726003066e+00
1.604052895402814816e+00
1.685021613811125363e+00
1.770077437688011068e+00
1.859426674252353529e+00
1.953286044613474104e+00
2.051883209439185674e+00
2.155457321158301465e+00
2.264259604036991114e+00
2.378553963535992910e+00
2.498617626426706817e+00
2.624741813218802289e+00
2.757232444530348214e+00
2.896410883113803791e+00
3.042614713337690180e+00
3.196198560014614554e+00
3.357534948561753385e+00
3.527015208580166927e+00
3.705050423044613961e+00
3.892072425406173597e+00
4.088534847026206620e+00
4.294914217482252994e+00
4.511711120414710230e+00
4.739451407717869991e+00
4.978687475020383779e+00
5.229999601548902532e+00
5.493997357624800237e+00
5.771321083207936908e+00
6.062643441073735318e+00
6.368671048390898370e+00
6.690146190657219272e+00
7.027848622150743019e+00
7.382597457263353036e+00
7.755253157304314193e+00
8.146719617592859564e+00
8.557946359902180333e+00
8.989930835572689460e+00
9.443720844880880705e+00
9.920417078532100419e+00
1.042117578744172590e+01
1.094721158728047072e+01
1.149980040458634889e+01
1.208028257158926522e+01
1.269006607725489744e+01
1.333062998243339692e+01
1.400352800739658221e+01
1.471039230046532964e+01
1.545293739686818313e+01
1.623296437743359988e+01
1.705236523720293818e+01
1.791312747456046495e+01
1.881733891201161768e+01
1.976719276030244998e+01
2.076499293816366531e+01
2.181315966058245337e+01
2.291423530915680473e+01
2.407089059877116100e+01
2.528593105555093601e+01
2.656230382180857319e+01
2.790310480448684061e+01
