7.230000000000000000e+02
2.028000000000000000e+03
3.379000000000000000e+03
4.275000000000000000e+03
5.354000000000000000e+03
6.029000000000000000e+03
6.701000000000000000e+03
7.058000000000000000e+03
7.481000000000000000e+03
7.844000000000000000e+03
7.985000000000000000e+03
8.411000000000000000e+03
8.606000000000000000e+03
8.915000000000000000e+03
9.215000000000000000e+03
9.399000000000000000e+03
9.715000000000000000e+03
9.782000000000000000e+03
9.780000000000000000e+03
9.938000000000000000e+03
9.972000000000000000e+03
1.002500000000000000e+04
1.005900000000000000e+04
9.863000000000000000e+03
9.312000000000000000e+03
9.063000000000000000e+03
8.176000000000000000e+03
7.948000000000000000e+03
7.030000000000000000e+03
6.276000000000000000e+03
5.473000000000000000e+03
4.492000000000000000e+03
3.484000000000000000e+03
2.846000000000000000e+03
2.101000000000000000e+03
1.365000000000000000e+03
1.120000000000000000e+03
7.230000000000000000e+02
4.940000000000000000e+02
2.820000000000000000e+02
1.760000000000000000e+02
9.700000000000000000e+01
5.500000000000000000e+01
2.000000000000000000e+01
7.000000000000000000e+00
1.000000000000000000e+00
0.000000000000000000e+00
0.000000000000000000e+00
0.000000000000000000e+00
0.000000000000000000e+00
