3.470465305482933749e-01
3.628515400548096848e-01
3.793763329434172160e-01
3.966536892081374832e-01
4.147178816921392452e-01
4.336047440742843984e-01
4.533517419518816038e-01
4.739980471606529133e-01
4.955846154793405733e-01
5.181542678730971518e-01
5.417517754368176286e-01
5.664239482069167719e-01
5.922197280177252665e-01
6.191902855867027489e-01
6.473891220210539199e-01
6.768721749471057203e-01
7.076979294729723868e-01
7.399275342046229831e-01
7.736249225454924217e-01
8.088569395202536150e-01
8.456934743743322880e-01
8.842075992121979366e-01
9.244757139494464981e-01
9.665776978662147245e-01
1.010597068062558668e+00
1.056621145130125283e+00
1.104741226368752827e+00
1.155052766891613514e+00
1.207655568978146965e+00
1.262653980050407743e+00
1.320157099665546063e+00
1.380278995935030562e+00
1.443138931799919256e+00
1.508861601611042769e+00
1.577577378483393522e+00
1.649422572915398844e+00
1.724539703186098505e+00
1.803077778066602965e+00
1.885192592406651046e+00
1.971047036182613343e+00
2.060811417619994756e+00
2.154663801031414305e+00
2.252790360040219042e+00
2.355385746890425125e+00
2.462653478575574262e+00
2.574806340552467265e+00
2.692066808840615888e+00
2.814667491344721828e+00
2.942851589275633728e+00
3.076873379585090884e+00
3.216998719371256144e+00
3.363505573255617609e+00
3.516684564777412980e+00
3.676839552899363817e+00
3.844288234768329815e+00
4.019362775926571985e+00
4.202410469223761602e+00
4.393794423736807175e+00
4.593894285064120453e+00
4.803106988423117230e+00
5.021847546044909905e+00
5.250549870428097066e+00
5.489667635084747310e+00
5.739675174486024822e+00
6.001068424992655359e+00
6.274365908636754696e+00
6.560109761706526932e+00
6.858866810174221840e+00
7.171229694100668794e+00
7.497818043246838648e+00
7.839279706224493438e+00
8.196292035624157535e+00
8.569563231669720338e+00
8.959833747065021115e+00
9.367877755819236540e+00
9.794504688964739358e+00
1.024056084021378510e+01
1.070693104473918211e+01
1.119454043440910418e+01
1.170435627295786674e+01
1.223738987473309159e+01
1.279469861082543680e+01
1.337738800656041782e+01
1.398661393451310353e+01
1.462358490739592121e+01
1.528956447536793917e+01
1.598587373252115817e+01
1.671389393751586283e+01
1.747506925356352525e+01
1.827090961319267493e+01
1.910299371348027719e+01
1.997297214769044515e+01
2.088257067953257717e+01
2.183359366653397515e+01
2.282792763931796287e+01
2.386754504388751741e+01
2.495450815433807890e+01
2.609097316376097808e+01
2.727919446145270399e+01
2.852152910491449589e+01
