0.000000000000000000e+00
2.000000000000000000e+00
3.000000000000000000e+00
1.900000000000000000e+01
5.400000000000000000e+01
9.400000000000000000e+01
1.580000000000000000e+02
2.060000000000000000e+02
3.620000000000000000e+02
4.530000000000000000e+02
5.850000000000000000e+02
7.500000000000000000e+02
9.070000000000000000e+02
1.089000000000000000e+03
1.289000000000000000e+03
1.497000000000000000e+03
1.616000000000000000e+03
1.895000000000000000e+03
2.137000000000000000e+03
2.316000000000000000e+03
2.581000000000000000e+03
2.909000000000000000e+03
3.106000000000000000e+03
3.431000000000000000e+03
3.784000000000000000e+03
4.069000000000000000e+03
4.336000000000000000e+03
4.755000000000000000e+03
5.076000000000000000e+03
5.450000000000000000e+03
5.824000000000000000e+03
6.310000000000000000e+03
6.657000000000000000e+03
7.254000000000000000e+03
7.837000000000000000e+03
8.413000000000000000e+03
8.977000000000000000e+03
9.509000000000000000e+03
1.003900000000000000e+04
1.084600000000000000e+04
1.130200000000000000e+04
1.222300000000000000e+04
1.284400000000000000e+04
1.328400000000000000e+04
1.414600000000000000e+04
1.490700000000000000e+04
1.578200000000000000e+04
1.633600000000000000e+04
1.702700000000000000e+04
1.780000000000000000e+04
1.881100000000000000e+04
1.933600000000000000e+04
2.015600000000000000e+04
2.068900000000000000e+04
2.134800000000000000e+04
2.218200000000000000e+04
2.256300000000000000e+04
2.310000000000000000e+04
2.370100000000000000e+04
2.417800000000000000e+04
2.463500000000000000e+04
2.449600000000000000e+04
2.507900000000000000e+04
2.520600000000000000e+04
2.506100000000000000e+04
2.448500000000000000e+04
2.422200000000000000e+04
2.394300000000000000e+04
2.316900000000000000e+04
2.241400000000000000e+04
2.111100000000000000e+04
1.966600000000000000e+04
1.820900000000000000e+04
1.614900000000000000e+04
1.424500000000000000e+04
1.248400000000000000e+04
1.054100000000000000e+04
8.862000000000000000e+03
7.185000000000000000e+03
5.901000000000000000e+03
4.749000000000000000e+03
3.567000000000000000e+03
2.824000000000000000e+03
1.970000000000000000e+03
1.527000000000000000e+03
1.024000000000000000e+03
7.000000000000000000e+02
4.510000000000000000e+02
3.110000000000000000e+02
1.840000000000000000e+02
9.800000000000000000e+01
6.400000000000000000e+01
3.900000000000000000e+01
2.700000000000000000e+01
1.100000000000000000e+01
8.000000000000000000e+00
2.000000000000000000e+00
2.000000000000000000e+00
1.000000000000000000e+00
0.000000000000000000e+00
