4.040129276391655200e-01
4.218102806998997312e-01
4.403916328713042283e-01
4.597915204466939132e-01
4.800460010929917254e-01
5.011927208694342273e-01
5.232709841985471177e-01
5.463218269194437537e-01
5.703880925592269557e-01
5.955145119642559770e-01
6.217477864392860765e-01
6.491366745490071422e-01
6.777320827433157557e-01
7.075871599747607377e-01
7.387573964840249419e-01
7.713007269370488750e-01
8.052776381054945753e-01
8.407512812906892119e-01
8.777875897000059213e-01
9.164554009938429280e-01
9.568265852309757458e-01
9.989761784500853503e-01
1.042982522135746271e+00
1.088927408828093357e+00
1.136896234146804074e+00
1.186978155511956734e+00
1.239266257856772580e+00
1.293857726640242678e+00
1.350854028481211389e+00
1.410361099749652292e+00
1.472489543465661299e+00
1.537354834872136422e+00
1.605077536063230337e+00
1.675783520067493981e+00
1.749604204802211571e+00
1.826676797333756985e+00
1.907144548897973468e+00
1.991157021154570161e+00
2.078870364170410046e+00
2.170447606648358896e+00
2.266058958941140400e+00
2.365882129413385826e+00
2.470102654739887438e+00
2.578914244753971019e+00
2.692519142486935912e+00
2.811128500067749947e+00
2.934962771181672370e+00
3.064252120817244407e+00
3.199236853063226693e+00
3.340167857750608871e+00
3.487307076769849079e+00
3.640927990930055813e+00
3.801316128265021188e+00
3.968769594730873873e+00
4.143599628281724456e+00
4.326131177353144786e+00
4.516703504828686988e+00
4.715670818611988224e+00
4.923402929976493425e+00
5.140285940916439422e+00
5.366722961776635437e+00
5.603134860494868974e+00
5.849961044849540492e+00
6.107660279166408301e+00
6.376711537002468511e+00
6.657614891391785861e+00
6.950892444307929630e+00
7.257089297070581146e+00
7.576774563499962589e+00
7.910542427702154988e+00
8.259013248451417155e+00
8.622834712222127607e+00
9.002683037013444078e+00
9.399264229204181476e+00
9.813315395773981820e+00
1.024560611432968216e+01
1.069693986348337589e+01
1.116815551624062053e+01
1.166012889917464435e+01
1.217377442028436541e+01
1.271004676856189519e+01
1.326994268842851987e+01
1.385450283233709001e+01
1.446481369498420122e+01
1.510200963272730768e+01
1.576727497195999206e+01
1.646184621036421092e+01
1.718701431513095912e+01
1.794412712242081298e+01
1.873459184252413934e+01
1.955987767537734712e+01
2.042151854129631161e+01
2.132111593200254518e+01
2.226034188724127816e+01
2.324094210252379966e+01
2.426473917377028400e+01
2.533363598488399049e+01
2.644961924455282443e+01
2.761476317885215792e+01
2.883123338651230227e+01
