3.210844778734513461e-01
3.359930558894675956e-01
3.515938682356256062e-01
3.679190567008547297e-01
3.850022554799800156e-01
4.028786604690363649e-01
4.215851017780989918e-01
4.411601196110263023e-01
4.616440436684461357e-01
4.830790762375783975e-01
5.055093791400797620e-01
5.289811647170460374e-01
5.535427910386258032e-01
5.792448615344013563e-01
6.061403292498035444e-01
6.342846059433536743e-01
6.637356762495042473e-01
6.945542171422817157e-01
7.268037229458601534e-01
7.605506361496184864e-01
7.958644842971963618e-01
8.328180232315752773e-01
8.714873869913082327e-01
9.119522446667230886e-01
9.542959645392656842e-01
9.986057858421518718e-01
1.044972998496202177e+00
1.093493131191159762e+00
1.144266148199993616e+00
1.197396655331670390e+00
1.252994115446715018e+00
1.311173073979581716e+00
1.372053394932464476e+00
1.435760507826762344e+00
1.502425666120982051e+00
1.572186217627486116e+00
1.645185887485220322e+00
1.721575074271413319e+00
1.801511159862321909e+00
1.885158833681412460e+00
1.972690432003018746e+00
2.064286293010529683e+00
2.160135128340620270e+00
2.260434411879004735e+00
2.365390786608735585e+00
2.475220490349261393e+00
2.590149801263375906e+00
2.710415504049929147e+00
2.836265377782768660e+00
2.967958706400995794e+00
3.105766812902280183e+00
3.249973618339811132e+00
3.400876226774562028e+00
3.558785537388034825e+00
3.724026885016590072e+00
3.896940710427028165e+00
4.077883261714385199e+00
4.267227328266979924e+00
4.465363008810898648e+00
4.672698515116278095e+00
4.889661013021240343e+00
5.116697502506203143e+00
5.354275738631757875e+00
5.602885195237493399e+00
5.863038073387219384e+00
6.135270356638288902e+00
6.420142915309107856e+00
6.718242662019953571e+00
7.030183760887801725e+00
7.356608892866418614e+00
7.698190579838670722e+00
8.055632570189011687e+00
8.429671288710805399e+00
8.821077353835661938e+00
9.230657165310713452e+00
9.659254565594800113e+00
1.010775257839655339e+01
1.057707522793618082e+01
1.106818944267909544e+01
1.158210704746366559e+01
1.211988684812727968e+01
1.268263681292567036e+01
1.327151635523983764e+01
1.388773872227345230e+01
1.453257349466213277e+01
1.520734920214448493e+01
1.591345606068384377e+01
1.665234883667988441e+01
1.742554984417114738e+01
1.823465208120359549e+01
1.908132251182679084e+01
1.996730550047957564e+01
2.089442640584098498e+01
2.186459534155067885e+01
2.287981111154692115e+01
2.394216532812993137e+01
2.505384672123502199e+01
2.621714564779372836e+01
2.743445881047313506e+01
2.870829419551569828e+01
