1.151093624663325654e+00
1.207268614660090833e+00
1.266185023281305000e+00
1.327976635616648027e+00
1.392783765656588901e+00
1.460753574911938912e+00
1.532040406582488412e+00
1.606806136033542387e+00
1.685220538376206001e+00
1.767461673986104653e+00
1.853716292835961399e+00
1.944180258560172181e+00
2.039058993214331039e+00
2.138567943739646982e+00
2.242933071191477001e+00
2.352391363842908145e+00
2.467191375328509295e+00
2.587593789050260717e+00
2.713872010127285961e+00
2.846312786233565539e+00
2.985216858733402923e+00
3.130899645593221869e+00
3.283691957620417767e+00
3.443940749655675315e+00
3.612009908424532956e+00
3.788281078837199889e+00
3.973154530612990509e+00
4.167050067197225260e+00
4.370407979034577117e+00
4.583690043363495725e+00
4.807380572801990049e+00
5.041987515105907036e+00
5.288043606596925628e+00
5.546107581879496706e+00
5.816765442593637481e+00
6.100631788084690754e+00
6.398351211011593875e+00
6.710599761062850277e+00
7.038086480103847187e+00
7.381555012241566516e+00
7.741785292462711965e+00
8.119595317679724644e+00
8.515843004206393729e+00
8.931428135880832286e+00
9.367294407259651123e+00
9.824431566522845216e+00
1.030387766295547891e+01
1.080672140410964133e+01
1.133410462799923124e+01
1.188722489594126053e+01
1.246733821193161162e+01
1.307576187473001283e+01
1.371387746913084449e+01
1.438313400321216662e+01
1.508505119868694599e+01
1.582122294182797972e+01
1.659332090280289052e+01
1.740309833163774300e+01
1.825239403942902783e+01
1.914313657384436596e+01
2.007734859839357000e+01
2.105715148541433379e+01
2.208477013320199234e+01
2.316253801822206881e+01
2.429290249387788236e+01
2.547843034786554028e+01
2.672181363073555360e+01
2.802587576889657939e+01
2.939357797594234256e+01
3.082802597686029245e+01
3.233247706039110625e+01
3.391034747555331563e+01
3.556522018912879446e+01
3.730085302172432904e+01
3.912118718088452596e+01
4.103035621063266802e+01
4.303269537776179021e+01
4.513275151618984893e+01
4.733529335173339803e+01
4.964532233074479706e+01
5.206808397720206472e+01
5.460907980404069662e+01
5.727407980577535085e+01
6.006913556077908822e+01
6.300059397297215469e+01
6.607511168412453628e+01
6.929967018949930946e+01
7.268159169116071894e+01
7.622855572494565024e+01
7.994861659885509653e+01
8.385022168246368324e+01
8.794223058887790501e+01
9.223393529280097880e+01
9.673508123038773476e+01
1.014558894288022088e+02
1.064070797157286137e+02
1.115998950615388168e+02
1.170461271093929128e+02
1.227581429512436983e+02
1.287489132105476131e+02
