0.000000000000000000e+00
1.000000000000000000e+00
2.000000000000000000e+00
0.000000000000000000e+00
1.000000000000000000e+00
1.000000000000000000e+00
4.000000000000000000e+00
1.000000000000000000e+01
9.000000000000000000e+00
1.100000000000000000e+01
2.700000000000000000e+01
2.100000000000000000e+01
4.500000000000000000e+01
3.900000000000000000e+01
6.300000000000000000e+01
6.900000000000000000e+01
1.060000000000000000e+02
1.290000000000000000e+02
1.640000000000000000e+02
2.070000000000000000e+02
2.300000000000000000e+02
3.450000000000000000e+02
3.840000000000000000e+02
4.320000000000000000e+02
5.590000000000000000e+02
6.820000000000000000e+02
7.350000000000000000e+02
9.390000000000000000e+02
1.030000000000000000e+03
1.248000000000000000e+03
1.403000000000000000e+03
1.654000000000000000e+03
1.841000000000000000e+03
2.169000000000000000e+03
2.394000000000000000e+03
2.611000000000000000e+03
3.034000000000000000e+03
3.356000000000000000e+03
3.800000000000000000e+03
4.234000000000000000e+03
4.555000000000000000e+03
4.991000000000000000e+03
5.324000000000000000e+03
5.615000000000000000e+03
6.162000000000000000e+03
6.411000000000000000e+03
6.776000000000000000e+03
7.117000000000000000e+03
7.317000000000000000e+03
7.711000000000000000e+03
7.613000000000000000e+03
7.555000000000000000e+03
7.511000000000000000e+03
7.362000000000000000e+03
6.987000000000000000e+03
6.887000000000000000e+03
6.527000000000000000e+03
6.443000000000000000e+03
5.906000000000000000e+03
5.551000000000000000e+03
5.078000000000000000e+03
4.628000000000000000e+03
4.391000000000000000e+03
3.979000000000000000e+03
3.496000000000000000e+03
3.197000000000000000e+03
2.784000000000000000e+03
2.492000000000000000e+03
2.165000000000000000e+03
1.887000000000000000e+03
1.565000000000000000e+03
1.384000000000000000e+03
1.118000000000000000e+03
9.390000000000000000e+02
7.830000000000000000e+02
6.330000000000000000e+02
5.450000000000000000e+02
4.100000000000000000e+02
3.180000000000000000e+02
2.280000000000000000e+02
1.750000000000000000e+02
1.390000000000000000e+02
1.000000000000000000e+02
6.900000000000000000e+01
5.500000000000000000e+01
3.400000000000000000e+01
2.100000000000000000e+01
2.000000000000000000e+01
7.000000000000000000e+00
5.000000000000000000e+00
5.000000000000000000e+00
0.000000000000000000e+00
1.000000000000000000e+00
1.000000000000000000e+00
2.000000000000000000e+00
0.000000000000000000e+00
0.000000000000000000e+00
0.000000000000000000e+00
0.000000000000000000e+00
1.000000000000000000e+00
