0.000000000000000000e+00
1.000000000000000000e+00
0.000000000000000000e+00
1.000000000000000000e+00
3.000000000000000000e+00
4.000000000000000000e+00
1.700000000000000000e+01
2.700000000000000000e+01
6.000000000000000000e+01
1.250000000000000000e+02
1.960000000000000000e+02
3.730000000000000000e+02
4.630000000000000000e+02
6.940000000000000000e+02
8.390000000000000000e+02
1.107000000000000000e+03
1.276000000000000000e+03
1.455000000000000000e+03
1.763000000000000000e+03
2.067000000000000000e+03
2.335000000000000000e+03
2.734000000000000000e+03
2.892000000000000000e+03
3.347000000000000000e+03
3.657000000000000000e+03
4.053000000000000000e+03
4.387000000000000000e+03
4.731000000000000000e+03
5.273000000000000000e+03
5.661000000000000000e+03
6.077000000000000000e+03
6.573000000000000000e+03
7.011000000000000000e+03
7.519000000000000000e+03
8.192000000000000000e+03
8.857000000000000000e+03
9.359000000000000000e+03
1.002100000000000000e+04
1.086900000000000000e+04
1.164100000000000000e+04
1.225100000000000000e+04
1.326400000000000000e+04
1.406500000000000000e+04
1.493700000000000000e+04
1.614000000000000000e+04
1.699100000000000000e+04
1.781100000000000000e+04
1.884000000000000000e+04
1.986900000000000000e+04
2.108200000000000000e+04
2.199900000000000000e+04
2.300000000000000000e+04
2.423600000000000000e+04
2.539000000000000000e+04
2.634500000000000000e+04
2.732300000000000000e+04
2.847000000000000000e+04
2.917800000000000000e+04
3.011000000000000000e+04
3.076000000000000000e+04
3.177300000000000000e+04
3.189900000000000000e+04
3.234900000000000000e+04
3.273500000000000000e+04
3.295400000000000000e+04
3.317600000000000000e+04
3.244900000000000000e+04
3.248700000000000000e+04
3.172900000000000000e+04
3.036600000000000000e+04
2.914500000000000000e+04
2.790600000000000000e+04
2.579200000000000000e+04
2.287600000000000000e+04
2.068100000000000000e+04
1.800000000000000000e+04
1.542800000000000000e+04
1.305700000000000000e+04
1.065300000000000000e+04
8.884000000000000000e+03
7.219000000000000000e+03
5.682000000000000000e+03
4.243000000000000000e+03
3.267000000000000000e+03
2.489000000000000000e+03
1.829000000000000000e+03
1.258000000000000000e+03
8.220000000000000000e+02
6.150000000000000000e+02
3.580000000000000000e+02
2.430000000000000000e+02
1.360000000000000000e+02
7.000000000000000000e+01
4.800000000000000000e+01
2.400000000000000000e+01
1.300000000000000000e+01
6.000000000000000000e+00
7.000000000000000000e+00
2.000000000000000000e+00
0.000000000000000000e+00
