0.000000000000000000e+00
2.000000000000000000e+00
2.000000000000000000e+00
2.000000000000000000e+00
7.000000000000000000e+00
4.000000000000000000e+00
9.000000000000000000e+00
1.000000000000000000e+01
1.100000000000000000e+01
2.500000000000000000e+01
2.600000000000000000e+01
4.000000000000000000e+01
4.700000000000000000e+01
6.500000000000000000e+01
7.100000000000000000e+01
8.400000000000000000e+01
1.590000000000000000e+02
1.330000000000000000e+02
1.860000000000000000e+02
2.250000000000000000e+02
3.090000000000000000e+02
3.470000000000000000e+02
3.870000000000000000e+02
4.780000000000000000e+02
5.960000000000000000e+02
6.740000000000000000e+02
8.480000000000000000e+02
9.120000000000000000e+02
1.114000000000000000e+03
1.140000000000000000e+03
1.416000000000000000e+03
1.670000000000000000e+03
1.781000000000000000e+03
2.064000000000000000e+03
2.298000000000000000e+03
2.565000000000000000e+03
2.809000000000000000e+03
3.174000000000000000e+03
3.561000000000000000e+03
3.895000000000000000e+03
4.285000000000000000e+03
4.648000000000000000e+03
5.148000000000000000e+03
5.481000000000000000e+03
5.802000000000000000e+03
5.974000000000000000e+03
6.362000000000000000e+03
6.714000000000000000e+03
6.798000000000000000e+03
7.114000000000000000e+03
7.438000000000000000e+03
7.401000000000000000e+03
7.487000000000000000e+03
7.173000000000000000e+03
7.239000000000000000e+03
6.919000000000000000e+03
6.857000000000000000e+03
6.612000000000000000e+03
6.381000000000000000e+03
6.039000000000000000e+03
5.725000000000000000e+03
5.302000000000000000e+03
4.898000000000000000e+03
4.510000000000000000e+03
4.262000000000000000e+03
3.974000000000000000e+03
3.509000000000000000e+03
3.167000000000000000e+03
2.894000000000000000e+03
2.496000000000000000e+03
2.235000000000000000e+03
1.944000000000000000e+03
1.714000000000000000e+03
1.444000000000000000e+03
1.230000000000000000e+03
1.090000000000000000e+03
8.610000000000000000e+02
7.270000000000000000e+02
6.010000000000000000e+02
4.890000000000000000e+02
4.360000000000000000e+02
3.140000000000000000e+02
2.430000000000000000e+02
1.960000000000000000e+02
1.520000000000000000e+02
1.150000000000000000e+02
7.400000000000000000e+01
5.200000000000000000e+01
3.700000000000000000e+01
3.300000000000000000e+01
1.500000000000000000e+01
1.600000000000000000e+01
1.300000000000000000e+01
2.000000000000000000e+00
1.000000000000000000e+00
0.000000000000000000e+00
3.000000000000000000e+00
1.000000000000000000e+00
2.000000000000000000e+00
0.000000000000000000e+00
