0.000000000000000000e+00
7.000000000000000000e+00
1.200000000000000000e+01
2.200000000000000000e+01
5.800000000000000000e+01
1.160000000000000000e+02
1.710000000000000000e+02
2.950000000000000000e+02
3.980000000000000000e+02
5.260000000000000000e+02
6.850000000000000000e+02
8.350000000000000000e+02
1.102000000000000000e+03
1.218000000000000000e+03
1.483000000000000000e+03
1.762000000000000000e+03
1.980000000000000000e+03
2.270000000000000000e+03
2.418000000000000000e+03
2.712000000000000000e+03
3.075000000000000000e+03
3.240000000000000000e+03
3.698000000000000000e+03
4.067000000000000000e+03
4.296000000000000000e+03
4.734000000000000000e+03
5.010000000000000000e+03
5.538000000000000000e+03
5.783000000000000000e+03
6.381000000000000000e+03
6.852000000000000000e+03
7.231000000000000000e+03
7.795000000000000000e+03
8.240000000000000000e+03
9.174000000000000000e+03
9.690000000000000000e+03
1.029400000000000000e+04
1.095600000000000000e+04
1.165600000000000000e+04
1.240300000000000000e+04
1.319700000000000000e+04
1.419400000000000000e+04
1.496200000000000000e+04
1.573000000000000000e+04
1.661300000000000000e+04
1.725900000000000000e+04
1.816800000000000000e+04
1.914900000000000000e+04
2.014700000000000000e+04
2.107300000000000000e+04
2.190100000000000000e+04
2.266400000000000000e+04
2.342600000000000000e+04
2.428500000000000000e+04
2.508100000000000000e+04
2.604100000000000000e+04
2.649400000000000000e+04
2.708400000000000000e+04
2.749300000000000000e+04
2.798600000000000000e+04
2.846000000000000000e+04
2.882700000000000000e+04
2.881200000000000000e+04
2.900600000000000000e+04
2.864800000000000000e+04
2.848300000000000000e+04
2.758300000000000000e+04
2.690400000000000000e+04
2.613900000000000000e+04
2.486600000000000000e+04
2.339500000000000000e+04
2.131100000000000000e+04
1.901600000000000000e+04
1.699400000000000000e+04
1.511900000000000000e+04
1.248600000000000000e+04
1.087600000000000000e+04
8.966000000000000000e+03
7.311000000000000000e+03
5.843000000000000000e+03
4.644000000000000000e+03
3.546000000000000000e+03
2.707000000000000000e+03
2.060000000000000000e+03
1.422000000000000000e+03
1.012000000000000000e+03
6.780000000000000000e+02
4.740000000000000000e+02
2.780000000000000000e+02
1.920000000000000000e+02
1.160000000000000000e+02
5.900000000000000000e+01
3.100000000000000000e+01
2.500000000000000000e+01
9.000000000000000000e+00
5.000000000000000000e+00
4.000000000000000000e+00
3.000000000000000000e+00
1.000000000000000000e+00
0.000000000000000000e+00
