0.000000000000000000e+00
2.000000000000000000e+00
7.000000000000000000e+00
1.800000000000000000e+01
2.900000000000000000e+01
7.600000000000000000e+01
1.120000000000000000e+02
1.950000000000000000e+02
2.730000000000000000e+02
3.430000000000000000e+02
4.840000000000000000e+02
6.160000000000000000e+02
8.210000000000000000e+02
8.950000000000000000e+02
1.003000000000000000e+03
1.208000000000000000e+03
1.384000000000000000e+03
1.546000000000000000e+03
1.721000000000000000e+03
1.824000000000000000e+03
2.073000000000000000e+03
2.327000000000000000e+03
2.550000000000000000e+03
2.750000000000000000e+03
2.994000000000000000e+03
3.340000000000000000e+03
3.538000000000000000e+03
3.939000000000000000e+03
4.141000000000000000e+03
4.499000000000000000e+03
4.805000000000000000e+03
5.067000000000000000e+03
5.487000000000000000e+03
5.892000000000000000e+03
6.290000000000000000e+03
6.741000000000000000e+03
7.112000000000000000e+03
7.756000000000000000e+03
8.091000000000000000e+03
8.745000000000000000e+03
9.178000000000000000e+03
9.726000000000000000e+03
1.005200000000000000e+04
1.093300000000000000e+04
1.128100000000000000e+04
1.203300000000000000e+04
1.250000000000000000e+04
1.291800000000000000e+04
1.336300000000000000e+04
1.386300000000000000e+04
1.475900000000000000e+04
1.526600000000000000e+04
1.600000000000000000e+04
1.639900000000000000e+04
1.672400000000000000e+04
1.737000000000000000e+04
1.785700000000000000e+04
1.813300000000000000e+04
1.874400000000000000e+04
1.899400000000000000e+04
1.951100000000000000e+04
1.983300000000000000e+04
1.989400000000000000e+04
2.018500000000000000e+04
2.044500000000000000e+04
2.024900000000000000e+04
2.022400000000000000e+04
1.983600000000000000e+04
1.981900000000000000e+04
1.931700000000000000e+04
1.869100000000000000e+04
1.818600000000000000e+04
1.693100000000000000e+04
1.600600000000000000e+04
1.453600000000000000e+04
1.301700000000000000e+04
1.131200000000000000e+04
9.573000000000000000e+03
8.319000000000000000e+03
6.961000000000000000e+03
5.387000000000000000e+03
4.537000000000000000e+03
3.530000000000000000e+03
2.671000000000000000e+03
1.968000000000000000e+03
1.435000000000000000e+03
9.950000000000000000e+02
6.820000000000000000e+02
4.560000000000000000e+02
3.060000000000000000e+02
1.660000000000000000e+02
9.500000000000000000e+01
7.700000000000000000e+01
4.600000000000000000e+01
2.200000000000000000e+01
1.600000000000000000e+01
6.000000000000000000e+00
3.000000000000000000e+00
4.000000000000000000e+00
0.000000000000000000e+00
