0.000000000000000000e+00
2.000000000000000000e+00
1.400000000000000000e+01
2.100000000000000000e+01
4.800000000000000000e+01
1.040000000000000000e+02
1.570000000000000000e+02
2.230000000000000000e+02
3.200000000000000000e+02
4.430000000000000000e+02
5.590000000000000000e+02
7.280000000000000000e+02
8.670000000000000000e+02
1.061000000000000000e+03
1.219000000000000000e+03
1.370000000000000000e+03
1.631000000000000000e+03
1.831000000000000000e+03
2.074000000000000000e+03
2.156000000000000000e+03
2.444000000000000000e+03
2.740000000000000000e+03
2.947000000000000000e+03
3.221000000000000000e+03
3.516000000000000000e+03
3.815000000000000000e+03
4.081000000000000000e+03
4.610000000000000000e+03
4.955000000000000000e+03
5.168000000000000000e+03
5.494000000000000000e+03
5.994000000000000000e+03
6.393000000000000000e+03
6.773000000000000000e+03
7.274000000000000000e+03
7.964000000000000000e+03
8.536000000000000000e+03
9.074000000000000000e+03
9.617000000000000000e+03
9.964000000000000000e+03
1.080900000000000000e+04
1.123300000000000000e+04
1.196300000000000000e+04
1.294100000000000000e+04
1.326900000000000000e+04
1.377200000000000000e+04
1.449200000000000000e+04
1.533800000000000000e+04
1.604900000000000000e+04
1.665700000000000000e+04
1.726500000000000000e+04
1.803500000000000000e+04
1.861100000000000000e+04
1.948700000000000000e+04
2.009100000000000000e+04
2.051100000000000000e+04
2.097700000000000000e+04
2.142100000000000000e+04
2.215600000000000000e+04
2.242000000000000000e+04
2.304000000000000000e+04
2.327700000000000000e+04
2.337000000000000000e+04
2.362700000000000000e+04
2.357200000000000000e+04
2.356900000000000000e+04
2.287100000000000000e+04
2.283600000000000000e+04
2.225800000000000000e+04
2.153400000000000000e+04
2.087800000000000000e+04
1.969600000000000000e+04
1.845100000000000000e+04
1.664100000000000000e+04
1.478300000000000000e+04
1.290900000000000000e+04
1.109600000000000000e+04
9.539000000000000000e+03
7.880000000000000000e+03
6.463000000000000000e+03
5.185000000000000000e+03
4.013000000000000000e+03
3.140000000000000000e+03
2.329000000000000000e+03
1.709000000000000000e+03
1.218000000000000000e+03
8.070000000000000000e+02
5.510000000000000000e+02
3.660000000000000000e+02
2.380000000000000000e+02
1.300000000000000000e+02
8.300000000000000000e+01
4.700000000000000000e+01
3.300000000000000000e+01
1.700000000000000000e+01
9.000000000000000000e+00
2.000000000000000000e+00
3.000000000000000000e+00
3.000000000000000000e+00
0.000000000000000000e+00
