9.956942913170172549e-01
1.046048194579745294e+00
1.098948577817203454e+00
1.154524220723547545e+00
1.212910415594559810e+00
1.274249296680660226e+00
1.338690186195841791e+00
1.406389957824849324e+00
1.477513418613515483e+00
1.552233710171920578e+00
1.630732730167061550e+00
1.713201575131094945e+00
1.799841005663129545e+00
1.890861935157036822e+00
1.986485943245034802e+00
2.086945815206961541e+00
2.192486108658366462e+00
2.303363748896948060e+00
2.419848654356653750e+00
2.542224393692013695e+00
2.670788876092322184e+00
2.805855076506144297e+00
2.947751797541617869e+00
3.096824469897317744e+00
3.253435993272226323e+00
3.417967619801907553e+00
3.590819882171506716e+00
3.772413568664959804e+00
3.963190747524045765e+00
4.163615843110966885e+00
4.374176766494246138e+00
4.595386103210223894e+00
4.827782361091607299e+00
5.071931281200773078e+00
5.328427215059124755e+00
5.597894571525215746e+00
5.880989336843884807e+00
6.178400671566789626e+00
6.490852588231835085e+00
6.819105713885632802e+00
7.163959141739611347e+00
7.526252376467457594e+00
7.906867377879428282e+00
8.306730707948672077e+00
8.726815786416199927e+00
9.168145260465518476e+00
9.631793494235632025e+00
1.011888918423280792e+01
1.063061810700805587e+01
1.116822600578916358e+01
1.173302162309449415e+01
1.232637988671106655e+01
1.294974525679278088e+01
1.360463524222697629e+01
1.429264409482938980e+01
1.501544669036068669e+01
1.577480260581239868e+01
1.657256040288788768e+01
1.741066212810611091e+01
1.829114804048296961e+01
1.921616157829933513e+01
2.018795457704673524e+01
2.120889275125316686e+01
2.228146145353384355e+01
2.340827172488672403e+01
2.459206665096138522e+01
2.583572803977496690e+01
2.714228343713113389e+01
2.851491349682050114e+01
2.995695972354412007e+01
3.147193260740943543e+01
3.306352016980113717e+01
3.473559694143078502e+01
3.649223339442117719e+01
3.833770585138691445e+01
4.027650689563334652e+01
4.231335630781662616e+01
4.445321255568857310e+01
4.670128486489692676e+01
4.906304590022598688e+01
5.154424508814838646e+01
5.415092261312035049e+01
5.688942412169269147e+01
5.976641617023300057e+01
6.278890245386446622e+01
6.596424085612925126e+01
6.930016136088110557e+01
7.280478487001219889e+01
7.648664297282331859e+01
8.035469871516372109e+01
8.441836841890085452e+01
8.868754460483647506e+01
9.317262007487242670e+01
9.788451321205148759e+01
1.028346945600628999e+02
1.080352147469169211e+02
1.134987338207672423e+02
1.192385520692915293e+02
1.252686423976625321e+02
1.316036843439226232e+02
