0.000000000000000000e+00
1.000000000000000000e+00
1.000000000000000000e+00
2.000000000000000000e+00
2.000000000000000000e+00
3.000000000000000000e+00
2.000000000000000000e+00
1.000000000000000000e+01
8.000000000000000000e+00
1.800000000000000000e+01
2.400000000000000000e+01
2.800000000000000000e+01
3.200000000000000000e+01
5.100000000000000000e+01
6.400000000000000000e+01
1.070000000000000000e+02
1.170000000000000000e+02
1.440000000000000000e+02
1.580000000000000000e+02
2.430000000000000000e+02
2.690000000000000000e+02
3.310000000000000000e+02
4.370000000000000000e+02
4.930000000000000000e+02
6.300000000000000000e+02
7.240000000000000000e+02
8.680000000000000000e+02
1.066000000000000000e+03
1.278000000000000000e+03
1.461000000000000000e+03
1.683000000000000000e+03
1.972000000000000000e+03
2.344000000000000000e+03
2.671000000000000000e+03
3.034000000000000000e+03
3.391000000000000000e+03
3.901000000000000000e+03
4.251000000000000000e+03
4.915000000000000000e+03
5.389000000000000000e+03
5.790000000000000000e+03
6.465000000000000000e+03
7.024000000000000000e+03
7.791000000000000000e+03
8.372000000000000000e+03
8.633000000000000000e+03
9.373000000000000000e+03
9.639000000000000000e+03
9.910000000000000000e+03
1.009300000000000000e+04
1.033700000000000000e+04
1.047900000000000000e+04
1.066200000000000000e+04
1.025400000000000000e+04
1.008800000000000000e+04
9.672000000000000000e+03
9.284000000000000000e+03
9.042000000000000000e+03
8.637000000000000000e+03
8.127000000000000000e+03
7.642000000000000000e+03
6.961000000000000000e+03
6.485000000000000000e+03
5.875000000000000000e+03
5.434000000000000000e+03
4.852000000000000000e+03
4.426000000000000000e+03
4.053000000000000000e+03
3.546000000000000000e+03
3.071000000000000000e+03
2.677000000000000000e+03
2.224000000000000000e+03
1.973000000000000000e+03
1.690000000000000000e+03
1.382000000000000000e+03
1.123000000000000000e+03
9.830000000000000000e+02
7.560000000000000000e+02
6.260000000000000000e+02
4.500000000000000000e+02
4.160000000000000000e+02
2.580000000000000000e+02
2.670000000000000000e+02
1.770000000000000000e+02
1.450000000000000000e+02
8.300000000000000000e+01
5.800000000000000000e+01
3.500000000000000000e+01
2.500000000000000000e+01
2.600000000000000000e+01
1.200000000000000000e+01
6.000000000000000000e+00
4.000000000000000000e+00
3.000000000000000000e+00
5.000000000000000000e+00
2.000000000000000000e+00
1.000000000000000000e+00
1.000000000000000000e+00
0.000000000000000000e+00
1.000000000000000000e+00
