4.007470071906680253e-01
4.187505518649033975e-01
4.375629051266547997e-01
4.572204026722019865e-01
4.777610125776539651e-01
4.992244086335534403e-01
5.216520469740355548e-01
5.450872461485487541e-01
5.695752707907945078e-01
5.951634190464917262e-01
6.219011139288296297e-01
6.498399987780616449e-01
6.790340370096172862e-01
7.095396163433953518e-01
7.414156577155530670e-01
7.747237290831546774e-01
8.095281643414887762e-01
8.458961875837422983e-01
8.838980429430350894e-01
9.236071302676046590e-01
9.651001468911916126e-01
1.008457235772456384e+00
1.053762140289552729e+00
1.101102365988841703e+00
1.150569349600161884e+00
1.202258635645102824e+00
1.256270060979399972e+00
1.312707947625890048e+00
1.371681304270477852e+00
1.433304036810305604e+00
1.497695168360787310e+00
1.564979069146454238e+00
1.635285696719635862e+00
1.708750846970958026e+00
1.785516416416476959e+00
1.865730676268055444e+00
1.949548558816338151e+00
2.037131956679473443e+00
2.128650035495572634e+00
2.224279560662865141e+00
2.324205238758646708e+00
2.428620074296456544e+00
2.537725742510562821e+00
2.651732978887772596e+00
2.770861986198949189e+00
2.895342859816400161e+00
3.025416032138637856e+00
3.161332736980905445e+00
3.303355494828425165e+00
3.451758619889640389e+00
3.606828749928797873e+00
3.768865399901243585e+00
3.938181540460762964e+00
4.115104202456342009e+00
4.299975108585922356e+00
4.493151333427182870e+00
4.695005993120172860e+00
4.905928966033917149e+00
5.126327645808945732e+00
5.356627728230217933e+00
5.597274033450301722e+00
5.848731365150884542e+00
6.111485408302096189e+00
6.386043667253621159e+00
6.672936445969537722e+00
6.972717872300158604e+00
7.285966968269248056e+00
7.613288768443862153e+00
7.955315488546901292e+00
8.312707746569547140e+00
8.686155838742129376e+00
9.076381072827935270e+00
9.484137161315192799e+00
9.910211677198164537e+00
1.035542757515913515e+01
1.082064478108947547e+01
1.130676185301981285e+01
1.181471771666755721e+01
1.234549347895366012e+01
1.290011432299174921e+01
1.347965148820936321e+01
1.408522433942628993e+01
1.471800252888594152e+01
1.537920825541614356e+01
1.607011862508240085e+01
1.679206811789366682e+01
1.754645116532454097e+01
1.833472484363279520e+01
1.915841168817384954e+01
2.001910263414847080e+01
2.091846008946319202e+01
2.185822114563917040e+01
2.284020093297066722e+01
2.386629612641426945e+01
2.493848860897968933e+01
2.605884929969861830e+01
2.722954215356460494e+01
2.845282834117031001e+01
2.973107061611485236e+01
3.106673787861643632e+01
