3.650908278309190624e-01
3.812905375414735731e-01
3.982090563118594884e-01
4.158782789398064450e-01
4.343315154502289110e-01
4.536035538912971954e-01
4.737307259168787033e-01
4.947509752789848725e-01
5.167039293593461702e-01
5.396309738749667240e-01
5.635753308984929877e-01
5.885821403404805086e-01
6.146985450471701418e-01
6.419737796741985525e-01
6.704592635037891490e-01
7.002086973804012571e-01
7.312781649475822432e-01
7.637262383768719243e-01
7.976140887880820429e-01
8.330056015691136295e-01
8.699674968127130148e-01
9.085694550972157613e-01
9.488842488483970605e-01
9.909878795300763876e-01
1.034959720922103754e+00
1.080882668755839271e+00
1.128843296989214595e+00
1.178932021015991705e+00
1.231243268116894773e+00
1.285875655473953660e+00
1.342932176083653006e+00
1.402520392919365033e+00
1.464752641709106573e+00
1.529746242710894988e+00
1.597623721884939618e+00
1.668513041879627679e+00
1.742547843266755825e+00
1.819867696480782726e+00
1.900618364937064708e+00
1.984952079825099025e+00
2.073027827094816367e+00
2.165011647176953158e+00
2.261076948002529452e+00
2.361404831911547042e+00
2.466184437067182600e+00
2.575613294019123867e+00
2.689897698088234534e+00
2.809253098274565374e+00
2.933904503421889132e+00
3.064086906404454247e+00
3.200045727135637286e+00
3.342037275233650906e+00
3.490329233216530991e+00
3.645201161137316070e+00
3.806945023610761591e+00
3.975865740225137390e+00
4.152281760376743236e+00
4.336525663610832027e+00
4.528944786600686889e+00
4.729901877946837807e+00
4.939775782030867646e+00
5.158962153212966584e+00
5.387874201719678346e+00
5.626943472627974785e+00
5.876620659414185432e+00
6.137376453601504522e+00
6.409702432107821757e+00
6.694111983966710255e+00
6.991141278168607975e+00
7.301350274446805955e+00
7.625323778913737804e+00
7.963672546537664765e+00
8.317034432538177313e+00
8.686075594871082828e+00
9.071491750069618831e+00
9.474009484809521098e+00
9.894387625670491460e+00
1.033341866967632683e+01
1.079193027831062324e+01
1.127078683782447044e+01
1.177089108877774670e+01
1.229318582788596359e+01
1.283865568538093704e+01
1.340832898123610661e+01
1.400327966375567712e+01
1.462462933418238009e+01
1.527354936114052819e+01
1.595126308890059796e+01
1.665904814362825093e+01
1.739823884196568571e+01
1.817022870648583321e+01
1.897647309276161209e+01
1.981849193300279310e+01
2.069787260143278473e+01
2.161627290680701563e+01
2.257542421771470487e+01
2.357713472655545672e+01
2.462329285834428916e+01
2.571587083077113434e+01
2.685692837222638119e+01
