0.000000000000000000e+00
1.000000000000000000e+00
0.000000000000000000e+00
0.000000000000000000e+00
0.000000000000000000e+00
1.000000000000000000e+00
0.000000000000000000e+00
0.000000000000000000e+00
2.000000000000000000e+00
5.000000000000000000e+00
2.500000000000000000e+01
4.500000000000000000e+01
8.600000000000000000e+01
1.770000000000000000e+02
2.620000000000000000e+02
4.560000000000000000e+02
5.610000000000000000e+02
7.140000000000000000e+02
9.510000000000000000e+02
1.136000000000000000e+03
1.330000000000000000e+03
1.617000000000000000e+03
1.908000000000000000e+03
2.165000000000000000e+03
2.436000000000000000e+03
2.800000000000000000e+03
2.962000000000000000e+03
3.405000000000000000e+03
3.792000000000000000e+03
4.131000000000000000e+03
4.454000000000000000e+03
4.901000000000000000e+03
5.290000000000000000e+03
5.830000000000000000e+03
6.342000000000000000e+03
6.849000000000000000e+03
7.471000000000000000e+03
7.863000000000000000e+03
8.477000000000000000e+03
9.142000000000000000e+03
9.871000000000000000e+03
1.066300000000000000e+04
1.149500000000000000e+04
1.221100000000000000e+04
1.312500000000000000e+04
1.382100000000000000e+04
1.492900000000000000e+04
1.587800000000000000e+04
1.662200000000000000e+04
1.772000000000000000e+04
1.867600000000000000e+04
1.936200000000000000e+04
2.073500000000000000e+04
2.169200000000000000e+04
2.267000000000000000e+04
2.358600000000000000e+04
2.451000000000000000e+04
2.538500000000000000e+04
2.650900000000000000e+04
2.713700000000000000e+04
2.788700000000000000e+04
2.845200000000000000e+04
2.899200000000000000e+04
2.983000000000000000e+04
2.980700000000000000e+04
3.046200000000000000e+04
3.018800000000000000e+04
3.010800000000000000e+04
2.965600000000000000e+04
2.882000000000000000e+04
2.826600000000000000e+04
2.730700000000000000e+04
2.587000000000000000e+04
2.394800000000000000e+04
2.130200000000000000e+04
1.904700000000000000e+04
1.668500000000000000e+04
1.421400000000000000e+04
1.192900000000000000e+04
9.646000000000000000e+03
7.701000000000000000e+03
6.194000000000000000e+03
4.693000000000000000e+03
3.474000000000000000e+03
2.643000000000000000e+03
1.860000000000000000e+03
1.250000000000000000e+03
8.030000000000000000e+02
5.590000000000000000e+02
3.190000000000000000e+02
2.050000000000000000e+02
1.210000000000000000e+02
5.800000000000000000e+01
3.200000000000000000e+01
2.200000000000000000e+01
7.000000000000000000e+00
5.000000000000000000e+00
2.000000000000000000e+00
2.000000000000000000e+00
0.000000000000000000e+00
