7.710000000000000000e+02
2.366000000000000000e+03
3.865000000000000000e+03
4.992000000000000000e+03
6.014000000000000000e+03
6.798000000000000000e+03
7.516000000000000000e+03
8.064000000000000000e+03
8.418000000000000000e+03
8.976000000000000000e+03
9.324000000000000000e+03
9.581000000000000000e+03
9.992000000000000000e+03
1.016500000000000000e+04
1.053500000000000000e+04
1.091600000000000000e+04
1.099500000000000000e+04
1.115100000000000000e+04
1.137400000000000000e+04
1.156500000000000000e+04
1.166800000000000000e+04
1.140800000000000000e+04
1.136300000000000000e+04
1.125600000000000000e+04
1.075000000000000000e+04
1.025200000000000000e+04
9.763000000000000000e+03
8.911000000000000000e+03
8.106000000000000000e+03
7.117000000000000000e+03
6.065000000000000000e+03
5.075000000000000000e+03
3.999000000000000000e+03
3.106000000000000000e+03
2.375000000000000000e+03
1.690000000000000000e+03
1.185000000000000000e+03
7.900000000000000000e+02
5.550000000000000000e+02
3.350000000000000000e+02
2.170000000000000000e+02
9.600000000000000000e+01
6.500000000000000000e+01
1.700000000000000000e+01
6.000000000000000000e+00
1.000000000000000000e+00
0.000000000000000000e+00
0.000000000000000000e+00
0.000000000000000000e+00
0.000000000000000000e+00
