0.000000000000000000e+00
1.000000000000000000e+00
0.000000000000000000e+00
0.000000000000000000e+00
0.000000000000000000e+00
0.000000000000000000e+00
0.000000000000000000e+00
0.000000000000000000e+00
0.000000000000000000e+00
1.300000000000000000e+01
2.700000000000000000e+01
5.200000000000000000e+01
1.190000000000000000e+02
1.730000000000000000e+02
2.800000000000000000e+02
4.270000000000000000e+02
5.610000000000000000e+02
7.550000000000000000e+02
9.910000000000000000e+02
1.199000000000000000e+03
1.400000000000000000e+03
1.719000000000000000e+03
1.952000000000000000e+03
2.171000000000000000e+03
2.441000000000000000e+03
2.811000000000000000e+03
3.190000000000000000e+03
3.410000000000000000e+03
3.858000000000000000e+03
4.327000000000000000e+03
4.529000000000000000e+03
4.949000000000000000e+03
5.424000000000000000e+03
5.966000000000000000e+03
6.246000000000000000e+03
7.028000000000000000e+03
7.517000000000000000e+03
7.847000000000000000e+03
8.685000000000000000e+03
9.377000000000000000e+03
1.002900000000000000e+04
1.070200000000000000e+04
1.151800000000000000e+04
1.223000000000000000e+04
1.309900000000000000e+04
1.429000000000000000e+04
1.498200000000000000e+04
1.610400000000000000e+04
1.700700000000000000e+04
1.759100000000000000e+04
1.864500000000000000e+04
1.990100000000000000e+04
2.112800000000000000e+04
2.179400000000000000e+04
2.294300000000000000e+04
2.391900000000000000e+04
2.479800000000000000e+04
2.570100000000000000e+04
2.656200000000000000e+04
2.795200000000000000e+04
2.831700000000000000e+04
2.899200000000000000e+04
2.964200000000000000e+04
2.989900000000000000e+04
3.050100000000000000e+04
3.081500000000000000e+04
3.116900000000000000e+04
3.083100000000000000e+04
3.036100000000000000e+04
2.990500000000000000e+04
2.921900000000000000e+04
2.819900000000000000e+04
2.678600000000000000e+04
2.516600000000000000e+04
2.252500000000000000e+04
1.988800000000000000e+04
1.756900000000000000e+04
1.484000000000000000e+04
1.238300000000000000e+04
1.023600000000000000e+04
8.322000000000000000e+03
6.583000000000000000e+03
4.981000000000000000e+03
3.840000000000000000e+03
2.792000000000000000e+03
2.065000000000000000e+03
1.385000000000000000e+03
9.650000000000000000e+02
5.950000000000000000e+02
4.050000000000000000e+02
2.190000000000000000e+02
1.480000000000000000e+02
9.500000000000000000e+01
3.800000000000000000e+01
1.900000000000000000e+01
1.100000000000000000e+01
8.000000000000000000e+00
6.000000000000000000e+00
3.000000000000000000e+00
0.000000000000000000e+00
