1.063858164272460494e+00
1.115289114545397808e+00
1.169206432583145272e+00
1.225730318860885459e+00
1.284986784801979143e+00
1.347107933701304106e+00
1.412232255229495248e+00
1.480504934174641463e+00
1.552078174109728481e+00
1.627111536707399830e+00
1.705772297458481246e+00
1.788235818587293080e+00
1.874685939995106798e+00
1.965315389103296173e+00
2.060326210509864087e+00
2.159930216417200288e+00
2.264349458835231310e+00
2.373816724612665574e+00
2.488576054399933568e+00
2.608883286700766746e+00
2.735006628225305381e+00
2.867227251816237832e+00
3.005839923280969384e+00
3.151153658527241497e+00
3.303492412467180728e+00
3.463195801225601222e+00
3.630619859262592453e+00
3.806137833098295342e+00
3.990141013409359338e+00
4.183039607352100120e+00
4.385263653057083211e+00
4.597263978333842260e+00
4.819513205723048088e+00
5.052506806136706885e+00
5.296764203435341045e+00
5.552829932404629076e+00
5.821274852713045789e+00
6.102697421556826818e+00
6.397725027829431532e+00
6.707015390789837106e+00
7.031258026347777523e+00
7.371175784234788253e+00
7.727526459487927823e+00
8.101104481838794058e+00
8.492742686773992133e+00
8.903314172215409883e+00
9.333734244959499549e+00
9.784962461214822937e+00
1.025800476578693043e+01
1.075391573467960527e+01
1.127380092611196183e+01
1.181881934519265087e+01
1.239018602774579136e+01
1.298917474904889957e+01
1.361712086352147999e+01
1.427542428169497946e+01
1.496555259110080804e+01
1.568904432803389604e+01
1.644751240748585985e+01
1.724264771889404102e+01
1.807622289572287144e+01
1.895009626728102958e+01
1.986621600158453305e+01
2.082662444850157613e+01
2.183346269286146679e+01
2.288897532767827414e+01
2.399551545813011444e+01
2.515554994744998751e+01
2.637166491642280519e+01
2.764657150874909064e+01
2.898311193512827089e+01
3.038426580953590417e+01
3.185315679182077986e+01
3.339305955143022686e+01
3.500740706778860556e+01
3.669979828360371243e+01
3.847400612816318954e+01
4.033398592850759456e+01
4.228388422723150342e+01
4.432804802657084764e+01
4.647103447938437881e+01
4.871762104863408638e+01
5.107281615801371544e+01
5.354187035746895162e+01
5.613028802850147514e+01
5.884383965535175776e+01
6.168857468941781974e+01
6.467083503558863811e+01
6.779726919055823942e+01
7.107484706463986868e+01
7.451087552012288029e+01
7.811301466081292233e+01
8.188929490907032971e+01
8.584813490841787598e+01
8.999836029162835871e+01
9.434922335613285327e+01
9.891042369061348438e+01
1.036921297987636734e+02
1.087050017684235854e+02
1.139602150366270337e+02
