5.790000000000000000e+02
1.616000000000000000e+03
2.597000000000000000e+03
3.557000000000000000e+03
4.221000000000000000e+03
4.742000000000000000e+03
5.358000000000000000e+03
5.641000000000000000e+03
5.909000000000000000e+03
6.319000000000000000e+03
6.617000000000000000e+03
6.779000000000000000e+03
7.144000000000000000e+03
7.152000000000000000e+03
7.510000000000000000e+03
7.494000000000000000e+03
7.652000000000000000e+03
7.938000000000000000e+03
8.104000000000000000e+03
8.204000000000000000e+03
8.216000000000000000e+03
8.492000000000000000e+03
8.136000000000000000e+03
8.027000000000000000e+03
7.842000000000000000e+03
7.543000000000000000e+03
7.254000000000000000e+03
6.639000000000000000e+03
5.867000000000000000e+03
5.076000000000000000e+03
4.552000000000000000e+03
3.771000000000000000e+03
3.113000000000000000e+03
2.444000000000000000e+03
1.785000000000000000e+03
1.209000000000000000e+03
8.840000000000000000e+02
6.760000000000000000e+02
4.280000000000000000e+02
2.630000000000000000e+02
1.640000000000000000e+02
8.100000000000000000e+01
3.400000000000000000e+01
1.600000000000000000e+01
6.000000000000000000e+00
0.000000000000000000e+00
0.000000000000000000e+00
0.000000000000000000e+00
0.000000000000000000e+00
0.000000000000000000e+00
