4.105022019691994539e-01
4.285195807403553436e-01
4.473277614517349177e-01
4.669614532425865328e-01
4.874568886732407180e-01
5.088518905896833866e-01
5.311859419228867063e-01
5.545002585517070370e-01
5.788378653638127647e-01
6.042436756550074728e-01
6.307645740134737444e-01
6.584495028418951845e-01
6.873495526771257191e-01
7.175180564740860634e-01
7.490106880278804002e-01
7.818855647157646471e-01
8.162033547485695317e-01
8.520273891295020441e-01
8.894237785269385466e-01
9.284615352768887941e-01
9.692127007402784322e-01
1.011752478250077969e+00
1.056159371893623300e+00
1.102515331386238362e+00
1.150905903303518274e+00
1.201420388951355944e+00
1.254152009165052650e+00
1.309198076341638428e+00
1.366660174022872987e+00
1.426644344360335603e+00
1.489261283808558600e+00
1.554626547407339521e+00
1.622860762030222448e+00
1.694089848992681890e+00
1.768445256430817070e+00
1.846064201879393796e+00
1.927089925496896505e+00
2.011671954404896212e+00
2.099966378629553709e+00
2.192136139154492902e+00
2.288351328616617053e+00
2.388789505199789165e+00
2.493636020305635359e+00
2.603084360606171543e+00
2.717336505109485767e+00
2.836603297897408726e+00
2.961104837223042630e+00
3.091070881686191374e+00
3.226741274236265333e+00
3.368366384785122403e+00
3.516207572246660362e+00
3.670537666855819392e+00
3.831641473657075636e+00
3.999816298091585676e+00
4.175372494652904720e+00
4.358634039623794365e+00
4.549939128951056233e+00
4.749640802361726699e+00
4.958107594872401158e+00
5.175724216893988761e+00
5.402892264186998084e+00
5.640030958977504838e+00
5.887577923601504892e+00
6.145989988105322155e+00
6.415744033292476445e+00
6.697337870772761548e+00
6.991291161637626317e+00
7.298146375457188029e+00
7.618469791368649879e+00
7.952852543103553273e+00
8.301911709882391577e+00
8.666291455189748305e+00
9.046664215531484032e+00
9.443731941367758509e+00
9.858227392511901499e+00
1.029091549038573383e+01
1.074259472962681095e+01
1.121409865165262332e+01
1.170629738290107014e+01
1.222009924058597718e+01
1.275645240893091170e+01
1.331634668897469354e+01
1.390081532517773866e+01
1.451093691220008530e+01
1.514783738536995550e+01
1.581269209851608437e+01
1.650672799299833926e+01
1.723122586193938588e+01
1.798752271383591861e+01
1.877701423991126006e+01
1.960115738976275068e+01
2.046147306005700273e+01
2.135954890123485228e+01
2.229704224740562779e+01
2.327568317483752125e+01
2.429727769468843590e+01
2.536371108586915213e+01
2.647695137418935829e+01
2.763905296420723445e+01
2.885216043048466616e+01
