3.834842287636970326e-01
4.001877243050225852e-01
4.176187771808402838e-01
4.358090777444456054e-01
4.547916966918840176e-01
4.746011451858032082e-01
4.952734375981307502e-01
5.168461569856471760e-01
5.393585234174901322e-01
5.628514652788135786e-01
5.873676936802336712e-01
6.129517801083409489e-01
6.396502374584505102e-01
6.675116045969119449e-01
6.965865346067144914e-01
7.269278868768241919e-01
7.585908232026733478e-01
7.916329080725162948e-01
8.261142133219790962e-01
8.620974273470657367e-01
8.996479690741761015e-01
9.388341068943391043e-01
9.797270827778847835e-01
1.022401241795204641e+00
1.066934167279071755e+00
1.113406821874250774e+00
1.161903694730834324e+00
1.212512955108906887e+00
1.265326612673794981e+00
1.320440684773330986e+00
1.377955371001241103e+00
1.437975235364027604e+00
1.500609396382525107e+00
1.565971725473748632e+00
1.634181053973697617e+00
1.705361389177491693e+00
1.779642139789605615e+00
1.857158351194086121e+00
1.938050950972475261e+00
2.022467005115808014e+00
2.110559985396482485e+00
2.202490048386096966e+00
2.298424326626521630e+00
2.398537232483563653e+00
2.503010775235643859e+00
2.612034891973965323e+00
2.725807792915763361e+00
2.844536321758431630e+00
2.968436331729659372e+00
3.097733078017258723e+00
3.232661627292128248e+00
3.373467285068894039e+00
3.520406041681172216e+00
3.673745037682261128e+00
3.833763049517385113e+00
4.000750996350453725e+00
4.175012468966769141e+00
4.356864281713251685e+00
4.546637048479630572e+00
4.744675783767756450e+00
4.951340529941805180e+00
5.167007011799733540e+00
5.392067319656037583e+00
5.626930622177667374e+00
5.872023910269078328e+00
6.127792773358819112e+00
6.394702209498988488e+00
6.673237470750345679e+00
6.963904945390015477e+00
7.267233078545692671e+00
7.583773332930079825e+00
7.914101191422219017e+00
8.258817203318441713e+00
8.618548076155088111e+00
8.993947815087937059e+00
9.385698911899817531e+00
9.794513585798043209e+00
1.022113507825749856e+01
1.066633900426344184e+01
1.113093476241068736e+01
1.161576700642268456e+01
1.212171718076587368e+01
1.264970512315111328e+01
1.320069073683546534e+01
1.377567573576490645e+01
1.437570546573036623e+01
1.500187080484840507e+01
1.565531014682127875e+01
1.633721147058246359e+01
1.704881450008988608e+01
1.779141295819392710e+01
1.856635691867736071e+01
1.937505526074368234e+01
2.021897823041604170e+01
2.109966011350338277e+01
2.201870202499373974e+01
2.297777481994533488e+01
2.397862213116826524e+01
2.502306353921871107e+01
2.611299788046956749e+01
