4.274333865053037695e-01
4.459477784003311740e-01
4.652641261510889747e-01
4.854171666907797777e-01
5.064431415921938351e-01
5.283798622415770696e-01
5.512667778355223591e-01
5.751450463231647658e-01
6.000576084212557726e-01
6.260492648352222744e-01
6.531667568250746347e-01
6.814588502610501308e-01
7.109764233201478767e-01
7.417725579812635139e-01
7.739026354834607213e-01
8.074244359190415610e-01
8.423982421405195042e-01
8.788869481683491136e-01
9.169561722943674331e-01
9.566743750843393901e-01
9.981129824918167914e-01
1.041346514304706039e+00
1.086452718155534125e+00
1.133512709336404800e+00
1.182611116670077234e+00
1.233836234699489776e+00
1.287280182469414003e+00
1.343039069185777867e+00
1.401213167050568087e+00
1.461907091583121598e+00
1.525229989752082682e+00
1.591295736256346904e+00
1.660223138307965973e+00
1.732136149285278703e+00
1.807164091640486747e+00
1.885441889462529330e+00
1.967110311113482446e+00
2.052316222374820587e+00
2.141212850558772640e+00
2.233960060059736463e+00
2.330724639841272872e+00
2.431680603375680594e+00
2.537009501575529846e+00
2.646900749279911924e+00
2.761551965882528936e+00
2.881169330714178578e+00
3.005967953818726723e+00
3.136172262789342913e+00
3.272016406360650720e+00
3.413744675482576429e+00
3.561611942633135186e+00
3.715884120160149795e+00
3.876838638476187260e+00
4.044764944966618536e+00
4.219965024508020690e+00
4.402753942532983800e+00
4.593460411617894756e+00
4.792427382612642006e+00
5.000012661375254019e+00
5.216589552220563419e+00
5.442547529240026272e+00
5.678292936699937954e+00
5.924249719777583856e+00
6.180860186949425739e+00
6.448585805402332838e+00
6.727908030898277048e+00
7.019329173584815784e+00
7.323373301308411243e+00
7.640587182055000426e+00
7.971541267212627346e+00
8.316830717424364749e+00
8.677076472876333213e+00
9.052926369945524243e+00
9.445056306215532160e+00
9.854171455955253123e+00
1.028100753824637081e+01
1.072633214004010860e+01
1.119094609652257510e+01
1.167568493127098428e+01
1.218142035879060181e+01
1.270906185213453377e+01
1.325955827842537005e+01
1.383389960521986417e+01
1.443311868078528803e+01
1.505829309148889550e+01
1.571054709964075435e+01
1.639105366527475027e+01
1.710103655550355128e+01
1.784177254524087886e+01
1.861459371324861678e+01
1.942088983763785848e+01
2.026211089513173036e+01
2.113976966858442097e+01
2.205544446744557874e+01
2.301078196606241022e+01
2.400750016492359862e+01
2.504739148017024064e+01
2.613232596692983023e+01
2.726425468226975468e+01
2.844521319381810187e+01
