0.000000000000000000e+00
4.000000000000000000e+00
1.000000000000000000e+01
2.400000000000000000e+01
6.700000000000000000e+01
1.000000000000000000e+02
1.510000000000000000e+02
2.400000000000000000e+02
3.750000000000000000e+02
4.810000000000000000e+02
6.860000000000000000e+02
8.510000000000000000e+02
1.011000000000000000e+03
1.204000000000000000e+03
1.459000000000000000e+03
1.723000000000000000e+03
1.848000000000000000e+03
2.148000000000000000e+03
2.429000000000000000e+03
2.738000000000000000e+03
2.927000000000000000e+03
3.355000000000000000e+03
3.726000000000000000e+03
3.934000000000000000e+03
4.381000000000000000e+03
4.837000000000000000e+03
5.219000000000000000e+03
5.483000000000000000e+03
5.993000000000000000e+03
6.312000000000000000e+03
6.734000000000000000e+03
7.196000000000000000e+03
7.801000000000000000e+03
8.298000000000000000e+03
9.058000000000000000e+03
9.513000000000000000e+03
1.017500000000000000e+04
1.071800000000000000e+04
1.173800000000000000e+04
1.221400000000000000e+04
1.317800000000000000e+04
1.400700000000000000e+04
1.489500000000000000e+04
1.565300000000000000e+04
1.607500000000000000e+04
1.755100000000000000e+04
1.823700000000000000e+04
1.927300000000000000e+04
2.011300000000000000e+04
2.079700000000000000e+04
2.223800000000000000e+04
2.282800000000000000e+04
2.382300000000000000e+04
2.460200000000000000e+04
2.563800000000000000e+04
2.656000000000000000e+04
2.724400000000000000e+04
2.809000000000000000e+04
2.850800000000000000e+04
2.935900000000000000e+04
2.948600000000000000e+04
2.963400000000000000e+04
3.029300000000000000e+04
3.036900000000000000e+04
3.028000000000000000e+04
2.976200000000000000e+04
2.988300000000000000e+04
2.910900000000000000e+04
2.814500000000000000e+04
2.725300000000000000e+04
2.596100000000000000e+04
2.446500000000000000e+04
2.179200000000000000e+04
1.979300000000000000e+04
1.760900000000000000e+04
1.519000000000000000e+04
1.314400000000000000e+04
1.091600000000000000e+04
9.136000000000000000e+03
7.536000000000000000e+03
6.124000000000000000e+03
4.700000000000000000e+03
3.705000000000000000e+03
2.880000000000000000e+03
2.198000000000000000e+03
1.578000000000000000e+03
1.063000000000000000e+03
7.800000000000000000e+02
4.970000000000000000e+02
3.490000000000000000e+02
2.070000000000000000e+02
1.400000000000000000e+02
8.200000000000000000e+01
4.400000000000000000e+01
2.100000000000000000e+01
1.100000000000000000e+01
7.000000000000000000e+00
7.000000000000000000e+00
5.000000000000000000e+00
0.000000000000000000e+00
