0.000000000000000000e+00
1.000000000000000000e+00
0.000000000000000000e+00
0.000000000000000000e+00
3.000000000000000000e+00
1.100000000000000000e+01
2.900000000000000000e+01
5.500000000000000000e+01
1.080000000000000000e+02
1.740000000000000000e+02
2.830000000000000000e+02
4.390000000000000000e+02
6.180000000000000000e+02
7.340000000000000000e+02
8.840000000000000000e+02
1.200000000000000000e+03
1.385000000000000000e+03
1.620000000000000000e+03
1.822000000000000000e+03
2.049000000000000000e+03
2.373000000000000000e+03
2.624000000000000000e+03
2.945000000000000000e+03
3.259000000000000000e+03
3.537000000000000000e+03
3.894000000000000000e+03
4.267000000000000000e+03
4.667000000000000000e+03
5.069000000000000000e+03
5.596000000000000000e+03
5.993000000000000000e+03
6.452000000000000000e+03
6.899000000000000000e+03
7.577000000000000000e+03
7.994000000000000000e+03
8.461000000000000000e+03
8.963000000000000000e+03
9.855000000000000000e+03
1.057500000000000000e+04
1.124000000000000000e+04
1.196800000000000000e+04
1.263900000000000000e+04
1.380300000000000000e+04
1.447200000000000000e+04
1.543000000000000000e+04
1.626900000000000000e+04
1.720100000000000000e+04
1.793100000000000000e+04
1.917300000000000000e+04
2.000900000000000000e+04
2.102500000000000000e+04
2.178000000000000000e+04
2.296100000000000000e+04
2.395800000000000000e+04
2.459100000000000000e+04
2.567700000000000000e+04
2.625000000000000000e+04
2.755400000000000000e+04
2.823100000000000000e+04
2.850600000000000000e+04
2.933100000000000000e+04
2.945800000000000000e+04
3.006100000000000000e+04
3.014200000000000000e+04
3.047000000000000000e+04
3.018000000000000000e+04
3.009100000000000000e+04
2.947700000000000000e+04
2.876100000000000000e+04
2.794600000000000000e+04
2.690700000000000000e+04
2.499100000000000000e+04
2.320300000000000000e+04
2.080000000000000000e+04
1.856100000000000000e+04
1.633400000000000000e+04
1.390200000000000000e+04
1.160800000000000000e+04
9.785000000000000000e+03
8.045000000000000000e+03
6.450000000000000000e+03
5.005000000000000000e+03
3.849000000000000000e+03
2.938000000000000000e+03
2.198000000000000000e+03
1.551000000000000000e+03
1.072000000000000000e+03
7.610000000000000000e+02
4.770000000000000000e+02
3.220000000000000000e+02
1.950000000000000000e+02
1.240000000000000000e+02
7.300000000000000000e+01
3.200000000000000000e+01
2.300000000000000000e+01
7.000000000000000000e+00
6.000000000000000000e+00
6.000000000000000000e+00
4.000000000000000000e+00
0.000000000000000000e+00
