0.000000000000000000e+00
1.000000000000000000e+00
1.000000000000000000e+00
1.000000000000000000e+00
1.000000000000000000e+00
3.000000000000000000e+00
1.000000000000000000e+01
7.000000000000000000e+00
7.000000000000000000e+00
1.800000000000000000e+01
1.800000000000000000e+01
2.700000000000000000e+01
4.000000000000000000e+01
6.000000000000000000e+01
6.100000000000000000e+01
6.800000000000000000e+01
8.400000000000000000e+01
1.170000000000000000e+02
1.580000000000000000e+02
1.920000000000000000e+02
2.410000000000000000e+02
2.890000000000000000e+02
3.510000000000000000e+02
4.090000000000000000e+02
4.840000000000000000e+02
5.930000000000000000e+02
7.080000000000000000e+02
8.040000000000000000e+02
9.390000000000000000e+02
1.084000000000000000e+03
1.281000000000000000e+03
1.401000000000000000e+03
1.655000000000000000e+03
1.956000000000000000e+03
2.232000000000000000e+03
2.455000000000000000e+03
2.674000000000000000e+03
3.053000000000000000e+03
3.436000000000000000e+03
3.749000000000000000e+03
4.096000000000000000e+03
4.550000000000000000e+03
4.982000000000000000e+03
5.344000000000000000e+03
5.675000000000000000e+03
6.292000000000000000e+03
6.664000000000000000e+03
6.996000000000000000e+03
7.419000000000000000e+03
7.630000000000000000e+03
7.812000000000000000e+03
8.168000000000000000e+03
8.302000000000000000e+03
8.093000000000000000e+03
8.445000000000000000e+03
8.269000000000000000e+03
8.248000000000000000e+03
8.027000000000000000e+03
7.839000000000000000e+03
7.400000000000000000e+03
7.176000000000000000e+03
6.720000000000000000e+03
6.338000000000000000e+03
6.005000000000000000e+03
5.579000000000000000e+03
5.164000000000000000e+03
4.621000000000000000e+03
4.407000000000000000e+03
4.032000000000000000e+03
3.527000000000000000e+03
3.268000000000000000e+03
2.970000000000000000e+03
2.657000000000000000e+03
2.221000000000000000e+03
2.007000000000000000e+03
1.696000000000000000e+03
1.515000000000000000e+03
1.249000000000000000e+03
1.152000000000000000e+03
8.790000000000000000e+02
7.270000000000000000e+02
5.570000000000000000e+02
4.870000000000000000e+02
3.580000000000000000e+02
3.110000000000000000e+02
2.660000000000000000e+02
1.840000000000000000e+02
1.460000000000000000e+02
1.020000000000000000e+02
7.700000000000000000e+01
5.900000000000000000e+01
4.200000000000000000e+01
2.800000000000000000e+01
3.300000000000000000e+01
1.000000000000000000e+01
3.000000000000000000e+00
4.000000000000000000e+00
3.000000000000000000e+00
1.000000000000000000e+00
0.000000000000000000e+00
