1.000000000000000000e+00
0.000000000000000000e+00
0.000000000000000000e+00
0.000000000000000000e+00
0.000000000000000000e+00
0.000000000000000000e+00
0.000000000000000000e+00
0.000000000000000000e+00
0.000000000000000000e+00
0.000000000000000000e+00
0.000000000000000000e+00
0.000000000000000000e+00
0.000000000000000000e+00
0.000000000000000000e+00
0.000000000000000000e+00
0.000000000000000000e+00
0.000000000000000000e+00
0.000000000000000000e+00
0.000000000000000000e+00
0.000000000000000000e+00
1.700000000000000000e+01
4.700000000000000000e+01
8.200000000000000000e+01
1.810000000000000000e+02
2.820000000000000000e+02
4.380000000000000000e+02
6.230000000000000000e+02
8.250000000000000000e+02
1.119000000000000000e+03
1.317000000000000000e+03
1.555000000000000000e+03
1.873000000000000000e+03
2.183000000000000000e+03
2.427000000000000000e+03
2.682000000000000000e+03
3.259000000000000000e+03
3.632000000000000000e+03
3.967000000000000000e+03
4.304000000000000000e+03
4.795000000000000000e+03
5.292000000000000000e+03
5.836000000000000000e+03
6.446000000000000000e+03
6.973000000000000000e+03
7.521000000000000000e+03
8.141000000000000000e+03
8.841000000000000000e+03
9.754000000000000000e+03
1.050000000000000000e+04
1.137500000000000000e+04
1.252900000000000000e+04
1.299800000000000000e+04
1.387400000000000000e+04
1.508800000000000000e+04
1.608700000000000000e+04
1.711600000000000000e+04
1.791600000000000000e+04
1.889500000000000000e+04
2.000800000000000000e+04
2.099600000000000000e+04
2.211400000000000000e+04
2.310600000000000000e+04
2.425400000000000000e+04
2.507100000000000000e+04
2.582300000000000000e+04
2.636600000000000000e+04
2.727700000000000000e+04
2.778900000000000000e+04
2.843800000000000000e+04
2.860500000000000000e+04
2.919700000000000000e+04
2.878400000000000000e+04
2.806400000000000000e+04
2.823200000000000000e+04
2.711300000000000000e+04
2.610600000000000000e+04
2.464400000000000000e+04
2.282500000000000000e+04
2.026200000000000000e+04
1.757600000000000000e+04
1.456500000000000000e+04
1.233700000000000000e+04
9.715000000000000000e+03
7.677000000000000000e+03
5.715000000000000000e+03
4.316000000000000000e+03
2.987000000000000000e+03
2.119000000000000000e+03
1.312000000000000000e+03
8.320000000000000000e+02
5.240000000000000000e+02
2.890000000000000000e+02
1.470000000000000000e+02
6.400000000000000000e+01
5.100000000000000000e+01
2.100000000000000000e+01
1.100000000000000000e+01
3.000000000000000000e+00
4.000000000000000000e+00
2.000000000000000000e+00
