1.162330065714898719e+00
1.218266906214753753e+00
1.276895693019191258e+00
1.338345975363419926e+00
1.402753537006834472e+00
1.470260696267915890e+00
1.541016620498234291e+00
1.615177655690434921e+00
1.692907671948524762e+00
1.774378425583829078e+00
1.859769938636724573e+00
1.949270896662759656e+00
2.043079065662131377e+00
2.141401729073789006e+00
2.244456145799765157e+00
2.352470030271816448e+00
2.465682055621146951e+00
2.584342381063046368e+00
2.708713204661786556e+00
2.839069342697178921e+00
2.975698836913009959e+00
3.118903590989151375e+00
3.269000037643727374e+00
3.426319837839404858e+00
3.591210613638817772e+00
3.764036716328459597e+00
3.945180031508355167e+00
4.135040822926467463e+00
4.334038616922412324e+00
4.542613129434822206e+00
4.761225237620681838e+00
4.990357998233619696e+00
5.230517715011385071e+00
5.482235057431074310e+00
5.746066233304189197e+00
6.022594217802508254e+00
6.312430041630539002e+00
6.616214141190940978e+00
6.934617773726295731e+00
7.268344500564259292e+00
7.618131741743467522e+00
7.984752405455448176e+00
8.369016595903010725e+00
8.771773403348866793e+00
9.193912780309931421e+00
9.636367508042939178e+00
1.010011525766675433e+01
1.058618075047560581e+01
1.109563802221689599e+01
1.162961279633679368e+01
1.218928497143764211e+01
1.277589122844366720e+01
1.339072776323587455e+01
1.403515315079428127e+01
1.471059134717625838e+01
1.541853483596439567e+01
1.616054792613627455e+01
1.693827020864348398e+01
1.775342017933756011e+01
1.860779903624832698e+01
1.950329465960536268e+01
2.044188578339687723e+01
2.142564636768395303e+01
2.245675018133116296e+01
2.353747560527999383e+01
2.467021066697866516e+01
2.585745831709244058e+01
2.710184196015447711e+01
2.840611125137773385e+01
2.977314817243694733e+01
3.120597339964626116e+01
3.270775297860355835e+01
3.428180532005057302e+01
3.593160853240688368e+01
3.766080810718022320e+01
3.947322497423537158e+01
4.137286394472061346e+01
4.336392256030811154e+01
4.545080036830159997e+01
4.763810864310624993e+01
4.993068057554203421e+01
5.233358195251490486e+01
5.485212235064476261e+01
5.749186686858375595e+01
6.025864842394938137e+01
6.315858064204452660e+01
6.619807136484394050e+01
6.938383681009703707e+01
7.272291641183416289e+01
7.622268837506830153e+01
7.989088597906294353e+01
8.373561466519079488e+01
8.776536994714093964e+01
9.198905618305063570e+01
9.641600625104076983e+01
1.010560021716318317e+02
1.059192967226084505e+02
1.110166360940934851e+02
1.163592836338921614e+02
1.219590447355746932e+02
