0.000000000000000000e+00
1.000000000000000000e+00
0.000000000000000000e+00
0.000000000000000000e+00
0.000000000000000000e+00
0.000000000000000000e+00
0.000000000000000000e+00
1.000000000000000000e+01
1.100000000000000000e+01
4.200000000000000000e+01
8.200000000000000000e+01
1.630000000000000000e+02
2.610000000000000000e+02
3.810000000000000000e+02
5.620000000000000000e+02
7.600000000000000000e+02
8.990000000000000000e+02
1.175000000000000000e+03
1.341000000000000000e+03
1.580000000000000000e+03
1.805000000000000000e+03
2.125000000000000000e+03
2.414000000000000000e+03
2.652000000000000000e+03
3.004000000000000000e+03
3.372000000000000000e+03
3.722000000000000000e+03
3.991000000000000000e+03
4.386000000000000000e+03
4.704000000000000000e+03
5.189000000000000000e+03
5.808000000000000000e+03
6.068000000000000000e+03
6.640000000000000000e+03
7.181000000000000000e+03
7.747000000000000000e+03
8.254000000000000000e+03
8.856000000000000000e+03
9.444000000000000000e+03
1.028800000000000000e+04
1.087100000000000000e+04
1.171000000000000000e+04
1.257500000000000000e+04
1.335500000000000000e+04
1.446900000000000000e+04
1.506000000000000000e+04
1.622100000000000000e+04
1.711000000000000000e+04
1.786400000000000000e+04
1.899000000000000000e+04
2.006300000000000000e+04
2.108500000000000000e+04
2.194900000000000000e+04
2.305400000000000000e+04
2.390800000000000000e+04
2.477100000000000000e+04
2.591900000000000000e+04
2.665200000000000000e+04
2.775000000000000000e+04
2.854800000000000000e+04
2.896500000000000000e+04
2.957600000000000000e+04
3.003000000000000000e+04
3.036200000000000000e+04
3.082700000000000000e+04
3.083600000000000000e+04
3.077900000000000000e+04
3.050200000000000000e+04
2.984700000000000000e+04
2.929200000000000000e+04
2.830300000000000000e+04
2.698700000000000000e+04
2.525700000000000000e+04
2.296700000000000000e+04
2.070400000000000000e+04
1.834200000000000000e+04
1.601500000000000000e+04
1.339600000000000000e+04
1.124700000000000000e+04
9.309000000000000000e+03
7.487000000000000000e+03
5.985000000000000000e+03
4.654000000000000000e+03
3.519000000000000000e+03
2.589000000000000000e+03
1.936000000000000000e+03
1.312000000000000000e+03
9.250000000000000000e+02
5.420000000000000000e+02
4.140000000000000000e+02
2.410000000000000000e+02
1.460000000000000000e+02
8.100000000000000000e+01
4.300000000000000000e+01
2.300000000000000000e+01
1.300000000000000000e+01
7.000000000000000000e+00
7.000000000000000000e+00
4.000000000000000000e+00
0.000000000000000000e+00
