3.166022623104679523e-01
3.311721469806448437e-01
3.464125307740847926e-01
3.623542697397183487e-01
3.790296399070884892e-01
3.964724026331790108e-01
4.147178729564729993e-01
4.338029910966320069e-01
4.537663972445568628e-01
4.746485097942506615e-01
4.964916071748751714e-01
5.193399134486788027e-01
5.432396878481011715e-01
5.682393184333309755e-01
5.943894200599415534e-01
6.217429368549488578e-01
6.503552494087692093e-01
6.802842869000992332e-01
7.115906443807301640e-01
7.443377054577517971e-01
7.785917706215337297e-01
8.144221914792987294e-01
8.519015111660608319e-01
8.911056112172073274e-01
9.321138652000877656e-01
9.750092994156539516e-01
1.019878760995513334e+00
1.066813093734727769e+00
1.115907322016354675e+00
1.167260843200106146e+00
1.220977628864643227e+00
1.277166435310944426e+00
1.335941023752936552e+00
1.397420390641196608e+00
1.461729008586036382e+00
1.528997078367755114e+00
1.599360792544282317e+00
1.672962611189917626e+00
1.749951550323436855e+00
1.830483483609520734e+00
1.914721457944338345e+00
2.002836023564230405e+00
2.095005579345833979e+00
2.191416733996754740e+00
2.292264683868062036e+00
2.397753608153531335e+00
2.508097082275770440e+00
2.623518510296175776e+00
2.744251577224186889e+00
2.870540722141599943e+00
3.002641633099830454e+00
3.140821764792116610e+00
3.285360880048747489e+00
3.436551616251640962e+00
3.594700077815053518e+00
3.760126455931965594e+00
3.933165676840901348e+00
4.114168079925674348e+00
4.303500127020962296e+00
4.501545144359784700e+00
4.708704098665047688e+00
4.925396408956447480e+00
5.152060795716346675e+00
5.389156169133850760e+00
5.637162558225455200e+00
5.896582082713385020e+00
6.167939969629296471e+00
6.451785616701610770e+00
6.748693704679416427e+00
7.059265360844985793e+00
7.384129376070583284e+00
7.723943477883640440e+00
8.079395662117793364e+00
8.451205585845846358e+00
8.840126024414859174e+00
9.246944395533287064e+00
9.672484353495882203e+00
1.011760745677405460e+01
1.058321491234796596e+01
1.107024940031191029e+01
1.157969698244722601e+01
1.211258909862675992e+01
1.267000465509292084e+01
1.325307220883732029e+01
1.386297225250451071e+01
1.450093960444587537e+01
1.516826590876266145e+01
1.586630225039982101e+01
1.659646189058521415e+01
1.736022312815240198e+01
1.815913229254012862e+01
1.899480687452824768e+01
1.986893880104862475e+01
2.078329786070121799e+01
2.173973528691079338e+01
2.274018750597880612e+01
2.378668005761890925e+01
2.488133169591343474e+01
2.602635867899411792e+01
2.722407925613184787e+01
