0.000000000000000000e+00
1.000000000000000000e+00
0.000000000000000000e+00
2.000000000000000000e+00
2.000000000000000000e+00
5.000000000000000000e+00
4.000000000000000000e+00
6.000000000000000000e+00
5.000000000000000000e+00
1.700000000000000000e+01
1.700000000000000000e+01
2.700000000000000000e+01
3.900000000000000000e+01
4.700000000000000000e+01
5.700000000000000000e+01
7.300000000000000000e+01
1.000000000000000000e+02
1.090000000000000000e+02
1.360000000000000000e+02
2.060000000000000000e+02
2.290000000000000000e+02
3.110000000000000000e+02
3.670000000000000000e+02
4.480000000000000000e+02
5.510000000000000000e+02
6.450000000000000000e+02
7.660000000000000000e+02
9.820000000000000000e+02
1.100000000000000000e+03
1.274000000000000000e+03
1.574000000000000000e+03
1.783000000000000000e+03
1.984000000000000000e+03
2.414000000000000000e+03
2.642000000000000000e+03
2.992000000000000000e+03
3.359000000000000000e+03
3.821000000000000000e+03
4.331000000000000000e+03
4.686000000000000000e+03
5.181000000000000000e+03
5.825000000000000000e+03
6.171000000000000000e+03
6.630000000000000000e+03
7.139000000000000000e+03
7.770000000000000000e+03
8.266000000000000000e+03
8.719000000000000000e+03
9.029000000000000000e+03
9.120000000000000000e+03
9.429000000000000000e+03
9.572000000000000000e+03
9.584000000000000000e+03
9.354000000000000000e+03
9.233000000000000000e+03
9.162000000000000000e+03
8.736000000000000000e+03
8.365000000000000000e+03
8.046000000000000000e+03
7.722000000000000000e+03
7.319000000000000000e+03
6.687000000000000000e+03
6.197000000000000000e+03
5.681000000000000000e+03
5.173000000000000000e+03
4.656000000000000000e+03
4.330000000000000000e+03
3.760000000000000000e+03
3.464000000000000000e+03
3.142000000000000000e+03
2.635000000000000000e+03
2.252000000000000000e+03
1.954000000000000000e+03
1.692000000000000000e+03
1.351000000000000000e+03
1.181000000000000000e+03
9.570000000000000000e+02
8.410000000000000000e+02
6.360000000000000000e+02
4.840000000000000000e+02
4.010000000000000000e+02
3.190000000000000000e+02
2.480000000000000000e+02
1.620000000000000000e+02
1.380000000000000000e+02
1.140000000000000000e+02
6.500000000000000000e+01
4.600000000000000000e+01
3.900000000000000000e+01
2.500000000000000000e+01
2.100000000000000000e+01
1.100000000000000000e+01
7.000000000000000000e+00
1.000000000000000000e+00
1.000000000000000000e+00
3.000000000000000000e+00
0.000000000000000000e+00
1.000000000000000000e+00
0.000000000000000000e+00
1.000000000000000000e+00
