0.000000000000000000e+00
2.000000000000000000e+00
4.000000000000000000e+00
3.000000000000000000e+00
3.000000000000000000e+00
4.000000000000000000e+00
1.500000000000000000e+01
1.900000000000000000e+01
1.200000000000000000e+01
2.400000000000000000e+01
3.200000000000000000e+01
3.500000000000000000e+01
4.800000000000000000e+01
7.700000000000000000e+01
9.200000000000000000e+01
1.120000000000000000e+02
1.460000000000000000e+02
1.860000000000000000e+02
2.170000000000000000e+02
2.830000000000000000e+02
3.280000000000000000e+02
4.120000000000000000e+02
5.110000000000000000e+02
6.010000000000000000e+02
7.040000000000000000e+02
8.810000000000000000e+02
9.620000000000000000e+02
1.210000000000000000e+03
1.482000000000000000e+03
1.651000000000000000e+03
1.882000000000000000e+03
2.156000000000000000e+03
2.520000000000000000e+03
2.864000000000000000e+03
3.281000000000000000e+03
3.433000000000000000e+03
4.077000000000000000e+03
4.582000000000000000e+03
4.840000000000000000e+03
5.471000000000000000e+03
6.118000000000000000e+03
6.360000000000000000e+03
6.913000000000000000e+03
7.583000000000000000e+03
7.957000000000000000e+03
8.451000000000000000e+03
8.790000000000000000e+03
9.082000000000000000e+03
9.325000000000000000e+03
9.651000000000000000e+03
9.678000000000000000e+03
9.714000000000000000e+03
9.388000000000000000e+03
9.356000000000000000e+03
9.162000000000000000e+03
8.880000000000000000e+03
8.541000000000000000e+03
8.009000000000000000e+03
7.753000000000000000e+03
7.154000000000000000e+03
6.647000000000000000e+03
6.185000000000000000e+03
5.635000000000000000e+03
5.124000000000000000e+03
4.601000000000000000e+03
4.307000000000000000e+03
3.719000000000000000e+03
3.487000000000000000e+03
3.073000000000000000e+03
2.699000000000000000e+03
2.268000000000000000e+03
2.025000000000000000e+03
1.601000000000000000e+03
1.370000000000000000e+03
1.149000000000000000e+03
9.830000000000000000e+02
7.900000000000000000e+02
6.640000000000000000e+02
5.090000000000000000e+02
4.220000000000000000e+02
3.180000000000000000e+02
2.660000000000000000e+02
2.100000000000000000e+02
1.330000000000000000e+02
1.290000000000000000e+02
7.400000000000000000e+01
3.500000000000000000e+01
3.800000000000000000e+01
2.900000000000000000e+01
1.600000000000000000e+01
1.000000000000000000e+01
6.000000000000000000e+00
0.000000000000000000e+00
1.000000000000000000e+00
4.000000000000000000e+00
1.000000000000000000e+00
0.000000000000000000e+00
1.000000000000000000e+00
0.000000000000000000e+00
1.000000000000000000e+00
