0.000000000000000000e+00
1.000000000000000000e+00
0.000000000000000000e+00
0.000000000000000000e+00
0.000000000000000000e+00
0.000000000000000000e+00
0.000000000000000000e+00
0.000000000000000000e+00
2.000000000000000000e+00
1.000000000000000000e+01
3.100000000000000000e+01
6.900000000000000000e+01
1.130000000000000000e+02
1.780000000000000000e+02
3.200000000000000000e+02
4.700000000000000000e+02
6.630000000000000000e+02
7.750000000000000000e+02
1.000000000000000000e+03
1.190000000000000000e+03
1.448000000000000000e+03
1.654000000000000000e+03
1.912000000000000000e+03
2.175000000000000000e+03
2.592000000000000000e+03
2.673000000000000000e+03
3.182000000000000000e+03
3.585000000000000000e+03
3.772000000000000000e+03
4.128000000000000000e+03
4.614000000000000000e+03
4.928000000000000000e+03
5.520000000000000000e+03
5.947000000000000000e+03
6.377000000000000000e+03
6.925000000000000000e+03
7.530000000000000000e+03
8.039000000000000000e+03
8.537000000000000000e+03
9.432000000000000000e+03
9.940000000000000000e+03
1.079300000000000000e+04
1.161500000000000000e+04
1.238100000000000000e+04
1.333700000000000000e+04
1.397400000000000000e+04
1.505500000000000000e+04
1.599800000000000000e+04
1.705600000000000000e+04
1.779000000000000000e+04
1.868600000000000000e+04
1.962900000000000000e+04
2.048000000000000000e+04
2.188300000000000000e+04
2.292600000000000000e+04
2.355800000000000000e+04
2.439900000000000000e+04
2.562800000000000000e+04
2.642600000000000000e+04
2.716900000000000000e+04
2.770100000000000000e+04
2.823600000000000000e+04
2.889700000000000000e+04
2.951500000000000000e+04
2.953800000000000000e+04
2.999600000000000000e+04
2.976400000000000000e+04
2.985300000000000000e+04
2.937000000000000000e+04
2.853400000000000000e+04
2.777400000000000000e+04
2.680800000000000000e+04
2.531500000000000000e+04
2.343600000000000000e+04
2.092500000000000000e+04
1.870700000000000000e+04
1.642000000000000000e+04
1.396000000000000000e+04
1.175500000000000000e+04
9.725000000000000000e+03
7.639000000000000000e+03
6.179000000000000000e+03
4.683000000000000000e+03
3.572000000000000000e+03
2.641000000000000000e+03
1.840000000000000000e+03
1.316000000000000000e+03
8.450000000000000000e+02
5.670000000000000000e+02
3.410000000000000000e+02
1.940000000000000000e+02
1.240000000000000000e+02
7.000000000000000000e+01
3.200000000000000000e+01
3.000000000000000000e+01
1.400000000000000000e+01
6.000000000000000000e+00
2.000000000000000000e+00
3.000000000000000000e+00
0.000000000000000000e+00
