1.041758475663620676e+00
1.093173406747842247e+00
1.147125869515414287e+00
1.203741101264300895e+00
1.263150520252059872e+00
1.325492030750822225e+00
1.390910343157952367e+00
1.459557309905443079e+00
1.531592277947777747e+00
1.607182458646473355e+00
1.686503315909899436e+00
1.769738973489341616e+00
1.857082642376750803e+00
1.948737069296273772e+00
2.044915007330625034e+00
2.145839709774748361e+00
2.251745448363122737e+00
2.362878057073648730e+00
2.479495502770427517e+00
2.601868484010028126e+00
2.730281059401234778e+00
2.865031306976851599e+00
3.006432016108126604e+00
3.154811413567915501e+00
3.310513925427953197e+00
3.473900976558789822e+00
3.645351829588233894e+00
3.825264465265736824e+00
4.014056506276272529e+00
4.212166186648103938e+00
4.420053369004688371e+00
4.638200612022020053e+00
4.867114290569242385e+00
5.107325771132660286e+00
5.359392645251613629e+00
5.623900023829323302e+00
5.901461895323136808e+00
6.192722550966866635e+00
6.498358080333538567e+00
6.819077940710106311e+00
7.155626603927082385e+00
7.508785284465744780e+00
7.879373752854344382e+00
8.268252238562620704e+00
8.676323426811752171e+00
9.104534553934835017e+00
9.553879606151738813e+00
1.002540162686228165e+01
1.052019513781347548e+01
1.103940867976107576e+01
1.158424747852285996e+01
1.215597624261225995e+01
1.275592209894638529e+01
1.338547767344290307e+01
1.404610432365667272e+01
1.473933553095983484e+01
1.546678046013957797e+01
1.623012769467614902e+01
1.703114915637178584e+01
1.787170421842889567e+01
1.875374402152506903e+01
1.967931600290359029e+01
2.065056864899256439e+01
2.166975648258478415e+01
2.273924529615476686e+01
2.386151764346083581e+01
2.503917860217965696e+01
2.627496182094971999e+01
2.757173586486053551e+01
2.893251087411699984e+01
3.036044555133535638e+01
3.185885449369005329e+01
3.343121588693129098e+01
3.508117957913293594e+01
3.681257555291212213e+01
3.862942281578654047e+01
4.053593872930643727e+01
4.253654879861628757e+01
4.463589694517042261e+01
4.683885628644808463e+01
4.915054044769036068e+01
5.157631543191637746e+01
5.412181207577215503e+01
5.679293912012511925e+01
5.959589692574461850e+01
6.253719186590589629e+01
6.562365142932634399e+01
6.886244006849193511e+01
7.226107583016158742e+01
7.582744780665331064e+01
7.956983444842069275e+01
8.349692278042813598e+01
8.761782856693068311e+01
9.194211747146604807e+01
9.647982726117668051e+01
1.012414911070033838e+02
1.062381620338365025e+02
1.114814385773794072e+02
1.169834917072803222e+02
1.227570930790281665e+02
