1.136251410482818303e+00
1.192408078614658917e+00
1.251340163653863247e+00
1.313184834333298134e+00
1.378086038641670008e+00
1.446194838872984167e+00
1.517669763235068414e+00
1.592677174835557485e+00
1.671391658904178623e+00
1.753996429152627101e+00
1.840683754217863566e+00
1.931655405181412544e+00
2.027123125206292453e+00
2.127309122384696938e+00
2.232446586943559463e+00
2.342780234011842211e+00
2.458566873212875592e+00
2.580076006407514111e+00
2.707590454979406314e+00
2.841407018122425132e+00
2.981837163662470314e+00
3.129207753021589156e+00
3.283861802011808884e+00
3.446159279229500605e+00
3.616477943908580794e+00
3.795214225182721446e+00
3.982784144803119819e+00
4.179624285459515143e+00
4.386192806958288060e+00
4.602970512622881927e+00
4.830461968398656047e+00
5.069196677266982753e+00
5.319730311702119074e+00
5.582646007039481439e+00
5.858555718765733999e+00
6.148101646889887917e+00
6.451957730710730310e+00
6.770831217459782891e+00
7.105464308470889279e+00
7.456635886708040672e+00
7.825163329672361279e+00
8.211904411907969603e+00
8.617759301534869465e+00
9.043672655456020948e+00
9.490635818115281452e+00
9.959689128924017254e+00
1.045192434372707169e+01
1.096848717594427036e+01
1.151057996330205491e+01
1.207946446636243643e+01
1.267646480536279263e+01
1.330297054220251773e+01
1.396043991474981993e+01
1.465040323099685615e+01
1.537446643096344978e+01
1.613431482463968791e+01
1.693171701466815549e+01
1.776852901289568010e+01
1.864669856037651030e+01
1.956826966088198105e+01
2.053538733846845687e+01
2.155030263017768277e+01
2.261537782548977660e+01
2.373309196472463967e+01
2.490604660918944546e+01
2.613697189650246955e+01
2.742873289518801982e+01
2.878433627333254208e+01
3.020693729682430728e+01
3.169984717346533643e+01
3.326654076004923155e+01
3.491066465034445798e+01
3.663604566280748998e+01
3.844669974778240373e+01
4.034684133491877134e+01
4.234089314256429049e+01
4.443349647196512109e+01
4.662952201023324506e+01
4.893408116722680745e+01
5.135253797272979170e+01
5.389052156162312457e+01
5.655393927610759164e+01
5.934899041547395626e+01
6.228218066542520148e+01
6.536033724053517346e+01
6.859062477508901168e+01
7.198056199929328614e+01
7.553803923966918887e+01
7.927133678436452158e+01
8.318914415612864843e+01
8.730058033781173776e+01
9.161521499746373820e+01
9.614309076243515051e+01
1.008947465943265911e+02
1.058812423191910739e+02
1.111141843700873437e+02
1.166057528019011329e+02
1.223687296413114041e+02
1.284165286378926112e+02
1.347632264855959932e+02
