0.000000000000000000e+00
2.000000000000000000e+00
1.000000000000000000e+00
2.000000000000000000e+00
2.000000000000000000e+00
1.200000000000000000e+01
8.000000000000000000e+00
1.600000000000000000e+01
2.700000000000000000e+01
2.900000000000000000e+01
4.100000000000000000e+01
5.700000000000000000e+01
6.600000000000000000e+01
7.700000000000000000e+01
8.800000000000000000e+01
1.360000000000000000e+02
1.490000000000000000e+02
2.070000000000000000e+02
2.550000000000000000e+02
2.820000000000000000e+02
3.680000000000000000e+02
4.610000000000000000e+02
5.630000000000000000e+02
6.020000000000000000e+02
7.120000000000000000e+02
9.210000000000000000e+02
1.065000000000000000e+03
1.278000000000000000e+03
1.475000000000000000e+03
1.731000000000000000e+03
2.005000000000000000e+03
2.207000000000000000e+03
2.648000000000000000e+03
2.861000000000000000e+03
3.220000000000000000e+03
3.605000000000000000e+03
4.125000000000000000e+03
4.558000000000000000e+03
4.962000000000000000e+03
5.592000000000000000e+03
6.010000000000000000e+03
6.463000000000000000e+03
6.997000000000000000e+03
7.417000000000000000e+03
7.833000000000000000e+03
8.390000000000000000e+03
8.639000000000000000e+03
9.147000000000000000e+03
9.119000000000000000e+03
9.307000000000000000e+03
9.530000000000000000e+03
9.417000000000000000e+03
9.263000000000000000e+03
9.046000000000000000e+03
8.870000000000000000e+03
8.330000000000000000e+03
8.277000000000000000e+03
7.753000000000000000e+03
7.529000000000000000e+03
6.966000000000000000e+03
6.523000000000000000e+03
5.890000000000000000e+03
5.437000000000000000e+03
5.006000000000000000e+03
4.560000000000000000e+03
4.115000000000000000e+03
3.609000000000000000e+03
3.397000000000000000e+03
3.027000000000000000e+03
2.554000000000000000e+03
2.212000000000000000e+03
1.900000000000000000e+03
1.659000000000000000e+03
1.330000000000000000e+03
1.177000000000000000e+03
9.460000000000000000e+02
7.940000000000000000e+02
6.400000000000000000e+02
5.120000000000000000e+02
4.310000000000000000e+02
3.460000000000000000e+02
2.380000000000000000e+02
1.860000000000000000e+02
1.360000000000000000e+02
1.110000000000000000e+02
7.400000000000000000e+01
4.300000000000000000e+01
4.000000000000000000e+01
3.500000000000000000e+01
2.200000000000000000e+01
1.600000000000000000e+01
6.000000000000000000e+00
4.000000000000000000e+00
3.000000000000000000e+00
2.000000000000000000e+00
2.000000000000000000e+00
1.000000000000000000e+00
1.000000000000000000e+00
1.000000000000000000e+00
0.000000000000000000e+00
