7.450000000000000000e+02
2.230000000000000000e+03
3.550000000000000000e+03
4.786000000000000000e+03
5.538000000000000000e+03
6.499000000000000000e+03
7.049000000000000000e+03
7.470000000000000000e+03
7.994000000000000000e+03
8.281000000000000000e+03
8.790000000000000000e+03
8.975000000000000000e+03
9.319000000000000000e+03
9.457000000000000000e+03
9.948000000000000000e+03
1.003700000000000000e+04
1.037400000000000000e+04
1.063700000000000000e+04
1.057100000000000000e+04
1.059000000000000000e+04
1.088300000000000000e+04
1.081700000000000000e+04
1.071900000000000000e+04
1.067700000000000000e+04
1.006300000000000000e+04
9.556000000000000000e+03
9.071000000000000000e+03
8.388000000000000000e+03
7.515000000000000000e+03
6.750000000000000000e+03
5.665000000000000000e+03
4.739000000000000000e+03
3.793000000000000000e+03
3.038000000000000000e+03
2.254000000000000000e+03
1.556000000000000000e+03
1.186000000000000000e+03
7.930000000000000000e+02
5.350000000000000000e+02
3.340000000000000000e+02
1.970000000000000000e+02
1.030000000000000000e+02
5.300000000000000000e+01
2.000000000000000000e+01
1.000000000000000000e+01
2.000000000000000000e+00
0.000000000000000000e+00
0.000000000000000000e+00
0.000000000000000000e+00
0.000000000000000000e+00
