7.970000000000000000e+02
2.219000000000000000e+03
3.532000000000000000e+03
4.622000000000000000e+03
5.637000000000000000e+03
6.499000000000000000e+03
7.191000000000000000e+03
7.534000000000000000e+03
8.026000000000000000e+03
8.292000000000000000e+03
8.762000000000000000e+03
9.103000000000000000e+03
9.378000000000000000e+03
9.507000000000000000e+03
9.765000000000000000e+03
1.006300000000000000e+04
1.034800000000000000e+04
1.062700000000000000e+04
1.056100000000000000e+04
1.056700000000000000e+04
1.084900000000000000e+04
1.072900000000000000e+04
1.071600000000000000e+04
1.023100000000000000e+04
1.001400000000000000e+04
9.632000000000000000e+03
9.057000000000000000e+03
8.383000000000000000e+03
7.450000000000000000e+03
6.674000000000000000e+03
5.776000000000000000e+03
4.663000000000000000e+03
3.727000000000000000e+03
3.011000000000000000e+03
2.232000000000000000e+03
1.511000000000000000e+03
1.121000000000000000e+03
7.570000000000000000e+02
5.450000000000000000e+02
3.190000000000000000e+02
1.850000000000000000e+02
1.010000000000000000e+02
4.200000000000000000e+01
2.400000000000000000e+01
6.000000000000000000e+00
0.000000000000000000e+00
0.000000000000000000e+00
0.000000000000000000e+00
0.000000000000000000e+00
0.000000000000000000e+00
