0.000000000000000000e+00
2.000000000000000000e+00
8.000000000000000000e+00
1.900000000000000000e+01
4.700000000000000000e+01
6.700000000000000000e+01
1.350000000000000000e+02
2.150000000000000000e+02
2.940000000000000000e+02
4.380000000000000000e+02
5.080000000000000000e+02
7.250000000000000000e+02
8.170000000000000000e+02
1.016000000000000000e+03
1.112000000000000000e+03
1.453000000000000000e+03
1.622000000000000000e+03
1.840000000000000000e+03
2.000000000000000000e+03
2.220000000000000000e+03
2.474000000000000000e+03
2.769000000000000000e+03
3.045000000000000000e+03
3.373000000000000000e+03
3.614000000000000000e+03
3.885000000000000000e+03
4.246000000000000000e+03
4.587000000000000000e+03
4.929000000000000000e+03
5.334000000000000000e+03
5.698000000000000000e+03
6.131000000000000000e+03
6.714000000000000000e+03
7.027000000000000000e+03
7.459000000000000000e+03
8.080000000000000000e+03
8.644000000000000000e+03
9.204000000000000000e+03
9.794000000000000000e+03
1.043300000000000000e+04
1.114600000000000000e+04
1.177200000000000000e+04
1.234400000000000000e+04
1.295800000000000000e+04
1.377800000000000000e+04
1.441700000000000000e+04
1.516500000000000000e+04
1.604400000000000000e+04
1.652500000000000000e+04
1.751700000000000000e+04
1.815400000000000000e+04
1.893400000000000000e+04
1.955400000000000000e+04
2.032600000000000000e+04
2.111800000000000000e+04
2.140300000000000000e+04
2.216400000000000000e+04
2.277000000000000000e+04
2.327000000000000000e+04
2.367100000000000000e+04
2.437800000000000000e+04
2.460400000000000000e+04
2.470500000000000000e+04
2.480600000000000000e+04
2.483100000000000000e+04
2.452500000000000000e+04
2.415200000000000000e+04
2.400400000000000000e+04
2.329200000000000000e+04
2.273500000000000000e+04
2.167800000000000000e+04
2.016100000000000000e+04
1.888800000000000000e+04
1.674600000000000000e+04
1.478200000000000000e+04
1.287300000000000000e+04
1.107100000000000000e+04
9.087000000000000000e+03
7.484000000000000000e+03
6.056000000000000000e+03
4.958000000000000000e+03
3.721000000000000000e+03
2.873000000000000000e+03
2.080000000000000000e+03
1.521000000000000000e+03
1.038000000000000000e+03
7.270000000000000000e+02
4.390000000000000000e+02
2.970000000000000000e+02
1.890000000000000000e+02
9.900000000000000000e+01
5.400000000000000000e+01
3.900000000000000000e+01
2.400000000000000000e+01
1.100000000000000000e+01
5.000000000000000000e+00
4.000000000000000000e+00
1.000000000000000000e+00
1.000000000000000000e+00
0.000000000000000000e+00
