0.000000000000000000e+00
1.000000000000000000e+00
0.000000000000000000e+00
1.000000000000000000e+00
0.000000000000000000e+00
2.000000000000000000e+00
2.000000000000000000e+00
2.000000000000000000e+00
5.000000000000000000e+00
1.100000000000000000e+01
1.200000000000000000e+01
2.000000000000000000e+01
1.800000000000000000e+01
2.700000000000000000e+01
3.600000000000000000e+01
4.400000000000000000e+01
7.900000000000000000e+01
8.600000000000000000e+01
9.000000000000000000e+01
1.300000000000000000e+02
1.460000000000000000e+02
1.740000000000000000e+02
2.200000000000000000e+02
2.290000000000000000e+02
3.370000000000000000e+02
4.060000000000000000e+02
4.730000000000000000e+02
5.330000000000000000e+02
6.070000000000000000e+02
7.760000000000000000e+02
8.310000000000000000e+02
1.048000000000000000e+03
1.161000000000000000e+03
1.308000000000000000e+03
1.432000000000000000e+03
1.704000000000000000e+03
1.849000000000000000e+03
2.116000000000000000e+03
2.393000000000000000e+03
2.613000000000000000e+03
2.832000000000000000e+03
3.172000000000000000e+03
3.475000000000000000e+03
3.746000000000000000e+03
4.027000000000000000e+03
4.294000000000000000e+03
4.726000000000000000e+03
5.003000000000000000e+03
5.226000000000000000e+03
5.437000000000000000e+03
5.647000000000000000e+03
6.041000000000000000e+03
6.054000000000000000e+03
6.171000000000000000e+03
6.133000000000000000e+03
6.311000000000000000e+03
5.998000000000000000e+03
6.077000000000000000e+03
5.902000000000000000e+03
5.732000000000000000e+03
5.390000000000000000e+03
5.149000000000000000e+03
4.832000000000000000e+03
4.492000000000000000e+03
4.148000000000000000e+03
3.820000000000000000e+03
3.567000000000000000e+03
3.257000000000000000e+03
2.911000000000000000e+03
2.602000000000000000e+03
2.303000000000000000e+03
2.094000000000000000e+03
1.878000000000000000e+03
1.654000000000000000e+03
1.368000000000000000e+03
1.185000000000000000e+03
9.940000000000000000e+02
7.820000000000000000e+02
7.170000000000000000e+02
5.620000000000000000e+02
4.560000000000000000e+02
3.670000000000000000e+02
2.840000000000000000e+02
2.470000000000000000e+02
1.910000000000000000e+02
1.360000000000000000e+02
1.080000000000000000e+02
7.800000000000000000e+01
5.600000000000000000e+01
4.200000000000000000e+01
2.100000000000000000e+01
2.500000000000000000e+01
1.000000000000000000e+01
5.000000000000000000e+00
5.000000000000000000e+00
3.000000000000000000e+00
3.000000000000000000e+00
1.000000000000000000e+00
0.000000000000000000e+00
1.000000000000000000e+00
