0.000000000000000000e+00
1.000000000000000000e+00
0.000000000000000000e+00
2.000000000000000000e+00
0.000000000000000000e+00
1.000000000000000000e+00
5.000000000000000000e+00
2.000000000000000000e+00
1.500000000000000000e+01
1.500000000000000000e+01
1.300000000000000000e+01
3.200000000000000000e+01
3.800000000000000000e+01
4.400000000000000000e+01
5.600000000000000000e+01
7.400000000000000000e+01
9.200000000000000000e+01
1.360000000000000000e+02
1.180000000000000000e+02
2.060000000000000000e+02
2.480000000000000000e+02
3.180000000000000000e+02
3.410000000000000000e+02
4.520000000000000000e+02
5.560000000000000000e+02
6.290000000000000000e+02
8.010000000000000000e+02
8.800000000000000000e+02
1.101000000000000000e+03
1.301000000000000000e+03
1.559000000000000000e+03
1.697000000000000000e+03
1.956000000000000000e+03
2.307000000000000000e+03
2.588000000000000000e+03
3.123000000000000000e+03
3.267000000000000000e+03
3.741000000000000000e+03
4.240000000000000000e+03
4.573000000000000000e+03
5.146000000000000000e+03
5.781000000000000000e+03
6.194000000000000000e+03
6.637000000000000000e+03
7.169000000000000000e+03
7.704000000000000000e+03
8.077000000000000000e+03
8.800000000000000000e+03
8.962000000000000000e+03
9.135000000000000000e+03
9.514000000000000000e+03
9.725000000000000000e+03
9.844000000000000000e+03
9.590000000000000000e+03
9.333000000000000000e+03
9.180000000000000000e+03
9.033000000000000000e+03
8.637000000000000000e+03
8.339000000000000000e+03
7.787000000000000000e+03
7.545000000000000000e+03
6.951000000000000000e+03
6.505000000000000000e+03
5.820000000000000000e+03
5.424000000000000000e+03
4.963000000000000000e+03
4.396000000000000000e+03
3.976000000000000000e+03
3.601000000000000000e+03
3.199000000000000000e+03
2.893000000000000000e+03
2.366000000000000000e+03
2.167000000000000000e+03
1.740000000000000000e+03
1.483000000000000000e+03
1.249000000000000000e+03
1.022000000000000000e+03
8.630000000000000000e+02
6.740000000000000000e+02
6.150000000000000000e+02
4.170000000000000000e+02
3.480000000000000000e+02
2.630000000000000000e+02
2.300000000000000000e+02
1.450000000000000000e+02
1.190000000000000000e+02
9.600000000000000000e+01
4.600000000000000000e+01
3.100000000000000000e+01
2.300000000000000000e+01
1.800000000000000000e+01
1.300000000000000000e+01
5.000000000000000000e+00
8.000000000000000000e+00
2.000000000000000000e+00
3.000000000000000000e+00
0.000000000000000000e+00
0.000000000000000000e+00
0.000000000000000000e+00
1.000000000000000000e+00
