9.766876297733156909e-01
1.026047100814451385e+00
1.077901082185390713e+00
1.132375640508287873e+00
1.189603213512697488e+00
1.249722932016197330e+00
1.312880958177144564e+00
1.379230840841926486e+00
1.448933888850611584e+00
1.522159563208585364e+00
1.599085889077604516e+00
1.679899888587902401e+00
1.764798035523588382e+00
1.853986732986765418e+00
1.947682815201658979e+00
2.046114074678731409e+00
2.149519816020418972e+00
2.258151437714893017e+00
2.372273043332296716e+00
2.492162083609385625e+00
2.618110030983598513e+00
2.750423088216477296e+00
2.889422932829234458e+00
3.035447499160313534e+00
3.188851799946293308e+00
3.350008789423526867e+00
3.519310270048892519e+00
3.697167845044048828e+00
3.884013919079025712e+00
4.080302749527962902e+00
4.286511550852841523e+00
4.503141654800121074e+00
4.730719729230965953e+00
4.969799058548264981e+00
5.220960888833359625e+00
5.484815840962817823e+00
5.762005395140751496e+00
6.053203450455863610e+00
6.359117963254830030e+00
6.680492668315129556e+00
7.018108887001909046e+00
7.372787426804762845e+00
7.745390576872590138e+00
8.136824204398067195e+00
8.548039956948361606e+00
8.980037576096453478e+00
9.433867327977843331e+00
9.910632556681836292e+00
1.041149236668517730e+01
1.093766444084943679e+01
1.149042800083337212e+01
1.207112691711741270e+01
1.268117297620143802e+01
1.332204931291896166e+01
1.399531401621231019e+01
1.470260391713504511e+01
1.544563856829116411e+01
1.622622442438557044e+01
1.704625923404966059e+01
1.790773665361935940e+01
1.881275109408254664e+01
1.976350281297959910e+01
2.076230326363655720e+01
2.181158071473583604e+01
2.291388615388662231e+01
2.407189948954762926e+01
2.528843606638051256e+01
2.656645350987350795e+01
2.790905891687619089e+01
2.931951640952675220e+01
3.080125507093688597e+01
3.235787728192712365e+01
3.399316747908113712e+01
3.571110135541128017e+01
3.751585552600380424e+01
3.941181768214269709e+01
4.140359725859923401e+01
4.349603664002050607e+01
4.569422293366239529e+01
4.800350033708847519e+01
5.042948313090312240e+01
5.297806932810620850e+01
5.565545501325392053e+01
5.846814940628674862e+01
6.142299068764733505e+01
6.452716262316224061e+01
6.778821202910570776e+01
7.121406711990645988e+01
7.481305678310344831e+01
7.859393082841258149e+01
8.256588126013291173e+01
8.673856462460976502e+01
9.112212548708508564e+01
9.572722109501285104e+01
1.005650472877992030e+02
1.056473657159587987e+02
1.109865324358644472e+02
1.165955279496047865e+02
1.224879887629868733e+02
1.286782405384055323e+02
