0.000000000000000000e+00
1.000000000000000000e+00
2.000000000000000000e+00
1.000000000000000000e+01
2.300000000000000000e+01
3.900000000000000000e+01
8.300000000000000000e+01
1.670000000000000000e+02
2.390000000000000000e+02
3.710000000000000000e+02
4.930000000000000000e+02
6.370000000000000000e+02
7.940000000000000000e+02
9.990000000000000000e+02
1.263000000000000000e+03
1.377000000000000000e+03
1.665000000000000000e+03
1.887000000000000000e+03
2.220000000000000000e+03
2.336000000000000000e+03
2.617000000000000000e+03
2.862000000000000000e+03
3.234000000000000000e+03
3.667000000000000000e+03
3.834000000000000000e+03
4.247000000000000000e+03
4.642000000000000000e+03
4.950000000000000000e+03
5.403000000000000000e+03
5.680000000000000000e+03
6.178000000000000000e+03
6.650000000000000000e+03
7.079000000000000000e+03
7.650000000000000000e+03
8.207000000000000000e+03
8.889000000000000000e+03
9.411000000000000000e+03
9.913000000000000000e+03
1.077700000000000000e+04
1.135200000000000000e+04
1.200400000000000000e+04
1.319100000000000000e+04
1.366600000000000000e+04
1.472200000000000000e+04
1.550600000000000000e+04
1.633800000000000000e+04
1.695300000000000000e+04
1.786700000000000000e+04
1.903500000000000000e+04
1.972900000000000000e+04
2.068500000000000000e+04
2.162200000000000000e+04
2.240500000000000000e+04
2.314800000000000000e+04
2.398900000000000000e+04
2.501800000000000000e+04
2.568500000000000000e+04
2.646700000000000000e+04
2.727100000000000000e+04
2.741800000000000000e+04
2.789100000000000000e+04
2.847000000000000000e+04
2.855700000000000000e+04
2.901200000000000000e+04
2.905800000000000000e+04
2.883400000000000000e+04
2.849500000000000000e+04
2.799900000000000000e+04
2.728700000000000000e+04
2.634300000000000000e+04
2.530200000000000000e+04
2.388200000000000000e+04
2.181000000000000000e+04
1.962400000000000000e+04
1.755200000000000000e+04
1.562600000000000000e+04
1.312000000000000000e+04
1.125700000000000000e+04
9.374000000000000000e+03
7.637000000000000000e+03
6.218000000000000000e+03
4.832000000000000000e+03
3.754000000000000000e+03
2.901000000000000000e+03
2.165000000000000000e+03
1.510000000000000000e+03
1.122000000000000000e+03
7.470000000000000000e+02
4.980000000000000000e+02
3.010000000000000000e+02
1.970000000000000000e+02
1.170000000000000000e+02
7.400000000000000000e+01
3.400000000000000000e+01
2.200000000000000000e+01
8.000000000000000000e+00
8.000000000000000000e+00
4.000000000000000000e+00
3.000000000000000000e+00
0.000000000000000000e+00
