1.159815622820665304e+00
1.215570720416940365e+00
1.274006098263631426e+00
1.335250603812011772e+00
1.399439278517021323e+00
1.466713655597767119e+00
1.537222072112076621e+00
1.611119996033221646e+00
1.688570369049995579e+00
1.769743965846008127e+00
1.854819770650389721e+00
1.943985371890185387e+00
2.037437375814629803e+00
2.135381840003320875e+00
2.238034727714170113e+00
2.345622384072934885e+00
2.458382035154317080e+00
2.576562311055076826e+00
2.700423794112520426e+00
2.830239593477146709e+00
2.966295947306379688e+00
3.108892853907175180e+00
3.258344733219167288e+00
3.414981120096871159e+00
3.579147390919624971e+00
3.751205525131387386e+00
3.931534903389577451e+00
4.120533144082823895e+00
4.318616980062111921e+00
4.526223177518486018e+00
4.743809499033388555e+00
4.971855712925129289e+00
5.210864651117024238e+00
5.461363317859792232e+00
5.723904051752864319e+00
5.999065743626833758e+00
6.287455112972398119e+00
6.589708045730296782e+00
6.906490996391982051e+00
7.238502457502617560e+00
7.586474499806568517e+00
7.951174386431367758e+00
8.333406264669335428e+00
8.734012939087181238e+00
9.153877729873183711e+00
9.593926420519563791e+00
1.005512929913456865e+01
1.053850329788532036e+01
1.104511423528869685e+01
1.157607916629459233e+01
1.213256884534313329e+01
1.271581030782706812e+01
1.332708957565103347e+01
1.396775449285366122e+01
1.463921769754468194e+01
1.534295973671008895e+01
1.608053233075357724e+01
1.685356179497199847e+01
1.766375262550957004e+01
1.851289125769715938e+01
1.940285000506413127e+01
2.033559118770771335e+01
2.131317145912288780e+01
2.233774634103349044e+01
2.341157497622313599e+01
2.453702510984638607e+01
2.571657831020300478e+01
2.695283544048770707e+01
2.824852239357945649e+01
2.960649610251621056e+01
3.102975083990716243e+01
3.252142482017274006e+01
3.408480711917031414e+01
3.572334492646227488e+01
3.744065114621846391e+01
3.924051236351149896e+01
4.112689719357141627e+01
4.310396503240853150e+01
4.517607522809947795e+01
4.734779669295927818e+01
4.962391797779275038e+01
5.200945783043985671e+01
5.450967626189469684e+01
5.713008614440001054e+01
5.987646536708885492e+01
6.275486957597765780e+01
6.577164552640060435e+01
6.893344507732720672e+01
7.224723985842075535e+01
7.572033664217615012e+01
7.936039345503404263e+01
8.317543646299354521e+01
8.717387766895753032e+01
9.136453346083079907e+01
9.575664405126933332e+01
1.003598938519455288e+02
1.051844328272514275e+02
1.102408988745268630e+02
1.155404412801569691e+02
1.210947453032610497e+02
