0.000000000000000000e+00
3.000000000000000000e+00
1.000000000000000000e+01
1.800000000000000000e+01
3.500000000000000000e+01
1.000000000000000000e+02
1.390000000000000000e+02
2.510000000000000000e+02
3.450000000000000000e+02
4.830000000000000000e+02
6.170000000000000000e+02
7.980000000000000000e+02
9.590000000000000000e+02
1.209000000000000000e+03
1.329000000000000000e+03
1.555000000000000000e+03
1.761000000000000000e+03
2.024000000000000000e+03
2.239000000000000000e+03
2.571000000000000000e+03
2.810000000000000000e+03
3.160000000000000000e+03
3.444000000000000000e+03
3.648000000000000000e+03
3.999000000000000000e+03
4.268000000000000000e+03
4.919000000000000000e+03
4.989000000000000000e+03
5.540000000000000000e+03
5.967000000000000000e+03
6.465000000000000000e+03
6.927000000000000000e+03
7.320000000000000000e+03
7.930000000000000000e+03
8.421000000000000000e+03
9.091000000000000000e+03
9.587000000000000000e+03
1.020600000000000000e+04
1.075600000000000000e+04
1.151000000000000000e+04
1.252200000000000000e+04
1.319500000000000000e+04
1.398400000000000000e+04
1.479600000000000000e+04
1.552700000000000000e+04
1.601100000000000000e+04
1.715700000000000000e+04
1.816000000000000000e+04
1.891700000000000000e+04
1.979800000000000000e+04
2.067200000000000000e+04
2.145200000000000000e+04
2.216700000000000000e+04
2.295100000000000000e+04
2.405700000000000000e+04
2.454400000000000000e+04
2.558000000000000000e+04
2.598600000000000000e+04
2.640200000000000000e+04
2.706600000000000000e+04
2.742900000000000000e+04
2.779400000000000000e+04
2.813200000000000000e+04
2.824000000000000000e+04
2.811500000000000000e+04
2.778900000000000000e+04
2.747200000000000000e+04
2.714800000000000000e+04
2.622700000000000000e+04
2.527300000000000000e+04
2.390900000000000000e+04
2.280500000000000000e+04
2.026400000000000000e+04
1.835400000000000000e+04
1.635300000000000000e+04
1.418700000000000000e+04
1.197500000000000000e+04
1.028100000000000000e+04
8.379000000000000000e+03
6.885000000000000000e+03
5.552000000000000000e+03
4.269000000000000000e+03
3.236000000000000000e+03
2.539000000000000000e+03
1.850000000000000000e+03
1.266000000000000000e+03
9.420000000000000000e+02
6.020000000000000000e+02
4.460000000000000000e+02
2.440000000000000000e+02
1.780000000000000000e+02
1.080000000000000000e+02
5.400000000000000000e+01
2.600000000000000000e+01
2.800000000000000000e+01
5.000000000000000000e+00
6.000000000000000000e+00
4.000000000000000000e+00
3.000000000000000000e+00
0.000000000000000000e+00
