9.564787814910505892e-01
1.005283220375481346e+00
1.056577911318730356e+00
1.110489919716040497e+00
1.167152794488934830e+00
1.226706898907884646e+00
1.289299758295241238e+00
1.355086425469750111e+00
1.424229864837912363e+00
1.496901356083652379e+00
1.573280918456296362e+00
1.653557756707892956e+00
1.737930729784538109e+00
1.826608843432726115e+00
1.919811767940997171e+00
2.017770382299410858e+00
2.120727346124820833e+00
2.228937700768697905e+00
2.342669501096552143e+00
2.462204479503970589e+00
2.587838743814148135e+00
2.719883510785720659e+00
2.858665877047919412e+00
3.004529629372778121e+00
3.157836096291570804e+00
3.318965043165081230e+00
3.488315612924927756e+00
3.666307314816322993e+00
3.853381063591553080e+00
4.050000271728410262e+00
4.256651997379207408e+00
4.473848150894012221e+00
4.702126762906874369e+00
4.942053317126291034e+00
5.194222151131466347e+00
5.459257928644345448e+00
5.737817186924514701e+00
6.030589963120087660e+00
6.338301503603342546e+00
6.661714060525389947e+00
7.001628780040269895e+00
7.358887686875877243e+00
7.734375770167858377e+00
8.129023175723411043e+00
8.543807510145601469e+00
8.979756262525890875e+00
9.437949349703778523e+00
9.919521791398642208e+00
1.042566652184044784e+01
1.095763734486427055e+01
1.151675203978883211e+01
1.210439562577284178e+01
1.272202379273550754e+01
1.337116650734014911e+01
1.405343180297351147e+01
1.477050976310926877e+01
1.552417670792303461e+01
1.631629959452992651e+01
1.714884064174473011e+01
1.802386219082098862e+01
1.894353181420986587e+01
1.991012768499398433e+01
2.092604422029727473e+01
2.199379801265043000e+01
2.311603406400496397e+01
2.429553233783855504e+01
2.553521464558230392e+01
2.683815188442872923e+01
2.820757164444974663e+01
2.964686620386871141e+01
3.115960093229211125e+01
3.274952312271712884e+01
3.442057127419339935e+01
3.617688484813365335e+01
3.802281452244117332e+01
3.996293296885535540e+01
4.200204618021241743e+01
4.414520537568108693e+01
4.639771951346411072e+01
4.876516844196186184e+01
5.125341672197555454e+01
5.386862815418997741e+01
5.661728104792266691e+01
5.950618426896274116e+01
6.254249410625256900e+01
6.573373199919377896e+01
6.908780316949105327e+01
7.261301620368794829e+01
7.631810363490372140e+01
8.021224357475576028e+01
8.430508244905321646e+01
8.860675889358206803e+01
9.312792886917529245e+01
9.787979205828227691e+01
1.028741196084265965e+02
1.081232832912762234e+02
1.136402861495591310e+02
1.194387947077411667e+02
1.255331728262572994e+02
1.319385172831589443e+02
