3.363385464938624114e-01
3.515820017859120905e-01
3.675163173188202848e-01
3.841728040954568435e-01
4.015841921884875099e-01
4.197846950551157308e-01
4.388100767666827662e-01
4.586977222852314795e-01
4.794867109251272352e-01
5.012178931440899321e-01
5.239339708145293040e-01
5.476795811329204788e-01
5.725013843320982954e-01
5.984481553688286715e-01
6.255708797668210197e-01
6.539228538035160021e-01
6.835597892375144813e-01
7.145399227824369426e-01
7.469241305423330868e-01
7.807760476335040556e-01
8.161621932277967062e-01
8.531521012630809420e-01
8.918184570777552000e-01
9.322372402377686607e-01
9.744878738368157878e-01
1.018653380563078414e+00
1.064820545839187949e+00
1.113080088355977271e+00
1.163526838335122715e+00
1.216259923870964155e+00
1.271382965717662294e+00
1.329004280904455548e+00
1.389237095579116676e+00
1.452199767497851735e+00
1.518016018598831174e+00
1.586815178116364855e+00
1.658732436713437730e+00
1.733909112131981844e+00
1.812492926882884214e+00
1.894638298521397202e+00
1.980506643078339346e+00
2.070266692243334372e+00
2.164094824923353588e+00
2.262175413828072745e+00
2.364701187763091017e+00
2.471873610342913530e+00
2.583903275867876825e+00
2.701010323142910341e+00
2.823424868051294556e+00
2.951387455733425647e+00
3.085149533259112342e+00
3.224973943722220682e+00
3.371135442728556697e+00
3.523921238291881863e+00
3.683631555198978003e+00
3.850580224952724784e+00
4.025095302452438517e+00
4.207519710623248699e+00
4.398211914261208832e+00
4.597546624418269445e+00
4.805915534711199477e+00
5.023728091001338214e+00
5.251412295957579524e+00
5.489415550083583284e+00
5.738205530861801407e+00
5.998271111741868999e+00
6.270123322779174835e+00
6.554296354811253167e+00
6.851348609145215818e+00
7.161863794818879470e+00
7.486452075591696342e+00
7.825751268919326264e+00
8.180428099267849973e+00
8.551179508230402959e+00
8.938734024020584812e+00
9.343853193033726967e+00
9.767333076289048677e+00
1.021000581369319526e+01
1.067274125919896477e+01
1.115644869007229012e+01
1.166207859362622479e+01
1.219062453493288345e+01
1.274312510918331398e+01
1.332066598253181411e+01
1.392438202543490533e+01
1.455545954267693176e+01
1.521513860446440880e+01
1.590471548316964601e+01
1.662554520051186913e+01
1.737904419018113700e+01
1.816669308113695891e+01
1.899003960705099203e+01
1.985070164761082623e+01
2.075037040766089191e+01
2.169081374042774613e+01
2.267387962135978086e+01
2.370149977940736363e+01
2.477569349287907130e+01
2.589857155733286476e+01
2.707234043329891549e+01
