1.203158321633380989e+00
1.262832957368320796e+00
1.325467354994998459e+00
1.391208313741392422e+00
1.460209913831089112e+00
1.532633877608459816e+00
1.608649948575038957e+00
1.688436289225472509e+00
1.772179898615463989e+00
1.860077050640386753e+00
1.952333754051784664e+00
2.049166235289917815e+00
2.150801445263992306e+00
2.257477591267843309e+00
2.369444695277739932e+00
2.486965179940829884e+00
2.610314483627622639e+00
2.739781705990051552e+00
2.875670285538128201e+00
3.018298710823265729e+00
3.168001266895101420e+00
3.325128818781326601e+00
3.490049633826804332e+00
3.663150244819325607e+00
3.844836355924957871e+00
4.035533793556270510e+00
4.235689504402020411e+00
4.445772602957457131e+00
4.666275471010345122e+00
4.897714911659685200e+00
5.140633360571790433e+00
5.395600157312675726e+00
5.663212879736356342e+00
5.944098744556619351e+00
6.238916077384753400e+00
6.548355855678737569e+00
6.873143328220077564e+00
7.214039714914020074e+00
7.571843990896959475e+00
7.947394759132642150e+00
8.341572215885936004e+00
8.755300213680868637e+00
9.189548426577863083e+00
9.645334622845162187e+00
1.012372705035087250e+01
1.062584694026651455e+01
1.115287113495004867e+01
1.170603484616749235e+01
1.228663455011769301e+01
1.289603102604549711e+01
1.353565254556505515e+01
1.420699822016816505e+01
1.491164151476344912e+01
1.565123393548117647e+01
1.642750890038704981e+01
1.724228580217686613e+01
1.809747427237402562e+01
1.899507865702410925e+01
1.993720271437642211e+01
2.092605454556261080e+01
2.196395176982870368e+01
2.305332695644997898e+01
2.419673332605975347e+01
2.539685073475444099e+01
2.665649195500020241e+01
2.797860926806209392e+01
2.936630138340664331e+01
3.082282070129508966e+01
3.235158093558918324e+01
3.395616511463537535e+01
3.564033397897939892e+01
3.740803479559335187e+01
3.926341060927382642e+01
4.121080995289381832e+01
4.325479703926676933e+01
4.540016245851002452e+01
4.765193440597962393e+01
5.001539046709188341e+01
5.249606998665220914e+01
5.509978705168195745e+01
5.783264411817181383e+01
6.070104631369924419e+01
6.371171644943180468e+01
6.687171077670052455e+01
7.018843552507307493e+01
7.366966426068772478e+01
7.732355610553129566e+01
8.115867486036280809e+01
8.518400907610228501e+01
8.940899312072674832e+01
9.384352929104873908e+01
9.849801102120207474e+01
1.033833472422296325e+02
1.085109879498660348e+02
1.138929510404391863e+02
1.195418504777872926e+02
1.254709258572087691e+02
1.316940734357334009e+02
1.382258787014434347e+02
1.450816505581784952e+02
