1.000000000000000000e+00
0.000000000000000000e+00
0.000000000000000000e+00
0.000000000000000000e+00
0.000000000000000000e+00
0.000000000000000000e+00
0.000000000000000000e+00
0.000000000000000000e+00
0.000000000000000000e+00
0.000000000000000000e+00
0.000000000000000000e+00
0.000000000000000000e+00
0.000000000000000000e+00
0.000000000000000000e+00
0.000000000000000000e+00
0.000000000000000000e+00
0.000000000000000000e+00
0.000000000000000000e+00
0.000000000000000000e+00
0.000000000000000000e+00
0.000000000000000000e+00
0.000000000000000000e+00
0.000000000000000000e+00
0.000000000000000000e+00
0.000000000000000000e+00
0.000000000000000000e+00
0.000000000000000000e+00
0.000000000000000000e+00
0.000000000000000000e+00
0.000000000000000000e+00
0.000000000000000000e+00
0.000000000000000000e+00
0.000000000000000000e+00
1.000000000000000000e+00
2.000000000000000000e+00
2.200000000000000000e+01
8.100000000000000000e+01
1.920000000000000000e+02
4.010000000000000000e+02
6.610000000000000000e+02
1.103000000000000000e+03
1.509000000000000000e+03
2.034000000000000000e+03
2.546000000000000000e+03
3.206000000000000000e+03
3.822000000000000000e+03
4.522000000000000000e+03
5.287000000000000000e+03
5.880000000000000000e+03
6.734000000000000000e+03
7.658000000000000000e+03
8.697000000000000000e+03
9.570000000000000000e+03
1.075800000000000000e+04
1.203500000000000000e+04
1.338500000000000000e+04
1.465000000000000000e+04
1.657100000000000000e+04
1.800600000000000000e+04
1.991200000000000000e+04
2.151600000000000000e+04
2.368000000000000000e+04
2.571700000000000000e+04
2.818500000000000000e+04
3.055800000000000000e+04
3.268300000000000000e+04
3.500200000000000000e+04
3.807800000000000000e+04
3.979300000000000000e+04
4.262300000000000000e+04
4.451200000000000000e+04
4.654000000000000000e+04
4.814000000000000000e+04
4.942800000000000000e+04
5.003000000000000000e+04
5.114500000000000000e+04
5.041700000000000000e+04
4.964000000000000000e+04
4.790600000000000000e+04
4.480000000000000000e+04
4.157000000000000000e+04
3.572400000000000000e+04
2.991700000000000000e+04
2.426200000000000000e+04
1.889100000000000000e+04
1.405600000000000000e+04
1.034600000000000000e+04
7.111000000000000000e+03
4.944000000000000000e+03
3.217000000000000000e+03
1.966000000000000000e+03
1.145000000000000000e+03
6.150000000000000000e+02
3.200000000000000000e+02
1.330000000000000000e+02
5.800000000000000000e+01
2.300000000000000000e+01
7.000000000000000000e+00
5.000000000000000000e+00
1.000000000000000000e+00
