0.000000000000000000e+00
2.000000000000000000e+00
1.000000000000000000e+01
2.100000000000000000e+01
4.600000000000000000e+01
8.900000000000000000e+01
1.860000000000000000e+02
2.880000000000000000e+02
3.910000000000000000e+02
5.860000000000000000e+02
7.270000000000000000e+02
8.780000000000000000e+02
1.069000000000000000e+03
1.308000000000000000e+03
1.493000000000000000e+03
1.710000000000000000e+03
2.006000000000000000e+03
2.209000000000000000e+03
2.528000000000000000e+03
2.742000000000000000e+03
3.076000000000000000e+03
3.401000000000000000e+03
3.673000000000000000e+03
4.068000000000000000e+03
4.424000000000000000e+03
4.779000000000000000e+03
5.246000000000000000e+03
5.526000000000000000e+03
6.131000000000000000e+03
6.536000000000000000e+03
7.033000000000000000e+03
7.560000000000000000e+03
7.918000000000000000e+03
8.360000000000000000e+03
9.013000000000000000e+03
9.941000000000000000e+03
1.052900000000000000e+04
1.105200000000000000e+04
1.198900000000000000e+04
1.253900000000000000e+04
1.383200000000000000e+04
1.447000000000000000e+04
1.501700000000000000e+04
1.621100000000000000e+04
1.691000000000000000e+04
1.760400000000000000e+04
1.880000000000000000e+04
1.984800000000000000e+04
2.072400000000000000e+04
2.161900000000000000e+04
2.247800000000000000e+04
2.365300000000000000e+04
2.420200000000000000e+04
2.520400000000000000e+04
2.603700000000000000e+04
2.689700000000000000e+04
2.793500000000000000e+04
2.855400000000000000e+04
2.874600000000000000e+04
2.963100000000000000e+04
2.960200000000000000e+04
3.014300000000000000e+04
3.043900000000000000e+04
3.038700000000000000e+04
3.043400000000000000e+04
3.005000000000000000e+04
2.945800000000000000e+04
2.889200000000000000e+04
2.784200000000000000e+04
2.671900000000000000e+04
2.532300000000000000e+04
2.324300000000000000e+04
2.097700000000000000e+04
1.880400000000000000e+04
1.651300000000000000e+04
1.420600000000000000e+04
1.195300000000000000e+04
9.981000000000000000e+03
8.268000000000000000e+03
6.716000000000000000e+03
5.385000000000000000e+03
4.170000000000000000e+03
3.196000000000000000e+03
2.417000000000000000e+03
1.780000000000000000e+03
1.265000000000000000e+03
8.700000000000000000e+02
5.880000000000000000e+02
4.110000000000000000e+02
2.280000000000000000e+02
1.670000000000000000e+02
8.600000000000000000e+01
5.800000000000000000e+01
2.800000000000000000e+01
1.300000000000000000e+01
8.000000000000000000e+00
5.000000000000000000e+00
4.000000000000000000e+00
2.000000000000000000e+00
0.000000000000000000e+00
