3.803113258560604226e-01
3.970521359710917908e-01
4.145298547823779156e-01
4.327769200526607185e-01
4.518271974128248436e-01
4.717160432147972648e-01
4.924803701511495380e-01
5.141587157631893890e-01
5.367913139646892651e-01
5.604201697139975513e-01
5.850891369731175962e-01
6.108440000984447504e-01
6.377325588142179758e-01
6.658047169263922038e-01
6.951125749415791866e-01
7.257105267629554435e-01
7.576553606425968646e-01
7.910063645776040930e-01
8.258254363456292158e-01
8.621771983840218478e-01
9.001291177258070597e-01
9.397516312150889783e-01
9.811182762342728347e-01
1.024305827185729934e+00
1.069394437981208812e+00
1.116467790803443272e+00
1.165613251416054430e+00
1.216922031309992880e+00
1.270489356987454466e+00
1.326414646697456678e+00
1.384801694951083295e+00
1.445758865158851103e+00
1.509399290747722278e+00
1.575841085131027830e+00
1.645207560920991741e+00
1.717627458790707662e+00
1.793235186410321091e+00
1.872171067900871400e+00
1.954581604268768480e+00
2.040619745304255606e+00
2.130445173448490603e+00
2.224224600156083920e+00
2.322132075303135590e+00
2.424349310215005104e+00
2.531066014913348816e+00
2.642480250208330439e+00
2.758798795289475692e+00
2.880237531497395143e+00
3.007021842988643723e+00
3.139387035037320750e+00
3.277578770749768111e+00
3.421853527002877371e+00
3.572479070452210248e+00
3.729734954493380439e+00
3.893913038099022561e+00
4.065318027494296160e+00
4.244268041676240166e+00
4.431095202826548451e+00
4.626146252713559726e+00
4.829783196227445785e+00
5.042383973242996476e+00
5.264343160056926152e+00
5.496072701701531393e+00
5.738002676493858090e+00
5.990582094239310429e+00
6.254279729571170066e+00
6.529584991972606112e+00
6.817008834095950043e+00
7.117084700064991942e+00
7.430369515520308887e+00
7.757444721245111197e+00
8.098917352289939586e+00
8.455421164599052020e+00
8.827617811229407252e+00
9.216198070345310356e+00
9.621883127267762958e+00
1.004542591295797038e+01
1.048761250141916790e+01
1.094926356861020444e+01
1.143123591557866625e+01
1.193442405864032452e+01
1.245976188955619257e+01
1.300822440878842734e+01
1.358082953505190282e+01
1.417863999451995483e+01
1.480276529319035461e+01
1.545436377607241774e+01
1.613464477701679911e+01
1.684487086317798799e+01
1.758636017827511111e+01
1.836048888900005949e+01
1.916869373911337959e+01
2.001247471596796501e+01
2.089339783440983922e+01
2.181309804322255985e+01
2.277328225950951079e+01
2.377573253664575148e+01
2.482230937167906148e+01
2.591495515831840279e+01
2.705569779191843693e+01
