7.730000000000000000e+02
2.406000000000000000e+03
3.837000000000000000e+03
4.935000000000000000e+03
6.115000000000000000e+03
7.073000000000000000e+03
7.705000000000000000e+03
8.176000000000000000e+03
8.707000000000000000e+03
8.999000000000000000e+03
9.342000000000000000e+03
9.738000000000000000e+03
1.015300000000000000e+04
1.030800000000000000e+04
1.089300000000000000e+04
1.106500000000000000e+04
1.128100000000000000e+04
1.155700000000000000e+04
1.137700000000000000e+04
1.181200000000000000e+04
1.170400000000000000e+04
1.172800000000000000e+04
1.150800000000000000e+04
1.122700000000000000e+04
1.086800000000000000e+04
1.037300000000000000e+04
9.933000000000000000e+03
9.127000000000000000e+03
8.373000000000000000e+03
7.158000000000000000e+03
6.260000000000000000e+03
5.100000000000000000e+03
4.127000000000000000e+03
3.209000000000000000e+03
2.344000000000000000e+03
1.600000000000000000e+03
1.192000000000000000e+03
8.460000000000000000e+02
5.620000000000000000e+02
3.620000000000000000e+02
2.210000000000000000e+02
1.000000000000000000e+02
4.500000000000000000e+01
2.300000000000000000e+01
5.000000000000000000e+00
1.000000000000000000e+00
1.000000000000000000e+00
0.000000000000000000e+00
0.000000000000000000e+00
0.000000000000000000e+00
