7.360000000000000000e+02
2.056000000000000000e+03
3.313000000000000000e+03
4.387000000000000000e+03
5.309000000000000000e+03
6.151000000000000000e+03
6.723000000000000000e+03
7.205000000000000000e+03
7.558000000000000000e+03
7.877000000000000000e+03
8.205000000000000000e+03
8.395000000000000000e+03
8.827000000000000000e+03
9.117000000000000000e+03
9.262000000000000000e+03
9.449000000000000000e+03
9.975000000000000000e+03
9.939000000000000000e+03
1.004500000000000000e+04
1.011200000000000000e+04
1.004600000000000000e+04
1.018200000000000000e+04
1.007900000000000000e+04
1.005900000000000000e+04
9.576000000000000000e+03
9.073000000000000000e+03
8.462000000000000000e+03
8.001000000000000000e+03
7.311000000000000000e+03
6.388000000000000000e+03
5.551000000000000000e+03
4.623000000000000000e+03
3.602000000000000000e+03
2.918000000000000000e+03
2.069000000000000000e+03
1.486000000000000000e+03
1.054000000000000000e+03
7.440000000000000000e+02
5.300000000000000000e+02
3.000000000000000000e+02
1.910000000000000000e+02
1.000000000000000000e+02
3.900000000000000000e+01
2.500000000000000000e+01
4.000000000000000000e+00
0.000000000000000000e+00
0.000000000000000000e+00
0.000000000000000000e+00
0.000000000000000000e+00
0.000000000000000000e+00
