1.167804729459783530e+00
1.225339663121765454e+00
1.285709204751999124e+00
1.349053008675644261e+00
1.415517609650976505e+00
1.485256761851799112e+00
1.558431794550702465e+00
1.635211985325983886e+00
1.715774951655577141e+00
1.800307061803871900e+00
1.889003865951941474e+00
1.982070548568519497e+00
2.079722403068210657e+00
2.182185329854968270e+00
2.289696358902979956e+00
2.402504198083855069e+00
2.520869808508579890e+00
2.645067008215184590e+00
2.775383105598654865e+00
2.912119564048408993e+00
3.055592699330873074e+00
3.206134411330415546e+00
3.364092951841400669e+00
3.529833730187513119e+00
3.703740158532012217e+00
3.886214538834388499e+00
4.077678993505246652e+00
4.278576441912320227e+00
4.489371624996583598e+00
4.710552180368754449e+00
4.942629770373200948e+00
5.186141265728856808e+00
5.441649987485281947e+00
5.709747010166908332e+00
5.991052529120080905e+00
6.286217295225990931e+00
6.595924120298484183e+00
6.920889456649188531e+00
7.261865054474025527e+00
7.619639700895181278e+00
7.995041044681489240e+00
8.388937510868402114e+00
8.802240309706697019e+00
9.235905544587252436e+00
9.690936423818213186e+00
1.016838558137111370e+01
1.066935751196457360e+01
1.119501112611872884e+01
1.174656243109104814e+01
1.232528734389542713e+01
1.293252464291195736e+01
1.356967906491544440e+01
1.423822455468705606e+01
1.493970767472654693e+01
1.567575118295280490e+01
1.644805778666911067e+01
1.725841408147725886e+01
1.810869468425247319e+01
1.900086656974013977e+01
1.993699362080618798e+01
2.091924140286737810e+01
2.194988217354633520e+01
2.303130013914021390e+01
2.416599697006297731e+01
2.535659758802023589e+01
2.660585623830433732e+01
2.791666286125677843e+01
2.929204977763733808e+01
3.073519870336522786e+01
3.224944810985973476e+01
3.383830094700712010e+01
3.550543274661958293e+01
3.725470012513218876e+01
3.909014970520715337e+01
4.101602747688429673e+01
4.303678861993277138e+01
4.515710781012649733e+01
4.738189003328503901e+01
4.971628193209628677e+01
5.216568371196984089e+01
5.473576163346320556e+01
5.743246112017975946e+01
6.026202051246144720e+01
6.323098549869278884e+01
6.634622425760065312e+01
6.961494334657869842e+01
7.304470437279140071e+01
7.664344148562338432e+01
8.041947973093968471e+01
8.438155430961612069e+01
8.853883078489167247e+01
9.290092628528809371e+01
9.747793175214667372e+01
1.022804352832475416e+02
1.073195466265134854e+02
1.126069228804584696e+02
1.181547954608378035e+02
1.239759983958772125e+02
1.300839980155435853e+02
1.364929241035306688e+02
