2.374162699063010751e-01
2.491620689937878719e-01
2.614889731431057629e-01
2.744257316194492202e-01
2.880025160129988104e-01
3.022509906062288976e-01
3.172043862225265576e-01
3.328975777283564308e-01
3.493671653697236756e-01
3.666515601326313933e-01
3.847910733266139971e-01
4.038280106002749559e-01
4.238067706080971275e-01
4.447739485586392205e-01
4.667784448856170942e-01
4.898715792953178272e-01
5.141072104563310097e-01
5.395418616107424681e-01
5.662348523997458027e-01
5.942484372111195290e-01
6.236479503712308858e-01
6.545019585201855561e-01
6.868824205255011917e-01
7.208648553072594112e-01
7.565285179661452863e-01
7.939565846251468439e-01
8.332363464160075228e-01
8.744594130628576822e-01
9.177219265378255830e-01
9.631247852869284642e-01
1.010773879549186960e+00
1.060780338317787397e+00
1.113260788519260247e+00
1.168337627015143543e+00
1.226139306060505252e+00
1.286800632885078732e+00
1.350463084095705923e+00
1.417275135633354166e+00
1.487392609054236203e+00
1.560979034942651111e+00
1.638206034303105962e+00
1.719253718821218024e+00
1.804311110926899664e+00
1.893576584639512506e+00
1.987258328223147519e+00
2.085574829731053015e+00
2.188755386571611616e+00
2.297040640284302881e+00
2.410683137772869244e+00
2.529947920304612019e+00
2.655113141649513953e+00
2.786470716800825809e+00
2.924327002790092500e+00
3.069003513184434428e+00
3.220837667932473725e+00
3.380183580307708269e+00
3.547412882784684030e+00
3.722915593774102749e+00
3.907101027238290225e+00
4.100398747308470426e+00
4.303259570130241407e+00
4.516156615273789754e+00
4.739586409160980729e+00
4.974070043082779335e+00
5.220154388507778798e+00
5.478413372516219404e+00
5.749449316334106719e+00
6.033894340089223540e+00
6.332411837065242466e+00
6.645698020892266911e+00
6.974483549282198602e+00
7.319535228095877422e+00
7.681657799716291812e+00
8.061695819898744730e+00
8.460535627475259446e+00
8.879107411507030534e+00
9.318387380706010248e+00
9.779400040185253218e+00
1.026322058084790356e+01
1.077097738698749829e+01
1.130385466794785643e+01
1.186309521998022376e+01
1.245000332473903271e+01
1.306594779117615168e+01
1.371236514792813921e+01
1.439076299364185374e+01
1.510272351305220084e+01
1.584990716701233104e+01
1.663405656508230379e+01
1.745700052970805061e+01
1.832065836146922422e+01
1.922704431534354441e+01
2.017827229842726311e+01
2.117656080006814179e+01
2.222423806590892070e+01
2.332374752790856576e+01
2.447765350300539211e+01
2.568864717371250350e+01
2.695955286459394884e+01
2.829333462925976050e+01
