5.890000000000000000e+02
1.712000000000000000e+03
2.776000000000000000e+03
3.663000000000000000e+03
4.428000000000000000e+03
5.044000000000000000e+03
5.537000000000000000e+03
5.855000000000000000e+03
6.281000000000000000e+03
6.636000000000000000e+03
6.791000000000000000e+03
7.055000000000000000e+03
7.482000000000000000e+03
7.440000000000000000e+03
7.722000000000000000e+03
7.742000000000000000e+03
8.150000000000000000e+03
8.261000000000000000e+03
8.580000000000000000e+03
8.534000000000000000e+03
8.438000000000000000e+03
8.642000000000000000e+03
8.530000000000000000e+03
8.395000000000000000e+03
8.257000000000000000e+03
7.766000000000000000e+03
7.447000000000000000e+03
6.737000000000000000e+03
6.124000000000000000e+03
5.305000000000000000e+03
4.723000000000000000e+03
3.859000000000000000e+03
3.144000000000000000e+03
2.469000000000000000e+03
1.798000000000000000e+03
1.308000000000000000e+03
8.850000000000000000e+02
7.080000000000000000e+02
3.930000000000000000e+02
2.530000000000000000e+02
1.900000000000000000e+02
7.800000000000000000e+01
4.100000000000000000e+01
1.700000000000000000e+01
9.000000000000000000e+00
1.000000000000000000e+00
0.000000000000000000e+00
0.000000000000000000e+00
0.000000000000000000e+00
0.000000000000000000e+00
