4.031840064474753738e-01
4.208785087660589785e-01
4.393495682081782205e-01
4.586312654704953196e-01
4.787591769463189206e-01
4.997704403671149875e-01
5.217038233248231238e-01
5.445997948014040801e-01
5.685005998376004843e-01
5.934503374786770369e-01
6.194950421409606278e-01
6.466827685493055089e-01
6.750636804022029924e-01
7.046901429281279272e-01
7.356168195038994551e-01
7.679007725133216722e-01
8.016015686322007783e-01
8.367813887339948797e-01
8.735051426188857882e-01
9.118405887779541530e-01
9.518584594134357202e-01
9.936325909457307537e-01
1.037240060247963669e+00
1.082761326859456918e+00
1.130280381440515347e+00
1.179884900742434573e+00
1.231666409378662230e+00
1.285720448695600204e+00
1.342146753054621167e+00
1.401049433850563020e+00
1.462537171606224096e+00
1.526723416497296038e+00
1.593726597677715295e+00
1.663670341791658958e+00
1.736683701075359743e+00
1.812901391469603496e+00
1.892464041182251533e+00
1.975518450159404305e+00
2.062217860943954317e+00
2.152722241421286764e+00
2.247198579973813004e+00
2.345821193588931042e+00
2.448772049488889824e+00
2.556241100875998651e+00
2.668426637412656621e+00
2.785535651082869713e+00
2.907784218110303076e+00
3.035397897637535980e+00
3.168612147902119425e+00
3.307672760677320856e+00
3.452836314779127225e+00
3.604370649476275723e+00
3.762555358676791251e+00
3.927682306802843915e+00
4.100056167305757171e+00
4.279994984814795345e+00
4.467830761956908425e+00
4.663910071930194690e+00
4.868594697961325046e+00
5.082262300826777768e+00
5.305307115669514850e+00
5.538140679396804877e+00
5.781192590001288600e+00
6.034911299206296320e+00
6.299764939897929850e+00
6.576242189870588284e+00
6.864853173479611215e+00
7.166130402864690829e+00
7.480629760480657531e+00
7.808931524748519593e+00
8.151641440719167520e+00
8.509391837725202024e+00
8.882842796083050274e+00
9.272683364998034250e+00
9.679632833919551871e+00
1.010444205969210607e+01
1.054789485195088616e+01
1.101080941931812873e+01
1.149403987906848990e+01
1.199847783304909932e+01
1.252505401276178176e+01
1.307473999664286524e+01
1.364855000270921082e+01
1.424754275987777596e+01
1.487282346141179801e+01
1.552554580409759311e+01
1.620691411691450767e+01
1.691818558312577991e+01
1.766067255988994233e+01
1.843574499967291302e+01
1.924483297792840020e+01
2.008942933171027789e+01
2.097109241408573510e+01
2.189144896943094309e+01
2.285219713491456517e+01
2.385510957370734886e+01
2.490203674569828252e+01
2.599491032175272665e+01
2.713574674781159857e+01
2.832665096540783978e+01
