9.958884268568320985e-01
1.045382697628848501e+00
1.097336764873232173e+00
1.151872877056140609e+00
1.209119358222603857e+00
1.269210909944350485e+00
1.332288928274022233e+00
1.398501836451570224e+00
1.468005434145699173e+00
1.540963264052125137e+00
1.617546996711256124e+00
1.697936834450778809e+00
1.782321935403627267e+00
1.870900858599060079e+00
1.963882031174140064e+00
2.061484238804979441e+00
2.163937140511734469e+00
2.271481809048692568e+00
2.384371298150997465e+00
2.502871237972745799e+00
2.627260460117530894e+00
2.757831653732137678e+00
2.894892054207179211e+00
3.038764166105199394e+00
3.189786522017297177e+00
3.348314479133871036e+00
3.514721055403825289e+00
3.689397807249714667e+00
3.872755750904132821e+00
4.065226329535215122e+00
4.267262428436955801e+00
4.479339440673061112e+00
4.701956385681818062e+00
4.935637083474087028e+00
5.180931387187277082e+00
5.438416476895572949e+00
5.708698217720705514e+00
5.992412585438941619e+00
6.290227162938790251e+00
6.602842711050527669e+00
6.930994817443816736e+00
7.275455627473217390e+00
7.637035661044302870e+00
8.016585719775545016e+00
8.414998888943429733e+00
8.833212638921528637e+00
9.272211031058111175e+00
9.733027033182859000e+00
1.021674495019100704e+01
1.072450297542416742e+01
1.125749586885122611e+01
1.181697776835108016e+01
1.240426514071226727e+01
1.302073987929315457e+01
1.366785255563152290e+01
1.434712583265462449e+01
1.506015804752107989e+01
1.580862697252499771e+01
1.659429376291179281e+01
1.741900710089498361e+01
1.828470754562494349e+01
1.919343209934485728e+01
2.014731900047846125e+01
2.114861275492754444e+01
2.219966941741789768e+01
2.330296213532081140e+01
2.446108696799488058e+01
2.567676899534093948e+01
2.695286872994366689e+01
2.829238884788776431e+01
2.969848125408644890e+01
3.117445449874664831e+01
3.272378156242250924e+01
3.435010802797515339e+01
3.605726065866742402e+01
3.784925640257801405e+01
3.973031184452258913e+01
4.170485312772213859e+01
4.377752636856442336e+01
4.595320858896467087e+01
4.823701919204958699e+01
5.063433200816637481e+01
5.315078793956222825e+01
5.579230823348656543e+01
5.856510841494804254e+01
6.147571291191009379e+01
6.453097040733854328e+01
6.773806995422481236e+01
7.110455789150273631e+01
7.463835560066365815e+01
7.834777814485028102e+01
8.224155383428760047e+01
8.632884476408847263e+01
9.061926837275984781e+01
9.512292007213663680e+01
9.985039700199160961e+01
1.048128229652168102e+02
1.100218746022489000e+02
1.154898088663262854e+02
1.212294918642291748e+02
