4.090439770683945708e-01
4.269568675058673657e-01
4.456542008438922897e-01
4.651703294761477259e-01
4.855411101594093171e-01
5.068039698927532255e-01
5.289979746817472517e-01
5.521639013139703067e-01
5.763443122777304195e-01
6.015836339616318362e-01
6.279282382786626204e-01
6.554265278647728454e-01
6.841290250084768321e-01
7.140884644748666243e-01
7.453598903945853893e-01
7.780007573957696820e-01
8.120710361647712761e-01
8.476333236296036411e-01
8.847529579685519119e-01
9.234981386552503224e-01
9.639400517607830121e-01
1.006153000743028159e+00
1.050214542963537889e+00
1.096205632182780665e+00
1.144210767295545050e+00
1.194318147579779499e+00
1.246619834744103317e+00
1.301211922071715321e+00
1.358194710971469155e+00
1.417672895260487342e+00
1.479755753516898809e+00
1.544557349856101602e+00
1.612196743499439311e+00
1.682798207520329159e+00
1.756491457169735648e+00
1.833411888200498163e+00
1.913700825628378732e+00
1.997505783386870570e+00
2.084980735352840675e+00
2.176286398240946163e+00
2.271590526886591022e+00
2.371068222459937314e+00
2.474902254177256733e+00
2.583283395100690605e+00
2.696410772643385023e+00
2.814492234423974892e+00
2.937744730142607619e+00
3.066394710180105232e+00
3.200678541652626663e+00
3.340842942686227612e+00
3.487145435709212649e+00
3.639854820595101792e+00
3.799251668525526426e+00
3.965628837480403845e+00
4.139292010302506597e+00
4.320560256325006954e+00
4.509766617593855109e+00
4.707258720762076187e+00
4.913399415780183688e+00
5.128567442556181355e+00
5.353158126810011019e+00
5.587584106400909079e+00
5.832276089462153479e+00
6.087683645736130522e+00
6.354276032563606513e+00
6.632543057044788526e+00
6.922995975956239612e+00
7.226168435077021002e+00
7.542617449649884342e+00
7.872924427778931644e+00
8.217696238643970474e+00
8.577566327494215770e+00
8.953195879469916463e+00
9.345275034390125413e+00
9.754524154738595243e+00
1.018169514917741303e+01
1.062757285402005358e+01
1.109297647520206276e+01
1.157876109339858850e+01
1.208581923505419908e+01
1.261508251221137833e+01
1.316752333415053400e+01
1.374415669398622875e+01
1.434604203350234108e+01
1.497428518965213229e+01
1.563004042629960288e+01
1.631451255493519525e+01
1.702895914826192936e+01
1.777469285071908445e+01
1.855308379018870824e+01
1.936556209531563866e+01
2.021362052306620782e+01
2.109881720135341965e+01
2.202277849176724089e+01
2.298720197766981954e+01
2.399385958314583078e+01
2.504460082853798397e+01
2.614135622854922758e+01
2.728614083915516630e+01
2.848105795984294986e+01
