1.167382758421743993e+00
1.224481870832256014e+00
1.284373819280946405e+00
1.347195207172086295e+00
1.413089319465829385e+00
1.482206449486969779e+00
1.554704241718596114e+00
1.630748051362492568e+00
1.710511321486386960e+00
1.794175978618250511e+00
1.881932847689939514e+00
1.973982087276585196e+00
2.070533646124452343e+00
2.171807742008517117e+00
2.278035364011962383e+00
2.389458799373210596e+00
2.506332186102130599e+00
2.628922092625855633e+00
2.757508125786276576e+00
2.892383568575956687e+00
3.033856049067030547e+00
3.182248242058805854e+00
3.337898605044401723e+00
3.501162150175042065e+00
3.672411253982733825e+00
3.852036506708142127e+00
4.040447603170869151e+00
4.238074277214043839e+00
4.445367281854532671e+00
4.662799417374324129e+00
4.890866609698009349e+00
5.130089041515932813e+00
5.381012338732928058e+00
5.644208814948710184e+00
5.920278776808406640e+00
6.209851893200474038e+00
6.513588631424926945e+00
6.832181763607541924e+00
7.166357946795899991e+00
7.516879380341208616e+00
7.884545544346092782e+00
8.270195023143493529e+00
8.674707417965693779e+00
9.099005353165951604e+00
9.544056580568589965e+00
1.001087618674723068e+01
1.050052890826557039e+01
1.101413156016140960e+01
1.155285558321282835e+01
1.211792971579648537e+01
1.271064279643201012e+01
1.333234670340467964e+01
1.398445943817114490e+01
1.466846835958088313e+01
1.538593357629016900e+01
1.613849150510607444e+01
1.692785860337637160e+01
1.775583528393845256e+01
1.862431002155648585e+01
1.953526366021291594e+01
2.049077393107859990e+01
2.149302019146611187e+01
2.254428839557517961e+01
2.364697630836761633e+01
2.480359897446356499e+01
2.601679445453292416e+01
2.728932984226550573e+01
2.862410757564378727e+01
3.002417205691292779e+01
3.149271659634740672e+01
3.303309069565168699e+01
3.464880768760698260e+01
3.634355274938914704e+01
3.812119130783446508e+01
3.998577785582447319e+01
4.194156519989851262e+01
4.399301416018600719e+01
4.614480374478271330e+01
4.840184182177689109e+01
5.076927631326611134e+01
5.325250693689696391e+01
5.585719752170763286e+01
5.858928892636406971e+01
6.145501258925359167e+01
6.446090474134196313e+01
6.761382131421075314e+01
7.092095357727748706e+01
7.438984453986500966e+01
7.802840615552983650e+01
8.184493736788995477e+01
8.584814303911176125e+01
9.004715380422797466e+01
9.445154689657199754e+01
9.907136799182731579e+01
1.039171541205143114e+02
1.089999577011752478e+02
1.143313717490704562e+02
1.199235563178868205e+02
1.257892662347617687e+02
1.319418801918884583e+02
