1.068369070421267164e+00
1.120567172296166980e+00
1.175315555637253429e+00
1.232738821441941468e+00
1.292967658431201983e+00
1.356139140481997796e+00
1.422397038591596052e+00
1.491892148083753034e+00
1.564782631801456159e+00
1.641234380067286613e+00
1.721421388230636396e+00
1.805526152661025119e+00
1.893740086088763208e+00
1.986263953238217139e+00
2.083308327745135635e+00
2.185094071397924775e+00
2.291852836793570880e+00
2.403827594552196079e+00
2.521273186290128976e+00
2.644456904609990389e+00
2.773659101427786045e+00
2.909173826021491216e+00
3.051309494253242605e+00
3.200389590488224023e+00
3.356753403807717806e+00
3.520756800191875424e+00
3.692773032429576219e+00
3.873193589598680653e+00
4.062429088049942294e+00
4.260910205922415095e+00
4.469088663317142718e+00
4.687438250359946323e+00
4.916455905493030798e+00
5.156662846449479254e+00
5.408605756484628380e+00
5.672858028564007782e+00
5.950021070339512441e+00
6.240725672883762343e+00
6.545633446297719260e+00
6.865438325458885771e+00
7.200868149336919544e+00
7.552686317471081878e+00
7.921693527379424005e+00
8.308729596853840604e+00
8.714675375288406300e+00
9.140454748390826722e+00
9.587036740839637972e+00
1.005543772167244754e+01
1.054672371742446302e+01
1.106201283828179704e+01
1.160247782277110495e+01
1.216934870677701497e+01
1.276391562296174875e+01
1.338753173695807774e+01
1.404161632701800144e+01
1.472765801412612063e+01
1.544721814992910680e+01
1.620193437019170801e+01
1.699352432186659101e+01
1.782378957226044847e+01
1.869461970919316940e+01
1.960799664148137822e+01
2.056599910953406862e+01
2.157080741632571019e+01
2.262470838951398022e+01
2.373010058599537331e+01
2.488949975074373455e+01
2.610554454235525412e+01
2.738100253833064812e+01
2.871877653376191830e+01
3.012191114775884415e+01
3.159359975265025255e+01
3.313719174173074578e+01
3.475620015209300817e+01
3.645430965989447714e+01
3.823538496625466365e+01
4.010347959286866626e+01
4.206284510735433457e+01
4.411794079932909796e+01
4.627344382923813271e+01
4.853425987303153732e+01
5.090553428691590199e+01
5.339266381759099289e+01
5.600130888462194889e+01
5.873740646290041667e+01
6.160718359451369963e+01
6.461717156077335744e+01
6.777422074665740581e+01
7.108551623149492116e+01
7.455859414137704277e+01
7.820135880050959543e+01
8.202210072054202783e+01
8.602951546881429579e+01
9.023272345846412179e+01
9.464129070543376088e+01
9.926525059961743125e+01
1.041151267396980984e+02
1.092019568836426231e+02
1.145373180693639910e+02
1.201333529627224692e+02
