1.128326594086280776e+00
1.183237266887335659e+00
1.240820199655732869e+00
1.301205439483755111e+00
1.364529362281396541e+00
1.430934980771973786e+00
1.500572267476522947e+00
1.573598493416420885e+00
1.650178583299168888e+00
1.730485487989496418e+00
1.814700575106993785e+00
1.903014038632401705e+00
1.995625328447633295e+00
2.092743600779612301e+00
2.194588190565221808e+00
2.301389106804169415e+00
2.413387552018491977e+00
2.530836466991857048e+00
2.654001102018921809e+00
2.783159615954875932e+00
2.918603704418079925e+00
3.060639258564553433e+00
3.209587055922106469e+00
3.365783484844319329e+00
3.529581304220495763e+00
3.701350440157348487e+00
3.881478821431660897e+00
4.070373255600746809e+00
4.268460347749321038e+00
4.476187463947751688e+00
4.694023741597540322e+00
4.922461148945873610e+00
5.162015596162071063e+00
5.413228100485195426e+00
5.676666008074289671e+00
5.952924275320627956e+00
6.242626812515803536e+00
6.546427892910207547e+00
6.865013630344135365e+00
7.199103528788720396e+00
7.549452107296131587e+00
7.916850604028959459e+00
8.302128763217174523e+00
8.706156709078374689e+00
9.129846910933492765e+00
9.574156243955961543e+00
1.004008815020848644e+01
1.052869490484790838e+01
1.104107999261623441e+01
1.157840059998505033e+01
1.214187022858151899e+01
1.273276143579835917e+01
1.335240870877715658e+01
1.400221147825575763e+01
1.468363727908632121e+01
1.539822506456187234e+01
1.614758868203636055e+01
1.693342051768793866e+01
1.775749531865671571e+01
1.862167420118907657e+01
1.952790885384067110e+01
2.047824594523077835e+01
2.147483174630259128e+01
2.251991697752843891e+01
2.361586189200717101e+01
2.476514160593346858e+01
2.597035168847737907e+01
2.723421402369878308e+01
2.855958295773532640e+01
2.994945174514678499e+01
3.140695930897451049e+01
3.293539732978328516e+01
3.453821767969536438e+01
3.621904021820618880e+01
3.798166096738801656e+01
3.983006068494476892e+01
4.176841385447924182e+01
4.380109811327724856e+01
4.593270413890030568e+01
4.816804601691507770e+01
5.051217211317432998e+01
5.297037647520408399e+01
5.554821078844568660e+01
5.825149691435539268e+01
6.108634003867798157e+01
6.405914245958885544e+01
6.717661804684394156e+01
7.044580740459261392e+01
7.387409377209793604e+01
7.746921969827454291e+01
8.123930452770269994e+01
8.519286273760938855e+01
8.933882316722980477e+01
9.368654918297588097e+01
9.824585982495560188e+01
1.030270519825995308e+02
1.080409236494772500e+02
1.132987983098227858e+02
1.188125505118448615e+02
1.245946326855775226e+02
