1.145725260368923415e+00
1.202491789919506671e+00
1.262070895040065199e+00
1.324601928645062099e+00
1.390231148080249390e+00
1.459112057212188285e+00
1.531405765467060087e+00
1.607281364658551093e+00
1.686916324486190888e+00
1.770496907629196537e+00
1.858218605406712909e+00
1.950286595023436265e+00
2.046916219470098941e+00
2.148333491201284140e+00
2.254775620768643130e+00
2.366491571645978897e+00
2.483742642543892654e+00
2.606803078576010790e+00
2.735960712706279274e+00
2.871517638977648890e+00
3.013790919096791754e+00
3.163113324027533313e+00
3.319834112327544329e+00
3.484319847048791274e+00
3.656955253112449622e+00
3.838144117163611480e+00
4.028310232010559488e+00
4.227898387857548457e+00
4.437375412649597450e+00
4.657231263962587242e+00
4.887980174992533122e+00
5.130161857324502250e+00
5.384342763294325707e+00
5.651117410895791338e+00
5.931109774332147921e+00
6.224974743464421145e+00
6.533399655570070408e+00
6.857105902994749869e+00
7.196850620457374781e+00
7.553428455955017107e+00
7.927673429409753503e+00
8.320460883404658503e+00
8.732709530571760581e+00
9.165383602420570597e+00
9.619495104633331906e+00
1.009610618410191840e+01
1.059633161324284423e+01
1.112134139740107841e+01
1.167236351144123851e+01
1.225068677192693656e+01
1.285766385160622782e+01
1.349471444325386393e+01
1.416332858027043606e+01
1.486507012180514664e+01
1.560158041055379741e+01
1.637458211178741152e+01
1.718588324259072309e+01
1.803738140073490825e+01
1.893106820307551530e+01
1.986903394385699073e+01
2.085347248381927443e+01
2.188668638154186397e+01
2.297109227902734574e+01
2.410922655412108639e+01
2.530375125298784411e+01
2.655746031652093819e+01
2.787328611524758415e+01
2.925430630801489684e+01
3.070375104049901438e+01
3.222501050037423198e+01
3.382164284681331168e+01
3.549738253286570000e+01
3.725614904017951545e+01
3.910205604649732436e+01
4.103942104736785979e+01
4.307277545457896650e+01
4.520687519493093021e+01
4.744671183414077831e+01
4.979752425189568754e+01
5.226481089536280678e+01
5.485434263981603920e+01
5.757217628646032637e+01
6.042466872902405584e+01
6.341849182225482906e+01
6.656064798709512331e+01
6.985848658903776709e+01
7.331972112796961483e+01
7.695244727970971610e+01
8.076516183143978367e+01
8.476678255531714967e+01
8.896666906675258701e+01
9.337464471614040917e+01
9.800101956524449065e+01
1.028566145019803315e+02
1.079527865499977963e+02
1.133014554322610934e+02
1.189151314507582384e+02
1.248069447475493945e+02
1.309906760155920722e+02
1.374807887311793024e+02
