0.000000000000000000e+00
1.000000000000000000e+00
3.000000000000000000e+00
1.300000000000000000e+01
1.400000000000000000e+01
3.500000000000000000e+01
7.300000000000000000e+01
1.470000000000000000e+02
2.120000000000000000e+02
2.980000000000000000e+02
3.980000000000000000e+02
5.500000000000000000e+02
6.430000000000000000e+02
8.470000000000000000e+02
1.005000000000000000e+03
1.165000000000000000e+03
1.350000000000000000e+03
1.541000000000000000e+03
1.750000000000000000e+03
1.961000000000000000e+03
2.100000000000000000e+03
2.407000000000000000e+03
2.741000000000000000e+03
2.920000000000000000e+03
3.216000000000000000e+03
3.406000000000000000e+03
3.752000000000000000e+03
4.011000000000000000e+03
4.395000000000000000e+03
4.772000000000000000e+03
5.114000000000000000e+03
5.556000000000000000e+03
5.833000000000000000e+03
6.189000000000000000e+03
6.750000000000000000e+03
7.304000000000000000e+03
7.720000000000000000e+03
8.380000000000000000e+03
8.844000000000000000e+03
9.547000000000000000e+03
9.936000000000000000e+03
1.060500000000000000e+04
1.112200000000000000e+04
1.181600000000000000e+04
1.242500000000000000e+04
1.321900000000000000e+04
1.380400000000000000e+04
1.437700000000000000e+04
1.501400000000000000e+04
1.571000000000000000e+04
1.647600000000000000e+04
1.704800000000000000e+04
1.793800000000000000e+04
1.835500000000000000e+04
1.909800000000000000e+04
1.991100000000000000e+04
2.021900000000000000e+04
2.075000000000000000e+04
2.110900000000000000e+04
2.183100000000000000e+04
2.213400000000000000e+04
2.268900000000000000e+04
2.281600000000000000e+04
2.302000000000000000e+04
2.326500000000000000e+04
2.317200000000000000e+04
2.269000000000000000e+04
2.269900000000000000e+04
2.235900000000000000e+04
2.160400000000000000e+04
2.114400000000000000e+04
2.009000000000000000e+04
1.882000000000000000e+04
1.742300000000000000e+04
1.552700000000000000e+04
1.367600000000000000e+04
1.187300000000000000e+04
1.024000000000000000e+04
8.410000000000000000e+03
7.024000000000000000e+03
5.623000000000000000e+03
4.436000000000000000e+03
3.505000000000000000e+03
2.553000000000000000e+03
1.911000000000000000e+03
1.333000000000000000e+03
9.320000000000000000e+02
6.150000000000000000e+02
4.210000000000000000e+02
2.640000000000000000e+02
1.600000000000000000e+02
7.700000000000000000e+01
5.500000000000000000e+01
4.000000000000000000e+01
1.800000000000000000e+01
9.000000000000000000e+00
2.000000000000000000e+00
5.000000000000000000e+00
3.000000000000000000e+00
0.000000000000000000e+00
