1.085271729086231041e+00
1.139563539236756462e+00
1.196571351813607187e+00
1.256431037570758136e+00
1.319285264333352803e+00
1.385283837028026488e+00
1.454584054723590203e+00
1.527351085533032560e+00
1.603758360270370886e+00
1.683987985800585507e+00
1.768231179067795589e+00
1.856688722836136396e+00
1.949571444229527994e+00
2.047100717210879939e+00
2.149508990198323310e+00
2.257040340075973983e+00
2.369951053919645556e+00
2.488510239823970238e+00
2.613000468286768019e+00
2.743718445679310225e+00
2.880975721407608159e+00
3.025099430450162608e+00
3.176433073041908806e+00
3.335337333362633494e+00
3.502190939181104135e+00
3.677391564503761145e+00
3.861356777379326921e+00
4.054525035118274445e+00
4.257356729299171860e+00
4.470335283052512487e+00
4.693968303237264550e+00
4.928788790256226626e+00
5.175356408393607666e+00
5.434258819702511900e+00
5.706113084621509124e+00
5.991567132658436101e+00
6.291301306646646552e+00
6.606029984254234932e+00
6.936503280610886613e+00
7.283508836110339502e+00
7.647873693649493987e+00
8.030466269778255395e+00
8.432198424458157149e+00
8.854027634362756416e+00
9.296959274899514014e+00
9.762049016392172263e+00
1.025040534013455229e+01
1.076319218031243174e+01
1.130163169809029888e+01
1.186700719447451036e+01
1.246066616889540413e+01
1.308402353079807057e+01
1.373856497189614778e+01
1.442585050712598083e+01
1.514751819274069256e+01
1.590528803040553463e+01
1.670096606659953054e+01
1.753644869709393816e+01
1.841372718676646869e+01
1.933489241552370785e+01
2.030213986164328688e+01
2.131777483441256749e+01
2.238421796853534218e+01
2.350401099340195543e+01
2.467982279097275722e+01
2.591445575671329138e+01
2.721085247874184887e+01
2.857210275110791287e+01
3.000145093791688566e+01
3.150230370585280326e+01
3.307823814352806835e+01
3.473301028701175852e+01
3.647056407185640126e+01
3.829504073295856870e+01
4.021078867465696050e+01
4.222237383459241755e+01
4.433459056603008719e+01
4.655247306458073808e+01
4.888130736655565300e+01
5.132664394755089887e+01
5.389431095128857407e+01
5.659042808024423010e+01
5.942142118116694860e+01
6.239403756025443215e+01
6.551536206448547262e+01
6.879283396743723245e+01
7.223426469983213849e+01
7.584785646707372564e+01
7.964222179814325386e+01
8.362640407244929008e+01
8.780989907355399282e+01
9.220267762114609411e+01
9.681520933520093308e+01
1.016584875889666364e+02
1.067440557102488725e+02
1.120840344934403561e+02
1.176911510878681355e+02
1.235787693313095303e+02
1.297609216009720114e+02
1.362523422578509837e+02
