6.360000000000000000e+02
1.902000000000000000e+03
3.120000000000000000e+03
3.988000000000000000e+03
4.803000000000000000e+03
5.367000000000000000e+03
6.027000000000000000e+03
6.557000000000000000e+03
6.791000000000000000e+03
7.071000000000000000e+03
7.354000000000000000e+03
7.514000000000000000e+03
7.886000000000000000e+03
8.205000000000000000e+03
8.362000000000000000e+03
8.591000000000000000e+03
8.843000000000000000e+03
8.880000000000000000e+03
8.958000000000000000e+03
9.081000000000000000e+03
9.218000000000000000e+03
9.301000000000000000e+03
9.165000000000000000e+03
9.051000000000000000e+03
8.699000000000000000e+03
8.263000000000000000e+03
7.985000000000000000e+03
7.401000000000000000e+03
6.693000000000000000e+03
5.762000000000000000e+03
5.087000000000000000e+03
4.124000000000000000e+03
3.321000000000000000e+03
2.639000000000000000e+03
1.894000000000000000e+03
1.323000000000000000e+03
1.009000000000000000e+03
7.560000000000000000e+02
4.760000000000000000e+02
2.840000000000000000e+02
1.680000000000000000e+02
1.000000000000000000e+02
3.500000000000000000e+01
2.600000000000000000e+01
9.000000000000000000e+00
1.000000000000000000e+00
1.000000000000000000e+00
0.000000000000000000e+00
0.000000000000000000e+00
0.000000000000000000e+00
