5.970000000000000000e+02
1.799000000000000000e+03
2.886000000000000000e+03
3.803000000000000000e+03
4.586000000000000000e+03
5.197000000000000000e+03
5.789000000000000000e+03
6.111000000000000000e+03
6.507000000000000000e+03
6.878000000000000000e+03
7.060000000000000000e+03
7.305000000000000000e+03
7.635000000000000000e+03
7.629000000000000000e+03
8.016000000000000000e+03
8.120000000000000000e+03
8.361000000000000000e+03
8.582000000000000000e+03
8.802000000000000000e+03
8.828000000000000000e+03
8.738000000000000000e+03
9.069000000000000000e+03
8.843000000000000000e+03
8.620000000000000000e+03
8.484000000000000000e+03
8.096000000000000000e+03
7.686000000000000000e+03
7.063000000000000000e+03
6.421000000000000000e+03
5.588000000000000000e+03
4.848000000000000000e+03
4.011000000000000000e+03
3.364000000000000000e+03
2.571000000000000000e+03
1.842000000000000000e+03
1.361000000000000000e+03
8.990000000000000000e+02
7.080000000000000000e+02
4.400000000000000000e+02
2.660000000000000000e+02
2.010000000000000000e+02
9.400000000000000000e+01
3.900000000000000000e+01
1.900000000000000000e+01
9.000000000000000000e+00
0.000000000000000000e+00
0.000000000000000000e+00
0.000000000000000000e+00
0.000000000000000000e+00
0.000000000000000000e+00
