7.220000000000000000e+02
2.047000000000000000e+03
3.395000000000000000e+03
4.358000000000000000e+03
5.244000000000000000e+03
6.130000000000000000e+03
6.541000000000000000e+03
7.092000000000000000e+03
7.436000000000000000e+03
7.912000000000000000e+03
8.233000000000000000e+03
8.294000000000000000e+03
8.749000000000000000e+03
9.143000000000000000e+03
9.124000000000000000e+03
9.257000000000000000e+03
9.687000000000000000e+03
9.961000000000000000e+03
1.000000000000000000e+04
9.911000000000000000e+03
1.005700000000000000e+04
1.017400000000000000e+04
1.019900000000000000e+04
1.002300000000000000e+04
9.423000000000000000e+03
9.208000000000000000e+03
8.561000000000000000e+03
7.896000000000000000e+03
7.258000000000000000e+03
6.264000000000000000e+03
5.528000000000000000e+03
4.626000000000000000e+03
3.556000000000000000e+03
2.818000000000000000e+03
2.118000000000000000e+03
1.449000000000000000e+03
1.052000000000000000e+03
7.590000000000000000e+02
5.280000000000000000e+02
3.430000000000000000e+02
1.870000000000000000e+02
1.190000000000000000e+02
4.400000000000000000e+01
2.000000000000000000e+01
5.000000000000000000e+00
2.000000000000000000e+00
0.000000000000000000e+00
0.000000000000000000e+00
0.000000000000000000e+00
0.000000000000000000e+00
