0.000000000000000000e+00
1.000000000000000000e+00
1.000000000000000000e+00
1.000000000000000000e+00
6.000000000000000000e+00
7.000000000000000000e+00
8.000000000000000000e+00
1.200000000000000000e+01
2.300000000000000000e+01
1.100000000000000000e+01
3.000000000000000000e+01
3.900000000000000000e+01
5.500000000000000000e+01
6.200000000000000000e+01
7.600000000000000000e+01
1.020000000000000000e+02
1.260000000000000000e+02
1.480000000000000000e+02
1.830000000000000000e+02
2.060000000000000000e+02
3.120000000000000000e+02
3.340000000000000000e+02
4.350000000000000000e+02
4.960000000000000000e+02
5.270000000000000000e+02
6.610000000000000000e+02
8.010000000000000000e+02
8.320000000000000000e+02
1.095000000000000000e+03
1.168000000000000000e+03
1.427000000000000000e+03
1.556000000000000000e+03
1.764000000000000000e+03
1.930000000000000000e+03
2.202000000000000000e+03
2.539000000000000000e+03
2.690000000000000000e+03
3.050000000000000000e+03
3.345000000000000000e+03
3.686000000000000000e+03
4.121000000000000000e+03
4.544000000000000000e+03
4.751000000000000000e+03
5.231000000000000000e+03
5.647000000000000000e+03
5.837000000000000000e+03
6.132000000000000000e+03
6.407000000000000000e+03
6.787000000000000000e+03
6.888000000000000000e+03
7.248000000000000000e+03
7.382000000000000000e+03
7.362000000000000000e+03
7.460000000000000000e+03
7.084000000000000000e+03
7.218000000000000000e+03
7.000000000000000000e+03
6.794000000000000000e+03
6.582000000000000000e+03
6.201000000000000000e+03
6.123000000000000000e+03
5.658000000000000000e+03
5.261000000000000000e+03
4.770000000000000000e+03
4.633000000000000000e+03
4.307000000000000000e+03
3.947000000000000000e+03
3.521000000000000000e+03
3.149000000000000000e+03
2.966000000000000000e+03
2.552000000000000000e+03
2.190000000000000000e+03
2.078000000000000000e+03
1.776000000000000000e+03
1.468000000000000000e+03
1.316000000000000000e+03
1.115000000000000000e+03
9.380000000000000000e+02
7.350000000000000000e+02
6.300000000000000000e+02
5.040000000000000000e+02
4.470000000000000000e+02
3.740000000000000000e+02
2.770000000000000000e+02
2.190000000000000000e+02
1.700000000000000000e+02
1.150000000000000000e+02
8.600000000000000000e+01
7.000000000000000000e+01
5.000000000000000000e+01
3.600000000000000000e+01
2.400000000000000000e+01
1.300000000000000000e+01
1.300000000000000000e+01
8.000000000000000000e+00
5.000000000000000000e+00
2.000000000000000000e+00
0.000000000000000000e+00
6.000000000000000000e+00
0.000000000000000000e+00
