7.080000000000000000e+02
1.987000000000000000e+03
3.227000000000000000e+03
4.175000000000000000e+03
5.126000000000000000e+03
5.897000000000000000e+03
6.390000000000000000e+03
6.898000000000000000e+03
7.135000000000000000e+03
7.639000000000000000e+03
8.015000000000000000e+03
8.325000000000000000e+03
8.341000000000000000e+03
8.933000000000000000e+03
8.874000000000000000e+03
9.227000000000000000e+03
9.498000000000000000e+03
9.407000000000000000e+03
9.691000000000000000e+03
9.803000000000000000e+03
9.686000000000000000e+03
9.868000000000000000e+03
9.698000000000000000e+03
9.749000000000000000e+03
9.167000000000000000e+03
8.858000000000000000e+03
8.157000000000000000e+03
7.722000000000000000e+03
7.042000000000000000e+03
6.240000000000000000e+03
5.354000000000000000e+03
4.421000000000000000e+03
3.587000000000000000e+03
2.751000000000000000e+03
2.070000000000000000e+03
1.487000000000000000e+03
1.028000000000000000e+03
7.170000000000000000e+02
5.040000000000000000e+02
2.990000000000000000e+02
2.010000000000000000e+02
9.600000000000000000e+01
4.400000000000000000e+01
1.800000000000000000e+01
9.000000000000000000e+00
2.000000000000000000e+00
0.000000000000000000e+00
0.000000000000000000e+00
0.000000000000000000e+00
0.000000000000000000e+00
