1.088177804466639476e+00
1.144848564457579654e+00
1.204470657424406621e+00
1.267197784611570954e+00
1.333191651806805433e+00
1.402622386206410221e+00
1.475668974990292925e+00
1.552519726737375816e+00
1.633372756870863363e+00
1.718436498384814159e+00
1.807930239168628050e+00
1.902084687314633316e+00
2.001142565866092404e+00
2.105359238538841993e+00
2.215003368029631048e+00
2.330357608608225384e+00
2.451719334778726278e+00
2.579401407888545883e+00
2.713732982661283710e+00
2.855060355732704114e+00
3.003747858377255664e+00
3.160178795726535039e+00
3.324756434900912438e+00
3.497905044601651969e+00
3.680070988843530344e+00
3.871723877647480716e+00
4.073357777659709633e+00
4.285492485818113373e+00
4.508674869349460934e+00
4.743480275551734238e+00
4.990514014995911296e+00
5.250412921970839975e+00
5.523846996193826797e+00
5.811521130019236203e+00
6.114176925597624823e+00
6.432594606669992388e+00
6.767595029925532302e+00
7.120041801108088819e+00
7.490843501326398979e+00
7.880956029307457200e+00
8.291385065631114770e+00
8.723188665298495792e+00
9.177479985317766875e+00
9.655430154338642268e+00
1.015827129173347210e+01
1.068729968390771567e+01
1.124387912602824180e+01
1.182944443778407084e+01
1.244550516224298242e+01
1.309364945733929098e+01
1.377554819002486575e+01
1.449295924363770993e+01
1.524773204959219086e+01
1.604181235507327585e+01
1.687724723902557855e+01
1.775619038936796201e+01
1.868090765503808015e+01
1.965378288717946020e+01
2.067732408452938486e+01
2.175416985884987042e+01
2.288709623706916574e+01
2.407902381766912470e+01
2.533302529976707618e+01
2.665233340430167530e+01
2.804034920774292772e+01
2.950065090980989879e+01
3.103700305779896595e+01
3.265336625130180437e+01
3.435390735233149684e+01
3.614301022717757661e+01
3.802528704768156587e+01
4.000559018106699938e+01
4.208902469897500254e+01
4.428096153795274859e+01
4.658705134532145564e+01
4.901323904611760440e+01
5.156577916865992961e+01
5.425125196825011642e+01
5.707658039057317012e+01
6.004904791852754897e+01
6.317631734849290837e+01
6.646645054443942513e+01
6.992792922080316487e+01
7.356967680770414120e+01
7.740108145487388924e+01
8.143202023359513930e+01
8.567288459904446540e+01
9.013460717867714322e+01
9.482868995571386961e+01
9.976723392038293525e+01
1.049629702653575549e+02
1.104292932058072410e+02
1.161802945086714800e+02
1.222307998201675616e+02
1.285964068851862692e+02
1.352935257570967735e+02
1.423394211016231168e+02
1.497522567038465411e+02
1.575511422930676702e+02
1.657561828062447944e+02
