0.000000000000000000e+00
6.000000000000000000e+00
0.000000000000000000e+00
3.000000000000000000e+00
3.000000000000000000e+00
9.000000000000000000e+00
1.600000000000000000e+01
2.400000000000000000e+01
2.800000000000000000e+01
3.200000000000000000e+01
4.800000000000000000e+01
6.200000000000000000e+01
6.700000000000000000e+01
8.100000000000000000e+01
9.800000000000000000e+01
1.210000000000000000e+02
1.510000000000000000e+02
2.300000000000000000e+02
2.360000000000000000e+02
3.120000000000000000e+02
3.670000000000000000e+02
4.150000000000000000e+02
5.350000000000000000e+02
5.560000000000000000e+02
6.860000000000000000e+02
8.080000000000000000e+02
9.780000000000000000e+02
1.164000000000000000e+03
1.278000000000000000e+03
1.437000000000000000e+03
1.648000000000000000e+03
1.926000000000000000e+03
2.220000000000000000e+03
2.471000000000000000e+03
2.700000000000000000e+03
3.059000000000000000e+03
3.295000000000000000e+03
3.767000000000000000e+03
4.079000000000000000e+03
4.570000000000000000e+03
4.901000000000000000e+03
5.371000000000000000e+03
5.620000000000000000e+03
6.087000000000000000e+03
6.559000000000000000e+03
6.974000000000000000e+03
7.190000000000000000e+03
7.546000000000000000e+03
7.876000000000000000e+03
7.985000000000000000e+03
8.375000000000000000e+03
8.279000000000000000e+03
8.195000000000000000e+03
8.408000000000000000e+03
8.196000000000000000e+03
8.120000000000000000e+03
7.884000000000000000e+03
7.603000000000000000e+03
7.264000000000000000e+03
6.940000000000000000e+03
6.698000000000000000e+03
6.270000000000000000e+03
5.826000000000000000e+03
5.429000000000000000e+03
5.148000000000000000e+03
4.573000000000000000e+03
4.328000000000000000e+03
3.914000000000000000e+03
3.462000000000000000e+03
3.146000000000000000e+03
2.914000000000000000e+03
2.620000000000000000e+03
2.189000000000000000e+03
1.935000000000000000e+03
1.646000000000000000e+03
1.427000000000000000e+03
1.245000000000000000e+03
1.095000000000000000e+03
8.530000000000000000e+02
7.740000000000000000e+02
5.570000000000000000e+02
5.080000000000000000e+02
3.680000000000000000e+02
3.280000000000000000e+02
2.300000000000000000e+02
2.110000000000000000e+02
1.470000000000000000e+02
1.180000000000000000e+02
7.500000000000000000e+01
7.200000000000000000e+01
4.200000000000000000e+01
2.200000000000000000e+01
1.700000000000000000e+01
1.800000000000000000e+01
5.000000000000000000e+00
3.000000000000000000e+00
2.000000000000000000e+00
1.000000000000000000e+00
3.000000000000000000e+00
0.000000000000000000e+00
