0.000000000000000000e+00
1.000000000000000000e+00
0.000000000000000000e+00
4.000000000000000000e+00
3.000000000000000000e+00
7.000000000000000000e+00
1.300000000000000000e+01
1.100000000000000000e+01
2.700000000000000000e+01
2.900000000000000000e+01
3.500000000000000000e+01
3.700000000000000000e+01
5.500000000000000000e+01
6.700000000000000000e+01
1.040000000000000000e+02
1.070000000000000000e+02
1.350000000000000000e+02
1.990000000000000000e+02
2.020000000000000000e+02
2.740000000000000000e+02
3.170000000000000000e+02
4.200000000000000000e+02
4.750000000000000000e+02
5.980000000000000000e+02
6.970000000000000000e+02
8.010000000000000000e+02
1.005000000000000000e+03
1.104000000000000000e+03
1.302000000000000000e+03
1.568000000000000000e+03
1.756000000000000000e+03
2.019000000000000000e+03
2.277000000000000000e+03
2.577000000000000000e+03
2.791000000000000000e+03
3.243000000000000000e+03
3.556000000000000000e+03
4.030000000000000000e+03
4.402000000000000000e+03
4.906000000000000000e+03
5.302000000000000000e+03
5.742000000000000000e+03
6.098000000000000000e+03
6.645000000000000000e+03
7.032000000000000000e+03
7.512000000000000000e+03
7.965000000000000000e+03
8.141000000000000000e+03
8.506000000000000000e+03
8.559000000000000000e+03
8.599000000000000000e+03
8.840000000000000000e+03
8.788000000000000000e+03
8.417000000000000000e+03
8.396000000000000000e+03
8.123000000000000000e+03
7.651000000000000000e+03
7.469000000000000000e+03
7.179000000000000000e+03
6.848000000000000000e+03
6.403000000000000000e+03
5.898000000000000000e+03
5.311000000000000000e+03
4.936000000000000000e+03
4.638000000000000000e+03
4.202000000000000000e+03
3.910000000000000000e+03
3.393000000000000000e+03
3.129000000000000000e+03
2.794000000000000000e+03
2.415000000000000000e+03
2.106000000000000000e+03
1.699000000000000000e+03
1.578000000000000000e+03
1.248000000000000000e+03
1.164000000000000000e+03
8.980000000000000000e+02
7.370000000000000000e+02
5.990000000000000000e+02
4.460000000000000000e+02
3.790000000000000000e+02
3.410000000000000000e+02
2.360000000000000000e+02
1.650000000000000000e+02
1.300000000000000000e+02
1.050000000000000000e+02
7.300000000000000000e+01
5.100000000000000000e+01
3.200000000000000000e+01
2.700000000000000000e+01
2.600000000000000000e+01
9.000000000000000000e+00
6.000000000000000000e+00
4.000000000000000000e+00
3.000000000000000000e+00
0.000000000000000000e+00
0.000000000000000000e+00
1.000000000000000000e+00
1.000000000000000000e+00
0.000000000000000000e+00
