6.970000000000000000e+02
1.969000000000000000e+03
3.172000000000000000e+03
4.163000000000000000e+03
5.170000000000000000e+03
5.913000000000000000e+03
6.452000000000000000e+03
6.884000000000000000e+03
7.084000000000000000e+03
7.581000000000000000e+03
7.905000000000000000e+03
8.006000000000000000e+03
8.302000000000000000e+03
8.799000000000000000e+03
8.860000000000000000e+03
9.075000000000000000e+03
9.382000000000000000e+03
9.440000000000000000e+03
9.595000000000000000e+03
9.506000000000000000e+03
9.605000000000000000e+03
9.678000000000000000e+03
9.641000000000000000e+03
9.627000000000000000e+03
9.250000000000000000e+03
8.559000000000000000e+03
7.989000000000000000e+03
7.773000000000000000e+03
6.852000000000000000e+03
5.965000000000000000e+03
5.177000000000000000e+03
4.302000000000000000e+03
3.354000000000000000e+03
2.728000000000000000e+03
2.038000000000000000e+03
1.364000000000000000e+03
1.098000000000000000e+03
7.050000000000000000e+02
4.800000000000000000e+02
3.070000000000000000e+02
1.570000000000000000e+02
8.700000000000000000e+01
4.400000000000000000e+01
2.000000000000000000e+01
6.000000000000000000e+00
1.000000000000000000e+00
0.000000000000000000e+00
0.000000000000000000e+00
0.000000000000000000e+00
0.000000000000000000e+00
