7.760000000000000000e+02
2.215000000000000000e+03
3.493000000000000000e+03
4.545000000000000000e+03
5.515000000000000000e+03
6.379000000000000000e+03
6.923000000000000000e+03
7.344000000000000000e+03
7.785000000000000000e+03
8.098000000000000000e+03
8.651000000000000000e+03
8.880000000000000000e+03
9.208000000000000000e+03
9.307000000000000000e+03
9.688000000000000000e+03
9.857000000000000000e+03
1.014500000000000000e+04
1.042800000000000000e+04
1.045600000000000000e+04
1.050400000000000000e+04
1.072900000000000000e+04
1.047300000000000000e+04
1.046500000000000000e+04
1.022400000000000000e+04
9.916000000000000000e+03
9.422000000000000000e+03
8.827000000000000000e+03
8.130000000000000000e+03
7.488000000000000000e+03
6.604000000000000000e+03
5.535000000000000000e+03
4.669000000000000000e+03
3.624000000000000000e+03
2.985000000000000000e+03
2.240000000000000000e+03
1.454000000000000000e+03
1.161000000000000000e+03
7.700000000000000000e+02
5.550000000000000000e+02
3.280000000000000000e+02
1.950000000000000000e+02
9.600000000000000000e+01
4.800000000000000000e+01
1.600000000000000000e+01
7.000000000000000000e+00
2.000000000000000000e+00
0.000000000000000000e+00
0.000000000000000000e+00
0.000000000000000000e+00
0.000000000000000000e+00
