6.210000000000000000e+02
1.852000000000000000e+03
2.903000000000000000e+03
3.835000000000000000e+03
4.772000000000000000e+03
5.178000000000000000e+03
5.879000000000000000e+03
6.243000000000000000e+03
6.676000000000000000e+03
6.957000000000000000e+03
7.172000000000000000e+03
7.391000000000000000e+03
7.586000000000000000e+03
7.955000000000000000e+03
8.190000000000000000e+03
8.337000000000000000e+03
8.456000000000000000e+03
8.698000000000000000e+03
8.764000000000000000e+03
8.791000000000000000e+03
9.002000000000000000e+03
8.971000000000000000e+03
8.878000000000000000e+03
8.715000000000000000e+03
8.575000000000000000e+03
8.108000000000000000e+03
7.716000000000000000e+03
7.006000000000000000e+03
6.437000000000000000e+03
5.592000000000000000e+03
4.858000000000000000e+03
4.014000000000000000e+03
3.285000000000000000e+03
2.423000000000000000e+03
1.859000000000000000e+03
1.281000000000000000e+03
9.640000000000000000e+02
6.710000000000000000e+02
4.310000000000000000e+02
2.780000000000000000e+02
1.750000000000000000e+02
9.000000000000000000e+01
3.900000000000000000e+01
2.300000000000000000e+01
6.000000000000000000e+00
0.000000000000000000e+00
0.000000000000000000e+00
0.000000000000000000e+00
0.000000000000000000e+00
0.000000000000000000e+00
