3.088237587200832190e-01
3.230775836710050308e-01
3.379892968834178890e-01
3.535892633271527363e-01
3.699092494735517489e-01
3.869824879820628061e-01
4.048437453724572643e-01
4.235293928204730274e-01
4.430774802210445396e-01
4.635278136699378382e-01
4.849220365215655137e-01
5.073037141880428758e-01
5.307184228521615310e-01
5.552138422749289814e-01
5.808398528866599575e-01
6.076486373593268375e-01
6.356947868670030921e-01
6.650354122507797783e-01
6.957302603145217867e-01
7.278418354882796315e-01
7.614355271071002740e-01
7.965797425644183249e-01
8.333460466111709541e-01
8.718093070842902748e-01
9.120478473613267134e-01
9.541436058516463703e-01
9.981823028489775762e-01
1.044253615085072084e+00
1.092451358339926903e+00
1.142873678480418542e+00
1.195623251316365598e+00
1.250807491680988592e+00
1.308538772161524033e+00
1.368934651925393764e+00
1.432118116107894412e+00
1.498217826248875451e+00
1.567368382288374606e+00
1.639710596654716968e+00
1.715391781003205773e+00
1.794566046189298048e+00
1.877394616087105339e+00
1.964046155892252843e+00
2.054697115577623912e+00
2.149532089201376284e+00
2.248744190798898313e+00
2.352535447624130693e+00
2.461117211541027139e+00
2.574710589402875005e+00
2.693546893295858169e+00
2.817868111563711420e+00
2.947927401572610684e+00
3.083989605219732422e+00
3.226331788235218045e+00
3.375243804375732015e+00
3.531028885658489713e+00
3.694004259837662563e+00
3.864501796380537257e+00
4.042868682258831114e+00
4.229468128931305415e+00
4.424680111957302486e+00
4.628902144747303105e+00
4.842550088026103872e+00
5.066058996656928493e+00
5.299884005550890897e+00
5.544501256465786732e+00
5.800408867581491101e+00
6.068127947826285506e+00
6.348203658019651030e+00
6.641206320992320222e+00
6.947732582944145641e+00
7.268406628404694203e+00
7.603881451270589231e+00
7.954840184507856904e+00
8.321997491226948540e+00
8.706101019963142562e+00
9.107932927125686362e+00
9.528311469715918136e+00
9.968092671557622353e+00
1.042817206643258565e+01
1.090948652167095645e+01
1.141301614590975610e+01
1.193978628490445182e+01
1.249086960945753866e+01
1.306738829971599181e+01
1.367051633028536806e+01
1.430148186081381390e+01
1.496156973691401859e+01
1.565212410651573549e+01
1.637455115697656538e+01
1.713032197852469452e+01
1.792097555986439161e+01
1.874812192204433359e+01
1.961344539697028821e+01
2.051870805723820013e+01
2.146575330427192085e+01
2.245650962207222889e+01
2.349299450422093472e+01
2.457731856213660393e+01
2.571168982294774707e+01
2.689841822573516694e+01
