1.047931684880602843e+00
1.099468011444761917e+00
1.153538847647333609e+00
1.210268838365736288e+00
1.269788758399024164e+00
1.332235813931853530e+00
1.397753958824173415e+00
1.466494226455757000e+00
1.538615077890541860e+00
1.614282767163379040e+00
1.693671724531249145e+00
1.776964958572426312e+00
1.864354478060512132e+00
1.956041734585851621e+00
2.052238086944666140e+00
2.153165288366423180e+00
2.259055997702601903e+00
2.370154315755260477e+00
2.486716347981751785e+00
2.609010794872745898e+00
2.737319571364505322e+00
2.871938456713294840e+00
3.013177776330018709e+00
3.161363117146871460e+00
3.316836078165062762e+00
3.479955057913800331e+00
3.651096080635789054e+00
3.830653663103777973e+00
4.019041724066360288e+00
4.216694538419487159e+00
4.424067738303269159e+00
4.641639363431805165e+00
4.869910963077284549e+00
5.109408752248651098e+00
5.360684824730094888e+00
5.624318425775662433e+00
5.900917287393839139e+00
6.191119029300201859e+00
6.495592628767660415e+00
6.815039962762582171e+00
7.150197425921780869e+00
7.501837628100131994e+00
7.870771175402039077e+00
8.257848538802408100e+00
8.663962014664695843e+00
9.090047781675457017e+00
9.537088058937053248e+00
1.000611337019341285e+01
1.049820491940832312e+01
1.101449708317254128e+01
1.155618002568518676e+01
1.212450244233754759e+01
1.272077443822385057e+01
1.334637054821455671e+01
1.400273290555412942e+01
1.469137456628753569e+01
1.541388299717904076e+01
1.617192373516366288e+01
1.696724422676711086e+01
1.780167785634492361e+01
1.867714817242672254e+01
1.959567332190823663e+01
2.055937070231286512e+01
2.157046184284720525e+01
2.263127752550247962e+01
2.374426315800704401e+01
2.491198441101582972e+01
2.613713313253161274e+01
2.742253355319217079e+01
2.877114879672776837e+01
3.018608771059706086e+01
3.167061203254742807e+01
3.322814390962023623e+01
3.486227378693391898e+01
3.657676868443027729e+01
3.837558088066354856e+01
4.026285702365039754e+01
4.224294768978319325e+01
4.432041741284191261e+01
4.650005520622374888e+01
4.878688560264640728e+01
5.118618023677395001e+01
5.370346999746559646e+01
5.634455777766116569e+01
5.911553185129415056e+01
6.202277990806930319e+01
6.507300377845777462e+01
6.827323488285411202e+01
7.163085044050872341e+01
7.515359047560089323e+01
7.884957565965508763e+01
8.272732603143084873e+01
8.679578063744006045e+01
9.106431813836684341e+01
9.554277842889243288e+01
1.002414853207634025e+02
1.051712703413927130e+02
1.103434977028538100e+02
1.157700904988276562e+02
1.214635581898915291e+02
