1.524477793024835715e-01
1.606238550341984594e-01
1.692384298682066412e-01
1.783150213780997362e-01
1.878784084314259473e-01
1.979546988353778902e-01
2.085714006104525675e-01
2.197574970866583710e-01
2.315435260272803997e-01
2.439616629962096661e-01
2.570458091964267222e-01
2.708316840194369690e-01
2.853569225583149072e-01
3.006611783505662161e-01
3.167862316312919924e-01
3.337761033921843867e-01
3.516771755577318137e-01
3.705383176067111872e-01
3.904110199846418383e-01
4.113495346714115541e-01
4.334110232878243818e-01
4.566557131453929386e-01
4.811470616653920063e-01
5.069519296160283073e-01
5.341407636406648729e-01
5.627877885753924669e-01
5.929712100809741981e-01
6.247734281423408254e-01
6.582812620184863572e-01
6.935861872568713782e-01
7.307845854193770752e-01
7.699780072015556254e-01
8.112734496634863568e-01
8.547836483290709442e-01
9.006273849511903240e-01
9.489298117829160217e-01
9.998227932400273188e-01
1.053445265887564375e+00
1.109943617733172072e+00
1.169472087862695187e+00
1.232193187509020849e+00
1.298278143703675225e+00
1.367907366722331153e+00
1.441270942600345162e+00
1.518569152062873018e+00
1.600013017286233685e+00
1.685824877983169268e+00
1.776238998384691126e+00
1.871502206775566224e+00
1.971874569329353344e+00
2.077630100082545006e+00
2.189057508986024470e+00
2.306460990076006468e+00
2.430161051916135850e+00
2.560495392577840867e+00
2.697819821547613017e+00
2.842509231077998244e+00
2.994958619634056074e+00
3.155584170229278840e+00
3.324824386594797954e+00
3.503141290283592557e+00
3.691021681977757041e+00
3.888978470442174373e+00
4.097552072752601582e+00
4.317311889620754961e+00
4.548857859843998597e+00
4.792822098123232344e+00
5.049870620720202652e+00
5.320705163665215842e+00
5.606065098478937081e+00
5.906729450638121826e+00
6.223519026295662115e+00
6.557298653060831484e+00
6.908979540957004950e+00
7.279521770002208569e+00
7.669936911203519614e+00
8.081290788120595536e+00
8.514706386537300276e+00
8.971366920184783211e+00
9.452519060885318680e+00
9.959476341935182830e+00
1.049362274401765660e+01
1.105641647343563783e+01
1.164939394297833886e+01
1.227417396628970359e+01
1.293246217718916391e+01
1.362605568600923256e+01
1.435684798566171239e+01
1.512683412082594003e+01
1.593811613437080865e+01
1.679290880587915069e+01
1.769354569794053944e+01
1.864248552671876880e+01
1.964231887418536715e+01
2.069577526034353454e+01
2.180573059474940223e+01
2.297521502767310508e+01
2.420742122233315996e+01
2.550571307078710248e+01
2.687363487727254707e+01
