3.906342235994963996e-01
4.076684737840683415e-01
4.254455305683202959e-01
4.439977852602669528e-01
4.633590416443811311e-01
4.835645775749610742e-01
5.046512092553793183e-01
5.266573583203327802e-01
5.496231218433265120e-01
5.735903453969484200e-01
5.986026992990585160e-01
6.247057581838186824e-01
6.519470840425486413e-01
6.803763128857155396e-01
7.100452451839628365e-01
7.410079402529693438e-01
7.733208147541159594e-01
8.070427454904365305e-01
8.422351766851559063e-01
8.789622319382854876e-01
9.172908310652713171e-01
9.572908120305844148e-01
9.990350581984257516e-01
1.042599631132409499e+00
1.088063909186194111e+00
1.135510732137589240e+00
1.185026552129667898e+00
1.236701591193919203e+00
1.290630005642454226e+00
1.346910057628809110e+00
1.405644294189936749e+00
1.466939734095623171e+00
1.530908062845778517e+00
1.597665836170908404e+00
1.667334692406559515e+00
1.740041574128702084e+00
1.815918959453889814e+00
1.895105103425646531e+00
1.977744289926900878e+00
2.063987094577483195e+00
2.153990659095699201e+00
2.247918977623892811e+00
2.345943195539708537e+00
2.448241921297512391e+00
2.555001551868172349e+00
2.666416612370178019e+00
2.782690110510935178e+00
2.904033906484059901e+00
3.030669098996652266e+00
3.162826428129927425e+00
3.300746695767252437e+00
3.444681204355636517e+00
3.594892214800144536e+00
3.751653424325551267e+00
3.915250465175942107e+00
4.085981425060928984e+00
4.264157390296790417e+00
4.450103012632171229e+00
4.644157100791156623e+00
4.846673237811556234e+00
5.058020425303239698e+00
5.278583755800431376e+00
5.508765114433028742e+00
5.748983911195452379e+00
5.999677845147295407e+00
6.261303701938211397e+00
6.534338186110169922e+00
6.819278789693642651e+00
7.116644698680362424e+00
7.426977739024310132e+00
7.750843363894638571e+00
8.088831683979401888e+00
8.441558542717375602e+00
8.809666638417118278e+00
9.193826695307910413e+00
9.594738685656299282e+00
1.001313310517502408e+01
1.044977230404830593e+01
1.090545187599863652e+01
1.138100210792616629e+01
1.187728949276196388e+01
1.239521830829177418e+01
1.293573226482699212e+01
1.349981622472503417e+01
1.408849799689223126e+01
1.470285020953900279e+01
1.534399226459958143e+01
1.601309237737746471e+01
1.671136970513298436e+01
1.744009656849139844e+01
1.820060076971919472e+01
1.899426801209264681e+01
1.982254442476694578e+01
2.068693919774635148e+01
2.158902733175666455e+01
2.253045250803038257e+01
2.351293008323354528e+01
2.453825021499135772e+01
2.560828112370748144e+01
2.672497249662038143e+01
