7.820000000000000000e+02
2.220000000000000000e+03
3.595000000000000000e+03
4.640000000000000000e+03
5.602000000000000000e+03
6.519000000000000000e+03
6.977000000000000000e+03
7.602000000000000000e+03
8.047000000000000000e+03
8.337000000000000000e+03
8.761000000000000000e+03
8.937000000000000000e+03
9.346000000000000000e+03
9.501000000000000000e+03
9.903000000000000000e+03
1.001400000000000000e+04
1.038000000000000000e+04
1.054100000000000000e+04
1.042100000000000000e+04
1.068000000000000000e+04
1.072700000000000000e+04
1.085200000000000000e+04
1.060500000000000000e+04
1.042400000000000000e+04
1.010700000000000000e+04
9.498000000000000000e+03
9.012000000000000000e+03
8.235000000000000000e+03
7.460000000000000000e+03
6.600000000000000000e+03
5.656000000000000000e+03
4.769000000000000000e+03
3.691000000000000000e+03
3.022000000000000000e+03
2.275000000000000000e+03
1.490000000000000000e+03
1.081000000000000000e+03
8.050000000000000000e+02
5.280000000000000000e+02
3.450000000000000000e+02
1.840000000000000000e+02
9.000000000000000000e+01
4.100000000000000000e+01
2.400000000000000000e+01
8.000000000000000000e+00
1.000000000000000000e+00
0.000000000000000000e+00
0.000000000000000000e+00
0.000000000000000000e+00
0.000000000000000000e+00
