0.000000000000000000e+00
4.000000000000000000e+00
1.000000000000000000e+00
0.000000000000000000e+00
1.000000000000000000e+00
4.000000000000000000e+00
8.000000000000000000e+00
5.000000000000000000e+00
1.500000000000000000e+01
1.100000000000000000e+01
3.800000000000000000e+01
3.200000000000000000e+01
4.800000000000000000e+01
6.600000000000000000e+01
8.900000000000000000e+01
8.600000000000000000e+01
1.150000000000000000e+02
1.670000000000000000e+02
1.940000000000000000e+02
2.220000000000000000e+02
2.910000000000000000e+02
3.300000000000000000e+02
4.320000000000000000e+02
4.760000000000000000e+02
5.930000000000000000e+02
6.910000000000000000e+02
7.870000000000000000e+02
9.460000000000000000e+02
1.049000000000000000e+03
1.214000000000000000e+03
1.401000000000000000e+03
1.665000000000000000e+03
1.746000000000000000e+03
2.078000000000000000e+03
2.222000000000000000e+03
2.482000000000000000e+03
2.839000000000000000e+03
3.146000000000000000e+03
3.456000000000000000e+03
3.827000000000000000e+03
4.253000000000000000e+03
4.560000000000000000e+03
4.918000000000000000e+03
5.423000000000000000e+03
5.619000000000000000e+03
5.986000000000000000e+03
6.172000000000000000e+03
6.569000000000000000e+03
6.944000000000000000e+03
6.860000000000000000e+03
7.199000000000000000e+03
7.314000000000000000e+03
7.189000000000000000e+03
7.152000000000000000e+03
7.035000000000000000e+03
6.792000000000000000e+03
6.785000000000000000e+03
6.300000000000000000e+03
6.094000000000000000e+03
5.917000000000000000e+03
5.413000000000000000e+03
5.026000000000000000e+03
4.739000000000000000e+03
4.348000000000000000e+03
4.144000000000000000e+03
3.721000000000000000e+03
3.429000000000000000e+03
2.998000000000000000e+03
2.683000000000000000e+03
2.346000000000000000e+03
2.131000000000000000e+03
1.857000000000000000e+03
1.594000000000000000e+03
1.368000000000000000e+03
1.191000000000000000e+03
9.490000000000000000e+02
8.240000000000000000e+02
6.820000000000000000e+02
4.940000000000000000e+02
4.710000000000000000e+02
3.800000000000000000e+02
2.550000000000000000e+02
2.070000000000000000e+02
1.990000000000000000e+02
1.500000000000000000e+02
8.500000000000000000e+01
7.800000000000000000e+01
4.700000000000000000e+01
3.400000000000000000e+01
1.600000000000000000e+01
1.600000000000000000e+01
1.400000000000000000e+01
2.000000000000000000e+00
4.000000000000000000e+00
1.000000000000000000e+00
2.000000000000000000e+00
4.000000000000000000e+00
0.000000000000000000e+00
1.000000000000000000e+00
0.000000000000000000e+00
