1.196817573748630625e+00
1.252973301044077115e+00
1.311763904177955187e+00
1.373313013829063234e+00
1.437750061535775892e+00
1.505210551877449232e+00
1.575836347426814887e+00
1.649775967072589777e+00
1.727184898339643615e+00
1.808225924363502601e+00
1.893069466206781515e+00
1.981893941237403256e+00
2.074886138322237006e+00
2.172241610625151420e+00
2.274165086835493010e+00
2.380870901691769514e+00
2.492583446705875616e+00
2.609537642035696159e+00
2.731979430498385319e+00
2.860166294763180073e+00
2.994367798811351289e+00
3.134866154801930538e+00
3.281956816535275046e+00
3.435949100762457853e+00
3.597166837647041149e+00
3.765949051747080389e+00
3.942650674949408351e+00
4.127643292855409207e+00
4.321315926187872414e+00
4.524075848862138649e+00
4.736349444441858125e+00
4.958583102780401042e+00
5.191244158733469227e+00
5.434821874916925921e+00
5.689828470576476782e+00
5.956800198732825180e+00
6.236298473867410763e+00
6.528911052520154357e+00
6.835253269281883703e+00
7.155969330780592941e+00
7.491733670382692445e+00
7.843252366457994285e+00
8.211264627190962173e+00
8.596544345060587844e+00
8.999901724257817648e+00
9.422184984462845136e+00
9.864282144565100552e+00
1.032712289007698381e+01
1.081168052816823000e+01
1.131897403443221961e+01
1.185007019568838516e+01
1.240608585332673108e+01
1.298819025191207110e+01
1.359760749798682333e+01
1.423561913424296144e+01
1.490356683447642183e+01
1.560285522499106392e+01
1.633495483838540707e+01
1.710140520593362368e+01
1.790381809506374466e+01
1.874388089874116048e+01
1.962336018388501557e+01
2.054410540627929649e+01
2.150805279979094564e+01
2.251722944807335125e+01
2.357375754731780759e+01
2.467985886901697512e+01
2.583785943212512137e+01
2.705019439444013685e+01
2.831941317349362564e+01
2.964818480771746678e+01
3.103930356916110966e+01
3.249569483956242522e+01
3.402042126212896278e+01
3.561668918196615152e+01
3.728785538869606597e+01
3.903743417544560401e+01
4.086910472904886404e+01
4.278671886700397664e+01
4.479430913745488141e+01
4.689609729923129322e+01
4.909650319977959043e+01
5.140015406965385125e+01
5.381189425311279706e+01
5.633679539528459657e+01
5.898016710732250090e+01
6.174756813197883076e+01
6.464481803307752728e+01
6.767800943346692577e+01
7.085352082718806344e+01
7.417802999280087306e+01
7.765852803607582189e+01
8.130233409158047664e+01
8.511711071407765417e+01
8.911087999210128885e+01
9.329204041759548716e+01
9.766938454709152495e+01
1.022521174915632400e+02
1.070498762738421021e+02
1.120727500942993515e+02
