2.698442618863626796e-01
2.829055524570149305e-01
2.965990495833241702e-01
3.109553540031620433e-01
3.260065476240428528e-01
3.417862652162811377e-01
3.583297695763174584e-01
3.756740303281806415e-01
3.938578065391816763e-01
4.129217333344616381e-01
4.329084127039491414e-01
4.538625087046536666e-01
4.758308472710414683e-01
4.988625208565408142e-01
5.230089981400164456e-01
5.483242390423751500e-01
5.748648153103270708e-01
6.026900369367720334e-01
6.318620847003199037e-01
6.624461491201310004e-01
6.945105761365977237e-01
7.281270198434172114e-01
7.633706026123660005e-01
8.003200829686050177e-01
8.390580315916648102e-01
8.796710158354184017e-01
9.222497931793878223e-01
9.668895140436862823e-01
1.013689934420827887e+00
1.062755638799568692e+00
1.114196273878945931e+00
1.168126793594793655e+00
1.224667716006295537e+00
1.283945392616633319e+00
1.346092290729583363e+00
1.411247289473036348e+00
1.479555990150966505e+00
1.551171041617389612e+00
1.626252481399414807e+00
1.704968093331703738e+00
1.787493782501533790e+00
1.874013968342352454e+00
1.964721996754267730e+00
2.059820572172433195e+00
2.159522210548872057e+00
2.264049714260009782e+00
2.373636670001189053e+00
2.488527970780809451e+00
2.608980363180584128e+00
2.735263021104870962e+00
2.867658147301238358e+00
3.006461603996466447e+00
3.151983574057269699e+00
3.304549254153228421e+00
3.464499581470929623e+00
3.632191995603311074e+00
3.808001237316779530e+00
3.992320185981113045e+00
4.185560737533544184e+00
4.388154724938996054e+00
4.600554883203413326e+00
4.823235861096719646e+00
5.056695281846246282e+00
5.301454855171002123e+00
5.558061543141797678e+00
5.827088782472586104e+00
6.109137765974460343e+00
6.404838786035949916e+00
6.714852643131891341e+00
7.039872122508452179e+00
7.380623542344234345e+00
7.737868376847146124e+00
8.112404957914128190e+00
8.505070259156433110e+00
8.916741766277215930e+00
9.348339437981136868e+00
9.800827761798000637e+00
1.027521790941458057e+01
1.077256999633110723e+01
1.129399545089208878e+01
1.184065949798547912e+01
1.241378376296046682e+01
1.301464900158299720e+01
1.364459796212939580e+01
1.430503838601416433e+01
1.499744615365736244e+01
1.572336858262167070e+01
1.648442788538931936e+01
1.728232479450610981e+01
1.811884236319352937e+01
1.899584994992211051e+01
1.991530739585040166e+01
2.087926940446484991e+01
2.188989013320759724e+01
2.294942800735323374e+01
2.406025076689196496e+01
2.522484075769739675e+01
2.644580047880297613e+01
2.772585839818390241e+01
2.906787505004043837e+01
