2.918688647051023710e-01
3.055041172029469010e-01
3.197763684805955964e-01
3.347153772422262197e-01
3.503522924309029341e-01
3.667197181764367819e-01
3.838517817774183549e-01
4.017842048591706572e-01
4.205543778559915902e-01
4.402014379729870530e-01
4.607663507900512379e-01
4.822919956781437367e-01
5.048232552059637168e-01
5.284071087234396558e-01
5.530927303171639942e-01
5.789315913420169935e-01
6.059775677427651219e-01
6.342870523894084123e-01
6.639190726605036508e-01
6.949354135196336157e-01
7.274007463416465313e-01
7.613827637572764262e-01
7.969523207973072676e-01
8.341835826305757928e-01
8.731541792038580718e-01
9.139453671060758788e-01
9.566421989943204585e-01
1.001333700934961657e+00
1.048113058029609190e+00
1.097077808712972669e+00
1.148330048127743863e+00
1.201976641000553458e+00
1.258129444462864788e+00
1.316905541281403469e+00
1.378427483984422608e+00
1.442823550392829723e+00
1.510228011088972089e+00
1.580781409380775937e+00
1.654630854344984359e+00
1.731930327560510463e+00
1.812841004171469095e+00
1.897531588949324943e+00
1.986178668054874530e+00
2.078967077233509819e+00
2.176090287211478014e+00
2.277750807096718066e+00
2.384160606625396639e+00
2.495541558134552584e+00
2.612125899182404787e+00
2.734156716780910212e+00
2.861888454250246738e+00
2.995587441752033175e+00
3.135532451607505600e+00
3.282015279558514909e+00
3.435341353183324564e+00
3.595830368735803528e+00
3.763816957735863333e+00
3.939651384701037262e+00
4.123700277474020126e+00
4.316347391668954536e+00
4.517994410830398877e+00
4.729061783973355304e+00
4.949989602250700393e+00
5.181238516575933595e+00
5.423290698114553443e+00
5.676650843646756428e+00
5.941847227897716799e+00
6.219432805029632583e+00
6.509986361592234871e+00
6.814113723335738726e+00
7.132449018402537533e+00
7.465655999531490394e+00
7.814429428031691494e+00
8.179496522411410453e+00
8.561618474682708424e+00
8.961592037503328001e+00
9.380251185465178665e+00
9.818468853993312706e+00
1.027715875948113400e+01
1.075727730445696118e+01
1.125982557175434273e+01
1.178585141184414020e+01
1.233645162768060288e+01
1.291277426161699893e+01
1.351602098915921779e+01
1.414744962454846799e+01
1.480837674339740673e+01
1.550018042784810746e+01
1.622430313997568874e+01
1.698225472942891301e+01
1.777561558157886168e+01
1.860603991273983482e+01
1.947525921933326387e+01
2.038508588818638145e+01
2.133741697549337601e+01
2.233423816231851688e+01
2.337762789488866133e+01
2.446976171830805313e+01
2.561291681273148413e+01
2.680947674145407689e+01
