0.000000000000000000e+00
1.000000000000000000e+00
0.000000000000000000e+00
1.000000000000000000e+00
1.000000000000000000e+00
1.000000000000000000e+00
3.000000000000000000e+00
7.000000000000000000e+00
1.100000000000000000e+01
1.400000000000000000e+01
2.100000000000000000e+01
2.900000000000000000e+01
3.700000000000000000e+01
4.800000000000000000e+01
7.100000000000000000e+01
5.900000000000000000e+01
8.200000000000000000e+01
1.410000000000000000e+02
1.500000000000000000e+02
1.900000000000000000e+02
2.260000000000000000e+02
2.560000000000000000e+02
3.460000000000000000e+02
4.210000000000000000e+02
4.800000000000000000e+02
5.620000000000000000e+02
7.160000000000000000e+02
8.570000000000000000e+02
9.620000000000000000e+02
1.213000000000000000e+03
1.357000000000000000e+03
1.549000000000000000e+03
1.762000000000000000e+03
2.151000000000000000e+03
2.289000000000000000e+03
2.705000000000000000e+03
3.014000000000000000e+03
3.281000000000000000e+03
3.640000000000000000e+03
4.171000000000000000e+03
4.600000000000000000e+03
4.965000000000000000e+03
5.480000000000000000e+03
5.950000000000000000e+03
6.256000000000000000e+03
6.931000000000000000e+03
7.284000000000000000e+03
7.679000000000000000e+03
8.126000000000000000e+03
8.457000000000000000e+03
8.715000000000000000e+03
8.872000000000000000e+03
8.867000000000000000e+03
8.861000000000000000e+03
8.965000000000000000e+03
8.788000000000000000e+03
8.608000000000000000e+03
8.418000000000000000e+03
7.952000000000000000e+03
7.651000000000000000e+03
7.302000000000000000e+03
6.873000000000000000e+03
6.539000000000000000e+03
5.944000000000000000e+03
5.428000000000000000e+03
5.061000000000000000e+03
4.639000000000000000e+03
4.279000000000000000e+03
3.828000000000000000e+03
3.364000000000000000e+03
3.027000000000000000e+03
2.714000000000000000e+03
2.244000000000000000e+03
1.962000000000000000e+03
1.695000000000000000e+03
1.499000000000000000e+03
1.227000000000000000e+03
1.034000000000000000e+03
8.480000000000000000e+02
6.710000000000000000e+02
5.570000000000000000e+02
4.630000000000000000e+02
3.850000000000000000e+02
2.730000000000000000e+02
1.980000000000000000e+02
1.570000000000000000e+02
1.150000000000000000e+02
8.200000000000000000e+01
5.500000000000000000e+01
4.300000000000000000e+01
2.300000000000000000e+01
2.600000000000000000e+01
7.000000000000000000e+00
1.100000000000000000e+01
4.000000000000000000e+00
4.000000000000000000e+00
1.000000000000000000e+00
2.000000000000000000e+00
2.000000000000000000e+00
0.000000000000000000e+00
