0.000000000000000000e+00
1.000000000000000000e+00
0.000000000000000000e+00
2.000000000000000000e+00
0.000000000000000000e+00
1.000000000000000000e+00
2.000000000000000000e+00
8.000000000000000000e+00
3.000000000000000000e+00
5.000000000000000000e+00
1.500000000000000000e+01
2.400000000000000000e+01
3.100000000000000000e+01
3.200000000000000000e+01
5.200000000000000000e+01
5.800000000000000000e+01
6.900000000000000000e+01
1.080000000000000000e+02
1.120000000000000000e+02
1.390000000000000000e+02
1.730000000000000000e+02
2.030000000000000000e+02
2.390000000000000000e+02
3.010000000000000000e+02
3.840000000000000000e+02
4.670000000000000000e+02
5.460000000000000000e+02
6.490000000000000000e+02
7.320000000000000000e+02
8.650000000000000000e+02
1.012000000000000000e+03
1.078000000000000000e+03
1.364000000000000000e+03
1.489000000000000000e+03
1.599000000000000000e+03
1.878000000000000000e+03
2.125000000000000000e+03
2.399000000000000000e+03
2.616000000000000000e+03
2.901000000000000000e+03
3.158000000000000000e+03
3.602000000000000000e+03
3.863000000000000000e+03
4.208000000000000000e+03
4.455000000000000000e+03
4.806000000000000000e+03
5.075000000000000000e+03
5.337000000000000000e+03
5.689000000000000000e+03
6.049000000000000000e+03
6.078000000000000000e+03
6.279000000000000000e+03
6.386000000000000000e+03
6.539000000000000000e+03
6.431000000000000000e+03
6.521000000000000000e+03
6.282000000000000000e+03
6.173000000000000000e+03
6.087000000000000000e+03
5.833000000000000000e+03
5.522000000000000000e+03
5.304000000000000000e+03
4.879000000000000000e+03
4.708000000000000000e+03
4.287000000000000000e+03
3.997000000000000000e+03
3.624000000000000000e+03
3.375000000000000000e+03
3.021000000000000000e+03
2.671000000000000000e+03
2.438000000000000000e+03
2.175000000000000000e+03
1.905000000000000000e+03
1.630000000000000000e+03
1.478000000000000000e+03
1.223000000000000000e+03
9.870000000000000000e+02
8.970000000000000000e+02
7.220000000000000000e+02
5.760000000000000000e+02
4.910000000000000000e+02
3.830000000000000000e+02
3.200000000000000000e+02
2.190000000000000000e+02
1.770000000000000000e+02
1.250000000000000000e+02
1.140000000000000000e+02
7.200000000000000000e+01
5.900000000000000000e+01
4.800000000000000000e+01
2.700000000000000000e+01
1.300000000000000000e+01
1.800000000000000000e+01
1.000000000000000000e+01
1.000000000000000000e+00
4.000000000000000000e+00
4.000000000000000000e+00
3.000000000000000000e+00
1.000000000000000000e+00
0.000000000000000000e+00
