0.000000000000000000e+00
3.000000000000000000e+00
0.000000000000000000e+00
5.000000000000000000e+00
5.000000000000000000e+00
1.000000000000000000e+01
7.000000000000000000e+00
1.100000000000000000e+01
9.000000000000000000e+00
2.100000000000000000e+01
3.500000000000000000e+01
4.000000000000000000e+01
5.100000000000000000e+01
6.800000000000000000e+01
8.900000000000000000e+01
1.260000000000000000e+02
1.610000000000000000e+02
1.640000000000000000e+02
1.950000000000000000e+02
2.580000000000000000e+02
3.050000000000000000e+02
3.940000000000000000e+02
4.700000000000000000e+02
5.380000000000000000e+02
6.520000000000000000e+02
7.370000000000000000e+02
8.390000000000000000e+02
1.042000000000000000e+03
1.140000000000000000e+03
1.402000000000000000e+03
1.600000000000000000e+03
1.817000000000000000e+03
1.992000000000000000e+03
2.351000000000000000e+03
2.683000000000000000e+03
2.841000000000000000e+03
3.257000000000000000e+03
3.501000000000000000e+03
3.910000000000000000e+03
4.350000000000000000e+03
4.684000000000000000e+03
5.166000000000000000e+03
5.447000000000000000e+03
5.871000000000000000e+03
6.333000000000000000e+03
6.674000000000000000e+03
7.028000000000000000e+03
7.094000000000000000e+03
7.600000000000000000e+03
7.660000000000000000e+03
7.609000000000000000e+03
7.646000000000000000e+03
7.675000000000000000e+03
7.608000000000000000e+03
7.440000000000000000e+03
7.291000000000000000e+03
6.970000000000000000e+03
6.681000000000000000e+03
6.384000000000000000e+03
6.003000000000000000e+03
5.610000000000000000e+03
5.149000000000000000e+03
4.814000000000000000e+03
4.521000000000000000e+03
4.117000000000000000e+03
3.722000000000000000e+03
3.289000000000000000e+03
3.066000000000000000e+03
2.710000000000000000e+03
2.288000000000000000e+03
2.119000000000000000e+03
1.724000000000000000e+03
1.577000000000000000e+03
1.303000000000000000e+03
1.142000000000000000e+03
9.100000000000000000e+02
7.810000000000000000e+02
6.320000000000000000e+02
4.830000000000000000e+02
4.070000000000000000e+02
3.220000000000000000e+02
2.510000000000000000e+02
1.910000000000000000e+02
1.500000000000000000e+02
1.030000000000000000e+02
8.600000000000000000e+01
5.900000000000000000e+01
5.200000000000000000e+01
3.300000000000000000e+01
2.300000000000000000e+01
1.500000000000000000e+01
5.000000000000000000e+00
5.000000000000000000e+00
3.000000000000000000e+00
1.000000000000000000e+00
1.000000000000000000e+00
0.000000000000000000e+00
0.000000000000000000e+00
1.000000000000000000e+00
0.000000000000000000e+00
