0.000000000000000000e+00
3.000000000000000000e+00
2.800000000000000000e+01
3.600000000000000000e+01
8.800000000000000000e+01
1.070000000000000000e+02
2.070000000000000000e+02
3.180000000000000000e+02
3.970000000000000000e+02
5.980000000000000000e+02
7.150000000000000000e+02
8.920000000000000000e+02
1.042000000000000000e+03
1.251000000000000000e+03
1.454000000000000000e+03
1.734000000000000000e+03
1.902000000000000000e+03
2.236000000000000000e+03
2.473000000000000000e+03
2.633000000000000000e+03
2.950000000000000000e+03
3.192000000000000000e+03
3.668000000000000000e+03
3.858000000000000000e+03
4.167000000000000000e+03
4.604000000000000000e+03
4.959000000000000000e+03
5.315000000000000000e+03
5.830000000000000000e+03
6.041000000000000000e+03
6.767000000000000000e+03
7.036000000000000000e+03
7.533000000000000000e+03
8.103000000000000000e+03
8.856000000000000000e+03
9.346000000000000000e+03
9.866000000000000000e+03
1.049100000000000000e+04
1.140700000000000000e+04
1.190300000000000000e+04
1.258700000000000000e+04
1.362600000000000000e+04
1.431200000000000000e+04
1.523100000000000000e+04
1.594800000000000000e+04
1.654400000000000000e+04
1.769400000000000000e+04
1.844100000000000000e+04
1.943200000000000000e+04
2.032300000000000000e+04
2.100400000000000000e+04
2.193600000000000000e+04
2.265000000000000000e+04
2.350800000000000000e+04
2.451100000000000000e+04
2.497800000000000000e+04
2.594000000000000000e+04
2.655000000000000000e+04
2.710500000000000000e+04
2.748900000000000000e+04
2.786000000000000000e+04
2.841800000000000000e+04
2.844100000000000000e+04
2.867000000000000000e+04
2.872900000000000000e+04
2.827900000000000000e+04
2.785700000000000000e+04
2.735700000000000000e+04
2.659800000000000000e+04
2.554000000000000000e+04
2.440800000000000000e+04
2.290200000000000000e+04
2.057200000000000000e+04
1.830000000000000000e+04
1.644000000000000000e+04
1.417900000000000000e+04
1.195900000000000000e+04
1.020700000000000000e+04
8.338000000000000000e+03
6.760000000000000000e+03
5.556000000000000000e+03
4.211000000000000000e+03
3.278000000000000000e+03
2.454000000000000000e+03
1.801000000000000000e+03
1.262000000000000000e+03
9.080000000000000000e+02
5.490000000000000000e+02
4.210000000000000000e+02
2.430000000000000000e+02
1.750000000000000000e+02
9.600000000000000000e+01
5.000000000000000000e+01
2.600000000000000000e+01
2.300000000000000000e+01
6.000000000000000000e+00
8.000000000000000000e+00
4.000000000000000000e+00
3.000000000000000000e+00
0.000000000000000000e+00
