6.110000000000000000e+02
1.833000000000000000e+03
2.969000000000000000e+03
3.970000000000000000e+03
4.692000000000000000e+03
5.278000000000000000e+03
5.798000000000000000e+03
6.221000000000000000e+03
6.784000000000000000e+03
6.884000000000000000e+03
7.196000000000000000e+03
7.356000000000000000e+03
7.759000000000000000e+03
7.920000000000000000e+03
8.243000000000000000e+03
8.450000000000000000e+03
8.545000000000000000e+03
8.643000000000000000e+03
8.747000000000000000e+03
8.859000000000000000e+03
9.014000000000000000e+03
9.020000000000000000e+03
8.906000000000000000e+03
8.812000000000000000e+03
8.536000000000000000e+03
8.037000000000000000e+03
7.620000000000000000e+03
7.097000000000000000e+03
6.393000000000000000e+03
5.682000000000000000e+03
4.801000000000000000e+03
4.020000000000000000e+03
3.288000000000000000e+03
2.546000000000000000e+03
1.797000000000000000e+03
1.328000000000000000e+03
9.080000000000000000e+02
6.890000000000000000e+02
4.180000000000000000e+02
2.640000000000000000e+02
1.920000000000000000e+02
8.400000000000000000e+01
2.800000000000000000e+01
2.400000000000000000e+01
9.000000000000000000e+00
0.000000000000000000e+00
0.000000000000000000e+00
0.000000000000000000e+00
0.000000000000000000e+00
0.000000000000000000e+00
