4.060109986400313176e-01
4.238574656691300735e-01
4.424883853029304981e-01
4.619382386456208911e-01
4.822430224398602250e-01
5.034403156876133822e-01
5.255693491993479460e-01
5.486710782003076936e-01
5.727882581282417451e-01
5.979655237628694886e-01
6.242494718335305226e-01
6.516887472579055984e-01
6.803341331714146678e-01
7.102386449139125313e-01
7.414576281476297215e-01
7.740488612879472541e-01
8.080726624365813793e-01
8.435920010150821380e-01
8.806726143052530098e-01
9.193831291121767890e-01
9.597951887750165723e-01
1.001983585760654494e+00
1.046026400085567909e+00
1.092005143822125879e+00
1.140004911956747691e+00
1.190114539879129740e+00
1.242426767794006182e+00
1.297038412359733384e+00
1.354050545871355649e+00
1.413568683319772479e+00
1.475702977673210015e+00
1.540568423742411985e+00
1.608285071006850586e+00
1.678978245795848867e+00
1.752778783235810156e+00
1.829823269392834906e+00
1.910254294058867375e+00
1.994220714649214798e+00
2.081877931699846140e+00
2.173388176474349009e+00
2.268920811212826294e+00
2.368652642578424228e+00
2.472768248881596964e+00
2.581460321687716331e+00
2.694930022440261475e+00
2.813387354759599557e+00
2.937051553106392987e+00
3.066151488528951585e+00
3.200926092245459209e+00
3.341624797845027306e+00
3.488508002925965190e+00
3.641847551025653384e+00
3.801927234733943450e+00
3.969043320921224804e+00
4.143505099053216512e+00
4.325635453607272751e+00
4.515771461649620733e+00
4.714265016679459741e+00
4.921483479894531499e+00
5.137810360083466144e+00
5.363646023403230600e+00
5.599408434355278352e+00
5.845533929331772960e+00
6.102478024163521475e+00
6.370716257164179552e+00
6.650745069230979745e+00
6.943082722630866677e+00
7.248270260172418489e+00
7.566872506538779852e+00
7.899479113634824579e+00
8.246705651883186050e+00
8.609194749488890963e+00
8.987617281781083989e+00
9.382673612833022148e+00
9.795094891658225222e+00
1.022564440538175567e+01
1.067511899189100255e+01
1.114435051458036163e+01
1.163420740191929603e+01
1.214559625469303938e+01
1.267946352389059328e+01
1.323679726234528609e+01
1.381862895336987229e+01
1.442603541977033643e+01
1.506014081677166416e+01
1.572211871254386395e+01
1.641319426017885874e+01
1.713464646513789802e+01
1.788781055236614392e+01
1.867408043745514590e+01
1.949491130642688930e+01
2.035182230891382815e+01
2.124639936971932741e+01
2.218029812396202871e+01
2.315524698123625669e+01
2.417305032445959867e+01
2.523559184932773647e+01
2.634483805055716488e+01
2.750284186136785536e+01
2.871174645294171057e+01
