0.000000000000000000e+00
2.000000000000000000e+00
0.000000000000000000e+00
4.000000000000000000e+00
2.000000000000000000e+00
6.000000000000000000e+00
7.000000000000000000e+00
2.000000000000000000e+01
2.500000000000000000e+01
3.400000000000000000e+01
3.200000000000000000e+01
4.500000000000000000e+01
6.900000000000000000e+01
7.500000000000000000e+01
1.060000000000000000e+02
1.340000000000000000e+02
1.350000000000000000e+02
2.210000000000000000e+02
2.260000000000000000e+02
3.150000000000000000e+02
3.920000000000000000e+02
4.860000000000000000e+02
5.440000000000000000e+02
6.550000000000000000e+02
8.270000000000000000e+02
9.210000000000000000e+02
1.108000000000000000e+03
1.272000000000000000e+03
1.494000000000000000e+03
1.766000000000000000e+03
1.969000000000000000e+03
2.318000000000000000e+03
2.528000000000000000e+03
2.825000000000000000e+03
3.162000000000000000e+03
3.529000000000000000e+03
3.933000000000000000e+03
4.550000000000000000e+03
4.800000000000000000e+03
5.363000000000000000e+03
5.890000000000000000e+03
6.214000000000000000e+03
6.751000000000000000e+03
7.210000000000000000e+03
7.565000000000000000e+03
8.213000000000000000e+03
8.506000000000000000e+03
8.683000000000000000e+03
8.890000000000000000e+03
8.926000000000000000e+03
9.157000000000000000e+03
9.130000000000000000e+03
9.066000000000000000e+03
8.755000000000000000e+03
8.583000000000000000e+03
8.165000000000000000e+03
7.930000000000000000e+03
7.526000000000000000e+03
7.215000000000000000e+03
6.686000000000000000e+03
6.304000000000000000e+03
5.729000000000000000e+03
5.233000000000000000e+03
4.843000000000000000e+03
4.611000000000000000e+03
3.973000000000000000e+03
3.574000000000000000e+03
3.315000000000000000e+03
2.945000000000000000e+03
2.428000000000000000e+03
2.135000000000000000e+03
1.888000000000000000e+03
1.634000000000000000e+03
1.343000000000000000e+03
1.161000000000000000e+03
9.120000000000000000e+02
7.600000000000000000e+02
6.230000000000000000e+02
5.320000000000000000e+02
4.250000000000000000e+02
3.260000000000000000e+02
2.180000000000000000e+02
1.830000000000000000e+02
1.380000000000000000e+02
1.170000000000000000e+02
7.000000000000000000e+01
3.800000000000000000e+01
3.900000000000000000e+01
2.900000000000000000e+01
1.900000000000000000e+01
9.000000000000000000e+00
6.000000000000000000e+00
3.000000000000000000e+00
4.000000000000000000e+00
1.000000000000000000e+00
0.000000000000000000e+00
1.000000000000000000e+00
0.000000000000000000e+00
1.000000000000000000e+00
0.000000000000000000e+00
