1.036628004769566402e+00
1.088917335042738577e+00
1.143844230621726465e+00
1.201541734915311244e+00
1.262149602274589499e+00
1.325814636504645483e+00
1.392691046451343784e+00
1.462940819524542135e+00
1.536734114062469070e+00
1.614249671487647531e+00
1.695675249252682537e+00
1.781208075624594933e+00
1.871055327409269831e+00
1.965434631773163021e+00
2.064574593377772160e+00
2.168715348103695817e+00
2.278109144705496192e+00
2.393020955806258065e+00
2.513729119711777038e+00
2.640526014598982396e+00
2.773718766711599670e+00
2.913629994278444268e+00
3.060598588956255472e+00
3.214980536689872714e+00
3.377149779978035227e+00
3.547499123633377049e+00
3.726441186230547320e+00
3.914409399547025714e+00
4.111859058417492996e+00
4.319268423544690982e+00
4.537139879937977405e+00
4.766001153785575539e+00
5.006406590707968896e+00
5.258938498488626045e+00
5.524208557534444175e+00
5.802859302482258563e+00
6.095565678540171284e+00
6.403036676333495159e+00
6.726017049215148091e+00
7.065289117200208580e+00
7.421674661894089198e+00
7.796036917004186328e+00
8.189282659256434727e+00
8.602364404781353002e+00
9.036282716289617767e+00
9.492088626625657000e+00
9.970886184569490496e+00
1.047383512905325453e+01
1.100215369826995726e+01
1.155712158047850657e+01
1.214008301365258014e+01
1.275245004148115768e+01
1.339570593360744688e+01
1.407140877839061233e+01
1.478119525689275093e+01
1.552678460723228682e+01
1.630998278890638531e+01
1.713268685716900208e+01
1.799688955806023927e+01
1.890468415521701928e+01
1.985826950015653480e+01
2.085995535831369452e+01
2.191216800373316431e+01
2.301745609596751052e+01
2.417849685341630206e+01
2.539810253805935503e+01
2.667922726729112526e+01
2.802497416935606722e+01
2.943860289971660293e+01
3.092353753655987347e+01
3.248337487456760897e+01
3.412189313703834159e+01
3.584306112746428141e+01
3.765104784272970306e+01
3.955023257121594327e+01
4.154521550027234156e+01
4.364082885874684337e+01
4.584214862156500203e+01
4.815450680470872413e+01
5.058350438037508212e+01
5.313502484359840139e+01
5.581524846319638300e+01
5.863066725155918135e+01
6.158810068954036865e+01
6.469471224453943137e+01
6.795802672178487569e+01
7.138594849084645944e+01
7.498678063152485151e+01
7.876924504549302242e+01
8.274250358240452385e+01
8.691618023163920270e+01
9.130038443343968879e+01
9.590573556590204873e+01
1.007433886671335443e+02
1.058250614548809665e+02
1.111630627090752768e+02
1.167703220860437909e+02
1.226604214366002310e+02
1.288476277038770093e+02
1.353469274805799785e+02
