1.516073699471753300e-01
1.598350635955015087e-01
1.685092720985758019e-01
1.776542277047089002e-01
1.872954777402027204e-01
1.974599559783003777e-01
2.081760578813114659e-01
2.194737199261081462e-01
2.313845032345960284e-01
2.439416817427893791e-01
2.571803351548001548e-01
2.711374469414160049e-01
2.858520076570366664e-01
3.013651238635942087e-01
3.177201329657471929e-01
3.349627242781514358e-01
3.531410666630213080e-01
3.723059430945486747e-01
3.925108925260996084e-01
4.138123594565072394e-01
4.362698516132901827e-01
4.599461061932988426e-01
4.849072651251998822e-01
5.112230598434114315e-01
5.389670060896729620e-01
5.682166092864469054e-01
5.990535810558832441e-01
6.315640674892136763e-01
6.658388898042673087e-01
7.019737980634102037e-01
7.400697386606921446e-01
7.802331363254535468e-01
8.225761914301975564e-01
8.672171934332844057e-01
9.142808513320820341e-01
9.638986420497249741e-01
1.016209177728735868e+00
1.071358592957578404e+00
1.129500953011895792e+00
1.190798684250900630e+00
1.255423027871267472e+00
1.323554518286132131e+00
1.395383487465602590e+00
1.471110596647697610e+00
1.550947396905105524e+00
1.635116920133760754e+00
1.723854302114219639e+00
1.817407439386417245e+00
1.916037681772855938e+00
2.020020562484849069e+00
2.129646567851447347e+00
2.245221948821358726e+00
2.367069576504871709e+00
2.495529844145825571e+00
2.630961618043369032e+00
2.773743240080001282e+00
2.924273584656558622e+00
3.082973172986795962e+00
3.250285347864452667e+00
3.426677512184629570e+00
3.612642434679408154e+00
3.808699626515412717e+00
4.015396792598973974e+00
4.233311361643257165e+00
4.463052099271746620e+00
4.705260808664446515e+00
4.960614123497726347e+00
5.229825398186552121e+00
5.513646700709689874e+00
5.812870913585028276e+00
6.128333948864300496e+00
6.460917083335012023e+00
6.811549420453185455e+00
7.181210485884568229e+00
7.570932963905213420e+00
7.981805582305826263e+00
8.414976153859136332e+00
8.871654782846944087e+00
9.353117245604561703e+00
9.860708554526576464e+00
1.039584671549027028e+01
1.096002668919349787e+01
1.155482456747330566e+01
1.218190197627242100e+01
1.284301071755347934e+01
1.353999766312886344e+01
1.427480991407744249e+01
1.504950024016146770e+01
1.586623281443937827e+01
1.672728925909448350e+01
1.763507501936933153e+01
1.859212608341177742e+01
1.960111606680550267e+01
2.066486368157615772e+01
2.178634061053859838e+01
2.296867980898294803e+01
2.421518425689107801e+01
2.552933618613363720e+01
2.691480680842477469e+01
2.837546657121046323e+01
