4.079204645082660230e-01
4.255388204773168925e-01
4.439181249499600246e-01
4.630912437977974805e-01
4.830924623912686844e-01
5.039575469087488324e-01
5.257238082936275259e-01
5.484301689737363095e-01
5.721172324624331784e-01
5.968273559658034966e-01
6.226047261258139676e-01
6.494954380348650913e-01
6.775475776630328628e-01
7.068113078453992504e-01
7.373389579832323459e-01
7.691851176194191009e-01
8.024067340554845718e-01
8.370632141847540453e-01
8.732165307237581553e-01
9.109313330318417057e-01
9.502750627171462350e-01
9.913180742356910713e-01
1.034133760699208926e+00
1.078798685116705958e+00
1.125392717304431800e+00
1.173999176709081826e+00
1.224704981399628689e+00
1.277600803494211013e+00
1.332781231300010472e+00
1.390344938456059998e+00
1.450394860381442497e+00
1.513038378344401691e+00
1.578387511481523342e+00
1.646559117110351744e+00
1.717675099693639407e+00
1.791862628828903681e+00
1.869254366653097632e+00
1.949988705069036099e+00
2.034210013217793378e+00
2.122068895639595887e+00
2.213722461584855417e+00
2.309334605956924413e+00
2.409076302388956758e+00
2.513125908978953049e+00
2.621669487229704831e+00
2.734901134763966013e+00
2.853023332409817758e+00
2.976247306276874394e+00
3.104793405470807954e+00
3.238891496121609315e+00
3.378781372430195606e+00
3.524713185468389742e+00
3.676947890499060012e+00
3.835757713616308351e+00
4.001426638540166003e+00
4.174250914436269611e+00
4.354539585668610435e+00
4.542615044432651850e+00
4.738813607257045035e+00
4.943486116404829822e+00
5.156998567249563514e+00
5.379732762748224317e+00
5.612086996181255394e+00
5.854476763380589865e+00
6.107335505719284185e+00
6.371115385191365554e+00
6.646288092967893135e+00
6.933345692875094279e+00
7.232801501302878577e+00
7.545191005117188432e+00
7.871072819217598493e+00
8.211029685452453819e+00
8.565669514677825447e+00
8.935626473823679916e+00
9.321562119911156685e+00
9.724166583048818424e+00
1.014415980052328159e+01
1.058229280419103979e+01
1.103934906347363309e+01
1.151614588635757919e+01
1.201353588090456803e+01
1.253240847988508833e+01
1.307369153126210648e+01
1.363835295736880582e+01
1.422740248574717370e+01
1.484189345474286448e+01
1.548292469708468566e+01
1.615164250481732466e+01
1.684924267910071549e+01
1.757697266854159324e+01
1.833613379988113934e+01
1.912808360502728888e+01
1.995423824859338069e+01
2.081607506028354138e+01
2.171513517665366066e+01
2.265302629697178460e+01
2.363142555810576084e+01
2.465208253357947754e+01
2.571682236216000206e+01
2.682754901157086636e+01
