0.000000000000000000e+00
8.000000000000000000e+00
1.400000000000000000e+01
3.000000000000000000e+01
7.400000000000000000e+01
1.320000000000000000e+02
2.030000000000000000e+02
3.040000000000000000e+02
4.100000000000000000e+02
5.160000000000000000e+02
6.930000000000000000e+02
8.250000000000000000e+02
9.800000000000000000e+02
1.116000000000000000e+03
1.332000000000000000e+03
1.485000000000000000e+03
1.705000000000000000e+03
1.959000000000000000e+03
2.089000000000000000e+03
2.301000000000000000e+03
2.602000000000000000e+03
2.881000000000000000e+03
3.033000000000000000e+03
3.301000000000000000e+03
3.576000000000000000e+03
3.984000000000000000e+03
4.311000000000000000e+03
4.714000000000000000e+03
4.952000000000000000e+03
5.391000000000000000e+03
5.663000000000000000e+03
6.192000000000000000e+03
6.531000000000000000e+03
6.846000000000000000e+03
7.536000000000000000e+03
8.141000000000000000e+03
8.689000000000000000e+03
9.122000000000000000e+03
9.629000000000000000e+03
1.028900000000000000e+04
1.069700000000000000e+04
1.133900000000000000e+04
1.209000000000000000e+04
1.290900000000000000e+04
1.326500000000000000e+04
1.389200000000000000e+04
1.455200000000000000e+04
1.526200000000000000e+04
1.610000000000000000e+04
1.656500000000000000e+04
1.726900000000000000e+04
1.798800000000000000e+04
1.851200000000000000e+04
1.944900000000000000e+04
1.982600000000000000e+04
2.035500000000000000e+04
2.083200000000000000e+04
2.147400000000000000e+04
2.195700000000000000e+04
2.225400000000000000e+04
2.271100000000000000e+04
2.311600000000000000e+04
2.309300000000000000e+04
2.331400000000000000e+04
2.329900000000000000e+04
2.292400000000000000e+04
2.275900000000000000e+04
2.234900000000000000e+04
2.209000000000000000e+04
2.113700000000000000e+04
2.051800000000000000e+04
1.926800000000000000e+04
1.802900000000000000e+04
1.617600000000000000e+04
1.441200000000000000e+04
1.242000000000000000e+04
1.081100000000000000e+04
9.160000000000000000e+03
7.590000000000000000e+03
6.239000000000000000e+03
4.964000000000000000e+03
3.912000000000000000e+03
2.945000000000000000e+03
2.213000000000000000e+03
1.636000000000000000e+03
1.140000000000000000e+03
8.010000000000000000e+02
5.100000000000000000e+02
3.460000000000000000e+02
2.230000000000000000e+02
1.160000000000000000e+02
7.100000000000000000e+01
4.500000000000000000e+01
3.300000000000000000e+01
1.400000000000000000e+01
1.000000000000000000e+01
2.000000000000000000e+00
2.000000000000000000e+00
4.000000000000000000e+00
0.000000000000000000e+00
