3.236455820912712555e-01
3.383346578686545203e-01
3.536904164593779321e-01
3.697431161302200398e-01
3.865243884587605261e-01
4.040673006628773267e-01
4.224064207591494702e-01
4.415778856785581019e-01
4.616194724737079924e-01
4.825706727578810140e-01
5.044727705226028647e-01
5.273689234870615472e-01
5.513042481396744909e-01
5.763259086393789365e-01
6.024832097518214580e-01
6.298276940035787419e-01
6.584132432458487116e-01
6.882961848277407979e-01
7.195354025883814453e-01
7.521924528865377990e-01
7.863316858963992351e-01
8.220203724085246577e-01
8.593288363858158085e-01
8.983305935357159822e-01
9.391024961716881725e-01
9.817248846494196490e-01
1.026281745676156598e+00
1.072860877805112967e+00
1.121554064441057763e+00
1.172457254697987894e+00
1.225670752465260360e+00
1.281299414054737351e+00
1.339452854818403038e+00
1.400245665143591500e+00
1.463797636251438217e+00
1.530233996243486994e+00
1.599685656861581373e+00
1.672289471447273135e+00
1.748188504609053950e+00
1.827532314128786251e+00
1.910477245662824286e+00
1.997186740818527095e+00
2.087831659213227109e+00
2.182590615150262536e+00
2.281650329575489966e+00
2.385205998007800421e+00
2.493461675168643144e+00
2.606630677068456414e+00
2.724936001342317837e+00
2.848610766663072891e+00
2.977898672097800681e+00
3.113054477312771073e+00
3.254344504573127406e+00
3.402047163526477735e+00
3.556453499804472340e+00
3.717867768523380523e+00
3.886608033813730767e+00
4.063006795560387907e+00
4.247411644588047430e+00
4.440185947583166204e+00
4.641709563101970915e+00
4.852379590075431182e+00
5.072611150286086001e+00
5.302838206358609696e+00
5.543514416875946260e+00
5.795114030305996700e+00
6.058132819500332111e+00
6.333089058606345745e+00
6.620524544317844651e+00
6.921005663476410774e+00
7.235124509127250469e+00
7.563500047228683520e+00
7.906779336314276208e+00
8.265638802510899552e+00
8.640785572425162542e+00
9.032958866524630537e+00
9.442931455759442372e+00
9.871511184294618602e+00
1.031954256135354164e+01
1.078790842530933958e+01
1.127753168330318267e+01
1.178937712981745634e+01
1.232445334778727819e+01
1.288381469599632112e+01
1.346856338667327435e+01
1.407985165738275235e+01
1.471888404149015273e+01
1.538691974167465482e+01
1.608527511116718856e+01
1.681532624760247074e+01
1.757851170459658618e+01
1.837633532639291900e+01
1.921036921116217400e+01
2.008225680879572650e+01
2.099371615929624824e+01
2.194654327814691896e+01
2.294261569533014367e+01
2.398389615496901683e+01
2.507243648288201854e+01
2.621038162967170848e+01
