6.940000000000000000e+02
2.024000000000000000e+03
3.230000000000000000e+03
4.200000000000000000e+03
5.165000000000000000e+03
5.917000000000000000e+03
6.364000000000000000e+03
6.790000000000000000e+03
7.424000000000000000e+03
7.450000000000000000e+03
7.856000000000000000e+03
8.209000000000000000e+03
8.404000000000000000e+03
8.822000000000000000e+03
8.886000000000000000e+03
9.122000000000000000e+03
9.555000000000000000e+03
9.577000000000000000e+03
9.640000000000000000e+03
9.691000000000000000e+03
9.818000000000000000e+03
9.763000000000000000e+03
9.778000000000000000e+03
9.622000000000000000e+03
9.199000000000000000e+03
8.880000000000000000e+03
8.242000000000000000e+03
7.722000000000000000e+03
7.040000000000000000e+03
6.100000000000000000e+03
5.219000000000000000e+03
4.412000000000000000e+03
3.516000000000000000e+03
2.769000000000000000e+03
2.031000000000000000e+03
1.405000000000000000e+03
1.075000000000000000e+03
7.350000000000000000e+02
5.160000000000000000e+02
3.030000000000000000e+02
1.820000000000000000e+02
8.300000000000000000e+01
4.200000000000000000e+01
2.000000000000000000e+01
8.000000000000000000e+00
0.000000000000000000e+00
0.000000000000000000e+00
0.000000000000000000e+00
0.000000000000000000e+00
0.000000000000000000e+00
