1.125076666645977053e+00
1.179490234075142308e+00
1.236535476667561362e+00
1.296339673601793807e+00
1.359036259827263393e+00
1.424765123783928500e+00
1.493672919520958819e+00
1.565913393910822737e+00
1.641647729688858748e+00
1.721044905083723986e+00
1.804282070841124463e+00
1.891544945482040774e+00
1.983028229677349374e+00
2.078936040663389662e+00
2.179482367667747944e+00
2.284891549361392826e+00
2.395398774402465403e+00
2.511250606188523360e+00
2.632705532988076413e+00
2.760034544678850565e+00
2.893521737379618486e+00
3.033464947324620908e+00
3.180176415394909917e+00
3.333983483789284996e+00
3.495229326389250879e+00
3.664273714447583874e+00
3.841493819308893443e+00
4.027285053953225891e+00
4.222061955240353548e+00
4.426259108823200172e+00
4.640332118794081140e+00
4.864758624227221162e+00
5.100039364885669002e+00
5.346699298470379169e+00
5.605288771904314515e+00
5.876384749264881080e+00
6.160592099104498232e+00
6.458544944031543444e+00
6.770908075562863893e+00
7.098378437404662122e+00
7.441686680471256921e+00
7.801598793111275576e+00
8.178917810178614189e+00
8.574485604761449054e+00
8.989184766567023033e+00
9.423940571153211820e+00
9.879723044400657628e+00
1.035754912683165863e+01
1.085848494260490682e+01
1.138364817824858477e+01
1.193421057643930183e+01
1.251140055039089916e+01
1.311650592468644128e+01
1.375087680866865902e+01
1.441592860879996252e+01
1.511314518671322915e+01
1.584408216999950625e+01
1.661037042311975398e+01
1.741371968618490840e+01
1.825592238972295078e+01
1.913885765394471150e+01
2.006449548143137918e+01
2.103490115259848636e+01
2.205223983374359165e+01
2.311878140795892378e+01
2.423690553968794603e+01
2.540910698422567648e+01
2.663800115400949053e+01
2.792632995411959484e+01
2.927696790000970140e+01
3.069292853111749864e+01
3.217737113466500887e+01
3.373360779465106418e+01
3.536511078176337008e+01
3.707552030069875570e+01
3.886865261217729284e+01
4.074850854777197640e+01
4.271928243655250412e+01
4.478537146346000242e+01
4.695138548029322578e+01
4.922215729119647420e+01
5.160275343559798245e+01
5.409848549265793594e+01
5.671492193244833402e+01
5.945790054030725713e+01
6.233354144208828274e+01
6.534826075936751977e+01
6.850878492507527540e+01
7.182216569149353802e+01
7.529579586410517322e+01
7.893742579639972234e+01
8.275518068243957259e+01
8.675757868576928900e+01
9.095354994511700397e+01
9.535245649929400713e+01
9.996411317574833788e+01
1.047988094893790247e+02
1.098673326004721389e+02
1.151809913829801388e+02
1.207516416568498130e+02
