2.765864960304907916e-01
2.897747750402144273e-01
3.035919014656092152e-01
3.180678601949159523e-01
3.332340658646746334e-01
3.491234310334045410e-01
3.657704376059631168e-01
3.832112116635814636e-01
4.014836018619677427e-01
4.206272615676126536e-01
4.406837349105415247e-01
4.616965469402604105e-01
4.837112980805433060e-01
5.067757630880413977e-01
5.309399947294658473e-01
5.562564324023354656e-01
5.827800159350136067e-01
6.105683048129884050e-01
6.396816030901392169e-01
6.701830902560563796e-01
7.021389583434168857e-01
7.356185555729535253e-01
7.706945368477460256e-01
8.074430214234257219e-01
8.459437580964570547e-01
8.862802982689761411e-01
9.285401772657575492e-01
9.728151042967903006e-01
1.019201161477705897e+00
1.067799012339956777e+00
1.118714120283238911e+00
1.172056977444227543e+00
1.227943344478299004e+00
1.286494501774596122e+00
1.347837512649604053e+00
1.412105499090399841e+00
1.479437930645974397e+00
1.549980927093553174e+00
1.623887575536745231e+00
1.701318262623656707e+00
1.782441022605928183e+00
1.867431901994025534e+00
1.956475341600133477e+00
2.049764576797727500e+00
2.147502056866444686e+00
2.249899884332279498e+00
2.357180275256526958e+00
2.469576041472362427e+00
2.587331095815563753e+00
2.710700981445800739e+00
2.839953426407169523e+00
2.975368924631454526e+00
3.117241344644956946e+00
3.265878567299861146e+00
3.421603153914092754e+00
3.584753046269627763e+00
3.755682299988321482e+00
3.934761852876782928e+00
4.122380329907690211e+00
4.318944886584476173e+00
4.524882092519562526e+00
4.740638857143643747e+00
4.966683399554908895e+00
5.203506264612903109e+00
5.451621387482077807e+00
5.711567208935211859e+00
5.983907843837075191e+00
6.269234305344065561e+00
6.568165787476489825e+00
6.881351008846846362e+00
7.209469620460155603e+00
7.553233680641435299e+00
7.913389200291097048e+00
8.290717761821689180e+00
8.686038215289245912e+00
9.100208455400057517e+00
9.534127283249233642e+00
9.988736356831216412e+00
1.046502223455511960e+01
1.096401851619953582e+01
1.148680808595306146e+01
1.203452546240804999e+01
1.260835926060751788e+01
1.320955477148811319e+01
1.383941666431677220e+01
1.449931181798582713e+01
1.519067228731077357e+01
1.591499841076780442e+01
1.667386206641559454e+01
1.746891008306676341e+01
1.830186781411180874e+01
1.917454288175132149e+01
2.008882909976166076e+01
2.104671058330705691e+01
2.205026605471719137e+01
2.310167335457390436e+01
2.420321416789701274e+01
2.535727897568550659e+01
2.656637224255950969e+01
2.783311785176100628e+01
