0.000000000000000000e+00
1.000000000000000000e+00
1.000000000000000000e+00
1.000000000000000000e+00
2.000000000000000000e+00
6.000000000000000000e+00
6.000000000000000000e+00
7.000000000000000000e+00
7.000000000000000000e+00
1.600000000000000000e+01
1.700000000000000000e+01
2.900000000000000000e+01
3.100000000000000000e+01
5.200000000000000000e+01
7.600000000000000000e+01
7.800000000000000000e+01
8.900000000000000000e+01
1.330000000000000000e+02
1.620000000000000000e+02
2.020000000000000000e+02
2.520000000000000000e+02
2.980000000000000000e+02
3.540000000000000000e+02
4.300000000000000000e+02
5.260000000000000000e+02
5.970000000000000000e+02
7.550000000000000000e+02
8.540000000000000000e+02
9.730000000000000000e+02
1.189000000000000000e+03
1.280000000000000000e+03
1.566000000000000000e+03
1.744000000000000000e+03
1.972000000000000000e+03
2.315000000000000000e+03
2.597000000000000000e+03
2.887000000000000000e+03
3.183000000000000000e+03
3.506000000000000000e+03
3.857000000000000000e+03
4.413000000000000000e+03
4.861000000000000000e+03
5.208000000000000000e+03
5.589000000000000000e+03
6.049000000000000000e+03
6.491000000000000000e+03
6.983000000000000000e+03
7.219000000000000000e+03
7.543000000000000000e+03
7.891000000000000000e+03
8.089000000000000000e+03
8.330000000000000000e+03
8.352000000000000000e+03
8.367000000000000000e+03
8.480000000000000000e+03
8.164000000000000000e+03
8.219000000000000000e+03
8.004000000000000000e+03
7.701000000000000000e+03
7.506000000000000000e+03
7.046000000000000000e+03
6.652000000000000000e+03
6.261000000000000000e+03
5.848000000000000000e+03
5.497000000000000000e+03
5.001000000000000000e+03
4.579000000000000000e+03
4.278000000000000000e+03
3.805000000000000000e+03
3.403000000000000000e+03
3.073000000000000000e+03
2.726000000000000000e+03
2.382000000000000000e+03
2.156000000000000000e+03
1.877000000000000000e+03
1.576000000000000000e+03
1.385000000000000000e+03
1.148000000000000000e+03
9.670000000000000000e+02
8.080000000000000000e+02
6.110000000000000000e+02
5.490000000000000000e+02
4.080000000000000000e+02
3.440000000000000000e+02
2.710000000000000000e+02
1.990000000000000000e+02
1.600000000000000000e+02
1.150000000000000000e+02
7.400000000000000000e+01
6.000000000000000000e+01
4.500000000000000000e+01
3.300000000000000000e+01
2.200000000000000000e+01
1.100000000000000000e+01
9.000000000000000000e+00
6.000000000000000000e+00
1.000000000000000000e+00
5.000000000000000000e+00
2.000000000000000000e+00
0.000000000000000000e+00
