0.000000000000000000e+00
2.000000000000000000e+00
3.000000000000000000e+00
6.000000000000000000e+00
4.000000000000000000e+00
1.000000000000000000e+01
1.400000000000000000e+01
1.600000000000000000e+01
2.100000000000000000e+01
4.100000000000000000e+01
3.800000000000000000e+01
5.500000000000000000e+01
6.700000000000000000e+01
9.600000000000000000e+01
9.200000000000000000e+01
1.500000000000000000e+02
1.940000000000000000e+02
2.170000000000000000e+02
2.750000000000000000e+02
3.380000000000000000e+02
4.100000000000000000e+02
4.950000000000000000e+02
6.110000000000000000e+02
7.200000000000000000e+02
8.660000000000000000e+02
1.008000000000000000e+03
1.170000000000000000e+03
1.381000000000000000e+03
1.622000000000000000e+03
1.911000000000000000e+03
2.183000000000000000e+03
2.380000000000000000e+03
2.884000000000000000e+03
3.234000000000000000e+03
3.616000000000000000e+03
4.111000000000000000e+03
4.478000000000000000e+03
4.950000000000000000e+03
5.406000000000000000e+03
6.042000000000000000e+03
6.430000000000000000e+03
6.962000000000000000e+03
7.557000000000000000e+03
8.049000000000000000e+03
8.570000000000000000e+03
9.033000000000000000e+03
9.330000000000000000e+03
9.339000000000000000e+03
9.716000000000000000e+03
1.005900000000000000e+04
1.004000000000000000e+04
9.923000000000000000e+03
9.590000000000000000e+03
9.405000000000000000e+03
9.029000000000000000e+03
8.686000000000000000e+03
8.507000000000000000e+03
7.831000000000000000e+03
7.653000000000000000e+03
7.073000000000000000e+03
6.517000000000000000e+03
5.849000000000000000e+03
5.522000000000000000e+03
5.189000000000000000e+03
4.479000000000000000e+03
4.109000000000000000e+03
3.741000000000000000e+03
3.339000000000000000e+03
2.915000000000000000e+03
2.560000000000000000e+03
2.108000000000000000e+03
1.898000000000000000e+03
1.523000000000000000e+03
1.328000000000000000e+03
1.147000000000000000e+03
9.030000000000000000e+02
7.350000000000000000e+02
6.020000000000000000e+02
4.720000000000000000e+02
4.260000000000000000e+02
2.960000000000000000e+02
2.300000000000000000e+02
1.650000000000000000e+02
1.120000000000000000e+02
1.150000000000000000e+02
6.700000000000000000e+01
3.700000000000000000e+01
3.300000000000000000e+01
1.800000000000000000e+01
1.600000000000000000e+01
1.100000000000000000e+01
3.000000000000000000e+00
4.000000000000000000e+00
0.000000000000000000e+00
1.000000000000000000e+00
0.000000000000000000e+00
0.000000000000000000e+00
0.000000000000000000e+00
2.000000000000000000e+00
0.000000000000000000e+00
