0.000000000000000000e+00
2.000000000000000000e+00
2.000000000000000000e+00
2.000000000000000000e+00
4.000000000000000000e+00
1.000000000000000000e+01
1.300000000000000000e+01
1.900000000000000000e+01
2.400000000000000000e+01
3.700000000000000000e+01
4.700000000000000000e+01
6.200000000000000000e+01
6.400000000000000000e+01
1.040000000000000000e+02
1.160000000000000000e+02
1.460000000000000000e+02
1.770000000000000000e+02
2.180000000000000000e+02
2.740000000000000000e+02
3.220000000000000000e+02
4.060000000000000000e+02
4.360000000000000000e+02
5.400000000000000000e+02
6.440000000000000000e+02
7.700000000000000000e+02
9.040000000000000000e+02
1.048000000000000000e+03
1.212000000000000000e+03
1.307000000000000000e+03
1.572000000000000000e+03
1.794000000000000000e+03
2.084000000000000000e+03
2.365000000000000000e+03
2.533000000000000000e+03
2.898000000000000000e+03
3.200000000000000000e+03
3.537000000000000000e+03
3.929000000000000000e+03
4.348000000000000000e+03
4.715000000000000000e+03
5.132000000000000000e+03
5.362000000000000000e+03
5.938000000000000000e+03
6.253000000000000000e+03
6.551000000000000000e+03
7.010000000000000000e+03
7.239000000000000000e+03
7.409000000000000000e+03
7.549000000000000000e+03
7.694000000000000000e+03
7.697000000000000000e+03
7.664000000000000000e+03
7.615000000000000000e+03
7.478000000000000000e+03
7.313000000000000000e+03
7.029000000000000000e+03
6.778000000000000000e+03
6.409000000000000000e+03
6.085000000000000000e+03
5.646000000000000000e+03
5.302000000000000000e+03
4.941000000000000000e+03
4.534000000000000000e+03
4.199000000000000000e+03
3.799000000000000000e+03
3.482000000000000000e+03
3.044000000000000000e+03
2.829000000000000000e+03
2.460000000000000000e+03
2.235000000000000000e+03
1.924000000000000000e+03
1.571000000000000000e+03
1.384000000000000000e+03
1.159000000000000000e+03
1.022000000000000000e+03
8.350000000000000000e+02
7.060000000000000000e+02
5.670000000000000000e+02
4.370000000000000000e+02
3.730000000000000000e+02
2.950000000000000000e+02
2.220000000000000000e+02
1.600000000000000000e+02
1.100000000000000000e+02
9.700000000000000000e+01
6.600000000000000000e+01
6.300000000000000000e+01
3.800000000000000000e+01
1.900000000000000000e+01
1.600000000000000000e+01
1.400000000000000000e+01
6.000000000000000000e+00
4.000000000000000000e+00
2.000000000000000000e+00
1.000000000000000000e+00
0.000000000000000000e+00
0.000000000000000000e+00
0.000000000000000000e+00
1.000000000000000000e+00
0.000000000000000000e+00
