3.196970615283004080e-01
3.343338644852031916e-01
3.496407893374248732e-01
3.656485165112789426e-01
3.823891310858224535e-01
3.998961871025666914e-01
4.182047748195009684e-01
4.373515910442321020e-01
4.573750126872105914e-01
4.783151736824688971e-01
5.002140454300508798e-01
5.231155209213630419e-01
5.470655027160683526e-01
5.721119949468556065e-01
5.983051995364963016e-01
6.256976168200405475e-01
6.543441507738344542e-01
6.843022190622748413e-01
7.156318681228722722e-01
7.483958935202953411e-01
7.826599658106253576e-01
8.184927621680994081e-01
8.559661040381657537e-01
8.951551010927581986e-01
9.361383017763255099e-01
9.789978507443625189e-01
1.023819653510003924e+00
1.070693548628692593e+00
1.119713487766037296e+00
1.170977724009782284e+00
1.224589008803328882e+00
1.280654797895533603e+00
1.339287466719578656e+00
1.400604535632608671e+00
1.464728905467594267e+00
1.531789103869547031e+00
1.601919542909833849e+00
1.675260788494937758e+00
1.751959842109653165e+00
1.832170435459431479e+00
1.916053338602439204e+00
2.003776682188933567e+00
2.095516294453839024e+00
2.191456053637971912e+00
2.291788256544289304e+00
2.396714003967880036e+00
2.506443603772231299e+00
2.621196992419677407e+00
2.741204175800926901e+00
2.866705690247238536e+00
2.997953084649287003e+00
3.135209424649040955e+00
3.278749819915234287e+00
3.428861975559279074e+00
3.585846768796845829e+00
3.750018852010942094e+00
3.921707283425242441e+00
4.101256186651756508e+00
4.289025440434799386e+00
4.485391399973750026e+00
4.690747651270388729e+00
4.905505800012776696e+00
5.130096296576896364e+00
5.364969298799614705e+00
5.610595574252296380e+00
5.867467443823524142e+00
6.136099768502193186e+00
6.417030981338858631e+00
6.710824166653710954e+00
7.018068188654323691e+00
7.339378871725298126e+00
7.675400234755527684e+00
8.026805781977103038e+00
8.394299852903142067e+00
8.778619034070295868e+00
9.180533635415574878e+00
9.600849234246632946e+00
1.004040828990019563e+01
1.050009183232497456e+01
1.098082122797355709e+01
1.148356002654270114e+01
1.200931589226370733e+01
1.255914262361357814e+01
1.313414226549548225e+01
1.373546731812181676e+01
1.436432304702731599e+01
1.502196989884246214e+01
1.570972602766886617e+01
1.642896993712082221e+01
1.718114324332817944e+01
1.796775356443885130e+01
1.879037754241245750e+01
1.965066400316165840e+01
2.055033726137557792e+01
2.149120057664888961e+01
2.247513976784423306e+01
2.350412699293222474e+01
2.458022470188508990e+01
2.570558977054725602e+01
2.688247782376813788e+01
