0.000000000000000000e+00
1.000000000000000000e+00
0.000000000000000000e+00
0.000000000000000000e+00
1.000000000000000000e+00
1.000000000000000000e+01
1.700000000000000000e+01
5.100000000000000000e+01
1.000000000000000000e+02
1.620000000000000000e+02
2.400000000000000000e+02
3.800000000000000000e+02
5.560000000000000000e+02
7.210000000000000000e+02
8.720000000000000000e+02
1.115000000000000000e+03
1.472000000000000000e+03
1.633000000000000000e+03
1.865000000000000000e+03
2.209000000000000000e+03
2.478000000000000000e+03
2.805000000000000000e+03
3.025000000000000000e+03
3.411000000000000000e+03
3.832000000000000000e+03
4.006000000000000000e+03
4.488000000000000000e+03
4.863000000000000000e+03
5.417000000000000000e+03
5.847000000000000000e+03
6.251000000000000000e+03
6.629000000000000000e+03
7.048000000000000000e+03
7.687000000000000000e+03
8.542000000000000000e+03
9.011000000000000000e+03
9.787000000000000000e+03
1.047900000000000000e+04
1.118900000000000000e+04
1.192300000000000000e+04
1.281400000000000000e+04
1.354200000000000000e+04
1.453100000000000000e+04
1.526400000000000000e+04
1.631100000000000000e+04
1.727600000000000000e+04
1.829200000000000000e+04
1.922400000000000000e+04
2.064400000000000000e+04
2.136500000000000000e+04
2.262700000000000000e+04
2.370400000000000000e+04
2.479100000000000000e+04
2.624300000000000000e+04
2.717500000000000000e+04
2.786500000000000000e+04
2.908800000000000000e+04
3.037500000000000000e+04
3.070600000000000000e+04
3.161100000000000000e+04
3.233900000000000000e+04
3.308800000000000000e+04
3.362900000000000000e+04
3.398000000000000000e+04
3.436400000000000000e+04
3.410000000000000000e+04
3.393000000000000000e+04
3.361500000000000000e+04
3.279200000000000000e+04
3.150700000000000000e+04
3.025500000000000000e+04
2.908300000000000000e+04
2.661900000000000000e+04
2.397200000000000000e+04
2.121500000000000000e+04
1.861000000000000000e+04
1.589000000000000000e+04
1.344700000000000000e+04
1.091800000000000000e+04
9.052000000000000000e+03
7.240000000000000000e+03
5.702000000000000000e+03
4.380000000000000000e+03
3.409000000000000000e+03
2.514000000000000000e+03
1.898000000000000000e+03
1.249000000000000000e+03
9.160000000000000000e+02
5.930000000000000000e+02
3.870000000000000000e+02
2.530000000000000000e+02
1.270000000000000000e+02
8.800000000000000000e+01
4.000000000000000000e+01
3.200000000000000000e+01
5.000000000000000000e+00
6.000000000000000000e+00
4.000000000000000000e+00
4.000000000000000000e+00
0.000000000000000000e+00
