4.112177293419149171e-01
4.292199414583020012e-01
4.480102510178660125e-01
4.676231592016800720e-01
4.880946775770081403e-01
5.094623942187069821e-01
5.317655427252778733e-01
5.550450742562895723e-01
5.793437327234429723e-01
6.047061332733354444e-01
6.311788442060282112e-01
6.588104724798308220e-01
6.876517529592963696e-01
7.177556415702995851e-01
7.491774125332398837e-01
7.819747598529015464e-01
8.162079032513175347e-01
8.519396987381423481e-01
8.892357540215536371e-01
9.281645489715911745e-01
9.687975613571158107e-01
1.011209398087258515e+00
1.055477932198332525e+00
1.101684445837731952e+00
1.149913779507353073e+00
1.200254487840566764e+00
1.252799002198763834e+00
1.307643800386022903e+00
1.364889583793514438e+00
1.424641462298898764e+00
1.487009147260215824e+00
1.552107152958623448e+00
1.620055006859860258e+00
1.690977469080492623e+00
1.765004761461914651e+00
1.842272806672707208e+00
1.922923477778373913e+00
2.007104858736693753e+00
2.094971516296991076e+00
2.186684783802559817e+00
2.282413057417335800e+00
2.382332105320727145e+00
2.486625390438313321e+00
2.595484407300992835e+00
2.709109033651083465e+00
2.827707897440967511e+00
2.951498759898138591e+00
3.080708915359993583e+00
3.215575608612517566e+00
3.356346470499144363e+00
3.503279972599619096e+00
3.656645901813704747e+00
3.816725855721124994e+00
3.983813759627283790e+00
4.158216406244110708e+00
4.340254018996954954e+00
4.530260839991821165e+00
4.728585743722526935e+00
4.935592877644610077e+00
5.151662330792166955e+00
5.377190831665265236e+00
5.612592476669346908e+00
5.858299490444108137e+00
6.114763019477917005e+00
6.382453960464932408e+00
6.661863824925883470e+00
6.953505641680056470e+00
7.257914898825524652e+00
7.575650526957220521e+00
7.907295925428133643e+00
8.253460033537981744e+00
8.614778448616174700e+00
8.991914593052008797e+00
9.385560932414884761e+00
9.796440246901159554e+00
1.022530695844216631e+01
1.067294851591010207e+01
1.114018684096524225e+01
1.162787983719909057e+01
1.213692296534464710e+01
1.266825088744577599e+01
1.322283918300485617e+01
1.380170614025953135e+01
1.440591462587762805e+01
1.503657403650333890e+01
1.569484233573762744e+01
1.638192818029341780e+01
1.709909313922895180e+01
1.784765401033457977e+01
1.862898523792564021e+01
1.944452143648127418e+01
2.029576002476236241e+01
2.118426397524567051e+01
2.211166468392185891e+01
2.307966496572735693e+01
2.409004218110929330e+01
2.514465149946497036e+01
2.624542930544721742e+01
2.739439675439069077e+01
2.859366348338659236e+01
