7.310000000000000000e+02
2.263000000000000000e+03
3.467000000000000000e+03
4.547000000000000000e+03
5.450000000000000000e+03
6.208000000000000000e+03
7.029000000000000000e+03
7.388000000000000000e+03
7.778000000000000000e+03
8.174000000000000000e+03
8.507000000000000000e+03
8.931000000000000000e+03
9.158000000000000000e+03
9.332000000000000000e+03
9.664000000000000000e+03
9.703000000000000000e+03
1.026200000000000000e+04
1.023900000000000000e+04
1.033100000000000000e+04
1.042000000000000000e+04
1.045600000000000000e+04
1.052700000000000000e+04
1.046800000000000000e+04
1.014400000000000000e+04
9.767000000000000000e+03
9.339000000000000000e+03
8.793000000000000000e+03
8.293000000000000000e+03
7.205000000000000000e+03
6.509000000000000000e+03
5.499000000000000000e+03
4.600000000000000000e+03
3.749000000000000000e+03
2.814000000000000000e+03
2.170000000000000000e+03
1.436000000000000000e+03
1.085000000000000000e+03
7.720000000000000000e+02
5.360000000000000000e+02
3.530000000000000000e+02
1.870000000000000000e+02
9.200000000000000000e+01
3.700000000000000000e+01
2.100000000000000000e+01
6.000000000000000000e+00
0.000000000000000000e+00
0.000000000000000000e+00
0.000000000000000000e+00
0.000000000000000000e+00
0.000000000000000000e+00
