0.000000000000000000e+00
2.000000000000000000e+00
7.000000000000000000e+00
1.100000000000000000e+01
5.600000000000000000e+01
7.000000000000000000e+01
1.260000000000000000e+02
1.640000000000000000e+02
2.430000000000000000e+02
3.520000000000000000e+02
4.900000000000000000e+02
6.320000000000000000e+02
7.220000000000000000e+02
9.050000000000000000e+02
1.157000000000000000e+03
1.224000000000000000e+03
1.410000000000000000e+03
1.569000000000000000e+03
1.789000000000000000e+03
2.016000000000000000e+03
2.313000000000000000e+03
2.524000000000000000e+03
2.677000000000000000e+03
2.896000000000000000e+03
3.307000000000000000e+03
3.532000000000000000e+03
3.763000000000000000e+03
3.915000000000000000e+03
4.551000000000000000e+03
4.657000000000000000e+03
5.126000000000000000e+03
5.565000000000000000e+03
6.038000000000000000e+03
6.266000000000000000e+03
6.685000000000000000e+03
7.134000000000000000e+03
7.884000000000000000e+03
8.235000000000000000e+03
8.984000000000000000e+03
9.422000000000000000e+03
9.913000000000000000e+03
1.035900000000000000e+04
1.104600000000000000e+04
1.175800000000000000e+04
1.237800000000000000e+04
1.301200000000000000e+04
1.367100000000000000e+04
1.409600000000000000e+04
1.496900000000000000e+04
1.541000000000000000e+04
1.601500000000000000e+04
1.688600000000000000e+04
1.744600000000000000e+04
1.832900000000000000e+04
1.851700000000000000e+04
1.937500000000000000e+04
1.991000000000000000e+04
2.033000000000000000e+04
2.065800000000000000e+04
2.131600000000000000e+04
2.161300000000000000e+04
2.225800000000000000e+04
2.222800000000000000e+04
2.260600000000000000e+04
2.266600000000000000e+04
2.278900000000000000e+04
2.216100000000000000e+04
2.236200000000000000e+04
2.167300000000000000e+04
2.132400000000000000e+04
2.058100000000000000e+04
1.981300000000000000e+04
1.875100000000000000e+04
1.715100000000000000e+04
1.549600000000000000e+04
1.374500000000000000e+04
1.177100000000000000e+04
1.022000000000000000e+04
8.501000000000000000e+03
7.081000000000000000e+03
5.592000000000000000e+03
4.439000000000000000e+03
3.492000000000000000e+03
2.583000000000000000e+03
1.956000000000000000e+03
1.372000000000000000e+03
9.620000000000000000e+02
6.250000000000000000e+02
4.230000000000000000e+02
2.770000000000000000e+02
1.600000000000000000e+02
8.600000000000000000e+01
5.500000000000000000e+01
4.200000000000000000e+01
1.800000000000000000e+01
1.500000000000000000e+01
2.000000000000000000e+00
2.000000000000000000e+00
5.000000000000000000e+00
0.000000000000000000e+00
