6.100000000000000000e+02
1.773000000000000000e+03
2.951000000000000000e+03
3.793000000000000000e+03
4.727000000000000000e+03
5.084000000000000000e+03
5.763000000000000000e+03
6.155000000000000000e+03
6.538000000000000000e+03
6.848000000000000000e+03
7.061000000000000000e+03
7.277000000000000000e+03
7.505000000000000000e+03
7.692000000000000000e+03
8.005000000000000000e+03
8.214000000000000000e+03
8.419000000000000000e+03
8.538000000000000000e+03
8.686000000000000000e+03
8.833000000000000000e+03
8.817000000000000000e+03
8.964000000000000000e+03
8.811000000000000000e+03
8.659000000000000000e+03
8.458000000000000000e+03
8.154000000000000000e+03
7.748000000000000000e+03
6.964000000000000000e+03
6.351000000000000000e+03
5.622000000000000000e+03
4.757000000000000000e+03
4.115000000000000000e+03
3.245000000000000000e+03
2.628000000000000000e+03
1.805000000000000000e+03
1.284000000000000000e+03
9.300000000000000000e+02
7.240000000000000000e+02
4.450000000000000000e+02
3.000000000000000000e+02
1.920000000000000000e+02
8.800000000000000000e+01
4.100000000000000000e+01
2.700000000000000000e+01
4.000000000000000000e+00
3.000000000000000000e+00
0.000000000000000000e+00
0.000000000000000000e+00
0.000000000000000000e+00
0.000000000000000000e+00
