0.000000000000000000e+00
1.000000000000000000e+00
0.000000000000000000e+00
2.000000000000000000e+00
4.000000000000000000e+00
1.300000000000000000e+01
3.300000000000000000e+01
6.800000000000000000e+01
1.160000000000000000e+02
1.980000000000000000e+02
3.450000000000000000e+02
4.420000000000000000e+02
6.100000000000000000e+02
8.110000000000000000e+02
1.013000000000000000e+03
1.268000000000000000e+03
1.429000000000000000e+03
1.712000000000000000e+03
1.941000000000000000e+03
2.161000000000000000e+03
2.417000000000000000e+03
2.666000000000000000e+03
3.011000000000000000e+03
3.238000000000000000e+03
3.712000000000000000e+03
3.896000000000000000e+03
4.359000000000000000e+03
4.780000000000000000e+03
5.213000000000000000e+03
5.513000000000000000e+03
6.168000000000000000e+03
6.579000000000000000e+03
7.072000000000000000e+03
7.437000000000000000e+03
8.066000000000000000e+03
8.655000000000000000e+03
9.220000000000000000e+03
9.757000000000000000e+03
1.076600000000000000e+04
1.142600000000000000e+04
1.214600000000000000e+04
1.287900000000000000e+04
1.405600000000000000e+04
1.458200000000000000e+04
1.550600000000000000e+04
1.656000000000000000e+04
1.716800000000000000e+04
1.828800000000000000e+04
1.925800000000000000e+04
2.026400000000000000e+04
2.120600000000000000e+04
2.229400000000000000e+04
2.308400000000000000e+04
2.404500000000000000e+04
2.487700000000000000e+04
2.572500000000000000e+04
2.662900000000000000e+04
2.740300000000000000e+04
2.847300000000000000e+04
2.882000000000000000e+04
2.926100000000000000e+04
2.981700000000000000e+04
2.985800000000000000e+04
3.029100000000000000e+04
3.063400000000000000e+04
3.026600000000000000e+04
2.999900000000000000e+04
2.959100000000000000e+04
2.871900000000000000e+04
2.787300000000000000e+04
2.681300000000000000e+04
2.510300000000000000e+04
2.314900000000000000e+04
2.071900000000000000e+04
1.856100000000000000e+04
1.633000000000000000e+04
1.407000000000000000e+04
1.167200000000000000e+04
9.896000000000000000e+03
8.035000000000000000e+03
6.594000000000000000e+03
5.163000000000000000e+03
3.936000000000000000e+03
3.048000000000000000e+03
2.243000000000000000e+03
1.639000000000000000e+03
1.135000000000000000e+03
7.990000000000000000e+02
4.740000000000000000e+02
3.470000000000000000e+02
2.120000000000000000e+02
1.220000000000000000e+02
8.200000000000000000e+01
3.500000000000000000e+01
2.200000000000000000e+01
9.000000000000000000e+00
1.400000000000000000e+01
5.000000000000000000e+00
2.000000000000000000e+00
0.000000000000000000e+00
