7.340000000000000000e+02
2.236000000000000000e+03
3.553000000000000000e+03
4.563000000000000000e+03
5.467000000000000000e+03
6.421000000000000000e+03
6.992000000000000000e+03
7.369000000000000000e+03
7.683000000000000000e+03
8.223000000000000000e+03
8.735000000000000000e+03
8.891000000000000000e+03
9.240000000000000000e+03
9.458000000000000000e+03
9.501000000000000000e+03
9.870000000000000000e+03
1.020200000000000000e+04
1.049100000000000000e+04
1.039200000000000000e+04
1.040100000000000000e+04
1.079000000000000000e+04
1.077000000000000000e+04
1.061000000000000000e+04
1.032600000000000000e+04
9.962000000000000000e+03
9.482000000000000000e+03
9.000000000000000000e+03
8.316000000000000000e+03
7.547000000000000000e+03
6.472000000000000000e+03
5.754000000000000000e+03
4.627000000000000000e+03
3.693000000000000000e+03
3.003000000000000000e+03
2.284000000000000000e+03
1.517000000000000000e+03
1.135000000000000000e+03
7.680000000000000000e+02
5.360000000000000000e+02
3.440000000000000000e+02
1.780000000000000000e+02
1.020000000000000000e+02
4.400000000000000000e+01
1.600000000000000000e+01
5.000000000000000000e+00
2.000000000000000000e+00
0.000000000000000000e+00
0.000000000000000000e+00
0.000000000000000000e+00
0.000000000000000000e+00
