0.000000000000000000e+00
1.000000000000000000e+00
4.000000000000000000e+00
3.000000000000000000e+00
2.000000000000000000e+00
5.000000000000000000e+00
7.000000000000000000e+00
1.700000000000000000e+01
2.700000000000000000e+01
2.400000000000000000e+01
3.600000000000000000e+01
4.400000000000000000e+01
7.100000000000000000e+01
8.000000000000000000e+01
9.700000000000000000e+01
1.470000000000000000e+02
1.460000000000000000e+02
2.100000000000000000e+02
2.600000000000000000e+02
2.900000000000000000e+02
4.050000000000000000e+02
4.850000000000000000e+02
5.210000000000000000e+02
6.730000000000000000e+02
8.150000000000000000e+02
9.200000000000000000e+02
1.117000000000000000e+03
1.224000000000000000e+03
1.451000000000000000e+03
1.707000000000000000e+03
1.925000000000000000e+03
2.148000000000000000e+03
2.394000000000000000e+03
2.706000000000000000e+03
2.918000000000000000e+03
3.478000000000000000e+03
3.715000000000000000e+03
4.265000000000000000e+03
4.668000000000000000e+03
5.117000000000000000e+03
5.564000000000000000e+03
5.934000000000000000e+03
6.254000000000000000e+03
6.530000000000000000e+03
6.847000000000000000e+03
7.254000000000000000e+03
7.529000000000000000e+03
7.689000000000000000e+03
7.963000000000000000e+03
7.773000000000000000e+03
7.703000000000000000e+03
7.639000000000000000e+03
7.263000000000000000e+03
7.285000000000000000e+03
6.921000000000000000e+03
6.560000000000000000e+03
6.412000000000000000e+03
5.813000000000000000e+03
5.432000000000000000e+03
5.018000000000000000e+03
4.707000000000000000e+03
4.344000000000000000e+03
3.850000000000000000e+03
3.502000000000000000e+03
3.158000000000000000e+03
2.766000000000000000e+03
2.373000000000000000e+03
2.173000000000000000e+03
1.772000000000000000e+03
1.539000000000000000e+03
1.354000000000000000e+03
1.066000000000000000e+03
8.950000000000000000e+02
7.510000000000000000e+02
5.600000000000000000e+02
5.210000000000000000e+02
4.140000000000000000e+02
2.810000000000000000e+02
2.330000000000000000e+02
1.680000000000000000e+02
1.280000000000000000e+02
8.500000000000000000e+01
6.900000000000000000e+01
4.500000000000000000e+01
3.300000000000000000e+01
2.000000000000000000e+01
1.200000000000000000e+01
7.000000000000000000e+00
3.000000000000000000e+00
2.000000000000000000e+00
1.000000000000000000e+00
0.000000000000000000e+00
1.000000000000000000e+00
0.000000000000000000e+00
0.000000000000000000e+00
0.000000000000000000e+00
0.000000000000000000e+00
0.000000000000000000e+00
0.000000000000000000e+00
1.000000000000000000e+00
