1.000000000000000000e+00
0.000000000000000000e+00
0.000000000000000000e+00
0.000000000000000000e+00
0.000000000000000000e+00
0.000000000000000000e+00
0.000000000000000000e+00
0.000000000000000000e+00
0.000000000000000000e+00
0.000000000000000000e+00
0.000000000000000000e+00
0.000000000000000000e+00
0.000000000000000000e+00
0.000000000000000000e+00
0.000000000000000000e+00
0.000000000000000000e+00
0.000000000000000000e+00
0.000000000000000000e+00
0.000000000000000000e+00
4.000000000000000000e+00
1.900000000000000000e+01
5.300000000000000000e+01
1.050000000000000000e+02
1.900000000000000000e+02
3.700000000000000000e+02
5.220000000000000000e+02
7.590000000000000000e+02
1.018000000000000000e+03
1.212000000000000000e+03
1.590000000000000000e+03
1.887000000000000000e+03
2.268000000000000000e+03
2.598000000000000000e+03
2.948000000000000000e+03
3.432000000000000000e+03
3.888000000000000000e+03
4.307000000000000000e+03
4.853000000000000000e+03
5.455000000000000000e+03
6.012000000000000000e+03
6.533000000000000000e+03
7.419000000000000000e+03
7.871000000000000000e+03
8.597000000000000000e+03
9.328000000000000000e+03
1.005900000000000000e+04
1.113800000000000000e+04
1.193400000000000000e+04
1.288500000000000000e+04
1.401600000000000000e+04
1.528800000000000000e+04
1.636000000000000000e+04
1.764400000000000000e+04
1.883900000000000000e+04
2.009700000000000000e+04
2.146000000000000000e+04
2.295600000000000000e+04
2.410500000000000000e+04
2.582200000000000000e+04
2.726500000000000000e+04
2.838300000000000000e+04
2.985000000000000000e+04
3.100200000000000000e+04
3.256300000000000000e+04
3.386800000000000000e+04
3.456900000000000000e+04
3.558900000000000000e+04
3.596500000000000000e+04
3.653500000000000000e+04
3.710600000000000000e+04
3.708800000000000000e+04
3.672000000000000000e+04
3.617300000000000000e+04
3.505200000000000000e+04
3.408900000000000000e+04
3.171900000000000000e+04
2.928800000000000000e+04
2.580300000000000000e+04
2.241700000000000000e+04
1.905500000000000000e+04
1.536900000000000000e+04
1.245900000000000000e+04
9.912000000000000000e+03
7.511000000000000000e+03
5.433000000000000000e+03
4.076000000000000000e+03
2.922000000000000000e+03
1.951000000000000000e+03
1.216000000000000000e+03
8.010000000000000000e+02
4.780000000000000000e+02
2.440000000000000000e+02
1.440000000000000000e+02
7.200000000000000000e+01
3.400000000000000000e+01
1.700000000000000000e+01
7.000000000000000000e+00
6.000000000000000000e+00
3.000000000000000000e+00
1.000000000000000000e+00
