1.243603232191880181e+00
1.304342425559748442e+00
1.368048199839823509e+00
1.434865446688064150e+00
1.504946134456662588e+00
1.578449653829057553e+00
1.655543180336211950e+00
1.736402054578652931e+00
1.821210181019050856e+00
1.910160446252342270e+00
2.003455157704710832e+00
2.101306503759192257e+00
2.203937036354411294e+00
2.311580177154066273e+00
2.424480748438387678e+00
2.542895529925021325e+00
2.667093842785768665e+00
2.797358162187457253e+00
2.933984759750105198e+00
3.077284377383571634e+00
3.227582934035265527e+00
3.385222266956322112e+00
3.550560909172193469e+00
3.723974904925887230e+00
3.905858664948540060e+00
4.096625863502481479e+00
4.296710379237073774e+00
4.506567281997149621e+00
4.726673867828455222e+00
4.957530744534117240e+00
5.199662970251062610e+00
5.453621247636028180e+00
5.719983176377113843e+00
5.999354566879674167e+00
6.292370818114281228e+00
6.599698362760616277e+00
6.922036182934010462e+00
7.260117399942086713e+00
7.614710941687134138e+00
7.986623291506590228e+00
8.376700322429178058e+00
8.785829221018436996e+00
9.214940505179340491e+00
9.665010140517122039e+00
1.013706176006187931e+01
1.063216899240736701e+01
1.115145790355909128e+01
1.169610955804546926e+01
1.226736270511696070e+01
1.286651659614263998e+01
1.349493393961205356e+01
1.415404400046322131e+01
1.484534585078584712e+01
1.557041177929305142e+01
1.633089086731611062e+01
1.712851273945548058e+01
1.796509149741842393e+01
1.884252984599034519e+01
1.976282342052396501e+01
2.072806532578866623e+01
2.174045089650309848e+01
2.280228269037834110e+01
2.391597572502782043e+01
2.508406297065469914e+01
2.630920111100918035e+01
2.759417658571842580e+01
2.894191192773178400e+01
3.035547241029499332e+01
3.183807301857117267e+01
3.339308576176490817e+01
3.502404734237993722e+01
3.673466720005329478e+01
3.852883594826065661e+01
4.041063422308145903e+01
4.238434196414915789e+01
4.445444814889498986e+01
4.662566100222486654e+01
4.890291870485025783e+01
5.129140062462766281e+01
5.379653909645127641e+01
5.642403177749092436e+01
5.917985460587591717e+01
6.207027539229763136e+01
6.510186807544361898e+01
6.828152767368571574e+01
7.161648596702785596e+01
7.511432794498065846e+01
7.878300905777120988e+01
8.263087331012474124e+01
8.666667223876979165e+01
9.089958481682917579e+01
9.533923833036749329e+01
9.999573027457621777e+01
1.048796513193967144e+02
1.100021093968139354e+02
1.153747549646050032e+02
1.210098075040022252e+02
1.269200833115357199e+02
1.331190246482657642e+02
1.396207303127019372e+02
