7.260000000000000000e+02
2.153000000000000000e+03
3.515000000000000000e+03
4.584000000000000000e+03
5.441000000000000000e+03
6.156000000000000000e+03
6.886000000000000000e+03
7.319000000000000000e+03
7.603000000000000000e+03
8.218000000000000000e+03
8.474000000000000000e+03
8.785000000000000000e+03
9.205000000000000000e+03
9.206000000000000000e+03
9.459000000000000000e+03
9.674000000000000000e+03
9.971000000000000000e+03
1.029500000000000000e+04
1.019500000000000000e+04
1.024100000000000000e+04
1.053200000000000000e+04
1.046000000000000000e+04
1.036000000000000000e+04
9.924000000000000000e+03
9.573000000000000000e+03
9.299000000000000000e+03
8.787000000000000000e+03
8.189000000000000000e+03
7.299000000000000000e+03
6.446000000000000000e+03
5.506000000000000000e+03
4.566000000000000000e+03
3.742000000000000000e+03
2.896000000000000000e+03
2.163000000000000000e+03
1.436000000000000000e+03
1.113000000000000000e+03
7.310000000000000000e+02
5.300000000000000000e+02
3.370000000000000000e+02
1.820000000000000000e+02
9.800000000000000000e+01
5.000000000000000000e+01
2.600000000000000000e+01
5.000000000000000000e+00
0.000000000000000000e+00
0.000000000000000000e+00
0.000000000000000000e+00
0.000000000000000000e+00
0.000000000000000000e+00
