7.120000000000000000e+02
2.019000000000000000e+03
3.248000000000000000e+03
4.217000000000000000e+03
5.155000000000000000e+03
6.019000000000000000e+03
6.580000000000000000e+03
6.855000000000000000e+03
7.395000000000000000e+03
7.551000000000000000e+03
7.961000000000000000e+03
8.193000000000000000e+03
8.518000000000000000e+03
8.841000000000000000e+03
9.025000000000000000e+03
9.233000000000000000e+03
9.495000000000000000e+03
9.575000000000000000e+03
9.788000000000000000e+03
9.836000000000000000e+03
9.746000000000000000e+03
9.909000000000000000e+03
9.785000000000000000e+03
9.632000000000000000e+03
9.313000000000000000e+03
8.964000000000000000e+03
8.248000000000000000e+03
7.732000000000000000e+03
7.013000000000000000e+03
6.161000000000000000e+03
5.266000000000000000e+03
4.491000000000000000e+03
3.545000000000000000e+03
2.756000000000000000e+03
2.047000000000000000e+03
1.437000000000000000e+03
1.057000000000000000e+03
7.380000000000000000e+02
5.200000000000000000e+02
2.970000000000000000e+02
1.760000000000000000e+02
9.800000000000000000e+01
4.900000000000000000e+01
2.000000000000000000e+01
7.000000000000000000e+00
0.000000000000000000e+00
0.000000000000000000e+00
0.000000000000000000e+00
0.000000000000000000e+00
0.000000000000000000e+00
