1.030130517400617229e+00
1.080060117329227909e+00
1.132409764918713257e+00
1.187296757938117953e+00
1.244844079485269317e+00
1.305180673550103920e+00
1.368441733934326887e+00
1.434769007174775401e+00
1.504311110149234354e+00
1.577223863076352428e+00
1.653670638655794889e+00
1.733822728130942181e+00
1.817859725094350676e+00
1.905969927895959648e+00
1.998350761555699906e+00
2.095209220125865190e+00
2.196762330494438586e+00
2.303237638668590659e+00
2.414873719627949278e+00
2.531920711890045528e+00
2.654640877985725567e+00
2.783309192100349883e+00
2.918213956197490244e+00
3.059657446005650261e+00
3.207956588315444613e+00
3.363443671104828780e+00
3.526467088083525159e+00
3.697392119324928839e+00
3.876601749734603253e+00
4.064497527189304016e+00
4.261500462269292022e+00
4.468051971599975580e+00
4.684614866916538389e+00
4.911674392067757466e+00
5.149739310282554605e+00
5.399343044135488157e+00
5.661044870765452153e+00
5.935431175025681405e+00
6.223116763372914306e+00
6.524746241439722816e+00
6.840995458376663230e+00
7.172573021200532750e+00
7.520221882541871850e+00
7.884721005349312861e+00
8.266887108280812413e+00
8.667576495692610905e+00
9.087686976326256882e+00
9.528159874992896405e+00
9.989982141762245860e+00
1.047418856338228466e+01
1.098186408188468732e+01
1.151414622557118506e+01
1.207222765782790219e+01
1.265735884947868684e+01
1.327085088066521124e+01
1.391407837853204121e+01
1.458848259729887431e+01
1.529557464762142160e+01
1.603693888247685351e+01
1.681423644716035426e+01
1.762920900134718494e+01
1.848368262156011355e+01
1.937957189278631631e+01
2.031888419841162730e+01
2.130372421808450767e+01
2.233629864358785966e+01
2.341892112328534381e+01
2.455401744622107429e+01
2.574413097748845658e+01
2.699192835704698723e+01
2.830020547475609760e+01
2.967189373501421557e+01
3.111006662503971398e+01
3.261794660151124958e+01
3.419891231099801843e+01
3.585650616035849225e+01
3.759444225407020923e+01
3.941661471627578095e+01
4.132710641619156178e+01
4.333019811643005426e+01
4.543037806473404316e+01
4.763235205061446464e+01
4.994105394942541665e+01
5.236165677750204139e+01
5.489958428313205019e+01
5.756052309933239997e+01
6.035043548566113714e+01
6.327557268761496090e+01
6.634248894354573167e+01
6.955805617048120837e+01
7.292947936175562518e+01
7.646431273095114989e+01
8.017047663832309468e+01
8.405627533763565395e+01
8.813041558317225110e+01
9.240202613861286807e+01
9.688067823149104640e+01
1.015764069990619731e+02
1.064997339736345623e+02
1.116616906577496309e+02
