0.000000000000000000e+00
1.000000000000000000e+00
0.000000000000000000e+00
0.000000000000000000e+00
1.000000000000000000e+00
3.000000000000000000e+00
1.200000000000000000e+01
2.800000000000000000e+01
5.000000000000000000e+01
1.250000000000000000e+02
2.080000000000000000e+02
2.810000000000000000e+02
3.850000000000000000e+02
5.690000000000000000e+02
7.700000000000000000e+02
9.340000000000000000e+02
1.180000000000000000e+03
1.372000000000000000e+03
1.650000000000000000e+03
1.801000000000000000e+03
2.106000000000000000e+03
2.392000000000000000e+03
2.565000000000000000e+03
3.022000000000000000e+03
3.299000000000000000e+03
3.646000000000000000e+03
3.888000000000000000e+03
4.302000000000000000e+03
4.732000000000000000e+03
5.081000000000000000e+03
5.543000000000000000e+03
5.926000000000000000e+03
6.447000000000000000e+03
6.894000000000000000e+03
7.307000000000000000e+03
7.803000000000000000e+03
8.766000000000000000e+03
9.227000000000000000e+03
9.778000000000000000e+03
1.066000000000000000e+04
1.120100000000000000e+04
1.185500000000000000e+04
1.302300000000000000e+04
1.379900000000000000e+04
1.449900000000000000e+04
1.545200000000000000e+04
1.648800000000000000e+04
1.736600000000000000e+04
1.784200000000000000e+04
1.932600000000000000e+04
1.992500000000000000e+04
2.119600000000000000e+04
2.206100000000000000e+04
2.291400000000000000e+04
2.391000000000000000e+04
2.435200000000000000e+04
2.581200000000000000e+04
2.638100000000000000e+04
2.723300000000000000e+04
2.768500000000000000e+04
2.854700000000000000e+04
2.863700000000000000e+04
2.925500000000000000e+04
2.966300000000000000e+04
3.000100000000000000e+04
2.977400000000000000e+04
2.974400000000000000e+04
2.941800000000000000e+04
2.862400000000000000e+04
2.811500000000000000e+04
2.692200000000000000e+04
2.569900000000000000e+04
2.404300000000000000e+04
2.181200000000000000e+04
1.962100000000000000e+04
1.743200000000000000e+04
1.510600000000000000e+04
1.265600000000000000e+04
1.081600000000000000e+04
8.793000000000000000e+03
7.207000000000000000e+03
5.750000000000000000e+03
4.371000000000000000e+03
3.363000000000000000e+03
2.525000000000000000e+03
1.834000000000000000e+03
1.296000000000000000e+03
9.020000000000000000e+02
5.630000000000000000e+02
3.750000000000000000e+02
2.430000000000000000e+02
1.370000000000000000e+02
7.700000000000000000e+01
4.700000000000000000e+01
3.100000000000000000e+01
1.100000000000000000e+01
8.000000000000000000e+00
4.000000000000000000e+00
3.000000000000000000e+00
0.000000000000000000e+00
