6.960000000000000000e+02
2.023000000000000000e+03
3.246000000000000000e+03
4.182000000000000000e+03
5.195000000000000000e+03
5.917000000000000000e+03
6.498000000000000000e+03
6.984000000000000000e+03
7.240000000000000000e+03
7.698000000000000000e+03
8.092000000000000000e+03
8.208000000000000000e+03
8.531000000000000000e+03
8.892000000000000000e+03
9.069000000000000000e+03
9.218000000000000000e+03
9.421000000000000000e+03
9.584000000000000000e+03
9.759000000000000000e+03
9.895000000000000000e+03
9.741000000000000000e+03
9.897000000000000000e+03
9.774000000000000000e+03
9.583000000000000000e+03
9.242000000000000000e+03
8.918000000000000000e+03
8.138000000000000000e+03
7.838000000000000000e+03
6.901000000000000000e+03
6.207000000000000000e+03
5.249000000000000000e+03
4.463000000000000000e+03
3.509000000000000000e+03
2.793000000000000000e+03
2.037000000000000000e+03
1.328000000000000000e+03
1.064000000000000000e+03
7.340000000000000000e+02
4.910000000000000000e+02
2.990000000000000000e+02
1.740000000000000000e+02
9.300000000000000000e+01
5.200000000000000000e+01
2.200000000000000000e+01
8.000000000000000000e+00
0.000000000000000000e+00
0.000000000000000000e+00
0.000000000000000000e+00
0.000000000000000000e+00
0.000000000000000000e+00
