0.000000000000000000e+00
3.000000000000000000e+00
3.000000000000000000e+00
3.000000000000000000e+00
7.000000000000000000e+00
1.100000000000000000e+01
2.100000000000000000e+01
2.300000000000000000e+01
2.800000000000000000e+01
3.800000000000000000e+01
4.900000000000000000e+01
5.700000000000000000e+01
7.100000000000000000e+01
9.900000000000000000e+01
1.150000000000000000e+02
1.290000000000000000e+02
1.850000000000000000e+02
2.020000000000000000e+02
2.630000000000000000e+02
3.410000000000000000e+02
4.080000000000000000e+02
4.900000000000000000e+02
5.290000000000000000e+02
6.720000000000000000e+02
8.190000000000000000e+02
9.240000000000000000e+02
1.068000000000000000e+03
1.239000000000000000e+03
1.486000000000000000e+03
1.700000000000000000e+03
1.990000000000000000e+03
2.264000000000000000e+03
2.525000000000000000e+03
2.886000000000000000e+03
3.084000000000000000e+03
3.435000000000000000e+03
3.876000000000000000e+03
4.311000000000000000e+03
4.607000000000000000e+03
5.061000000000000000e+03
5.590000000000000000e+03
5.996000000000000000e+03
6.464000000000000000e+03
6.965000000000000000e+03
7.443000000000000000e+03
7.579000000000000000e+03
8.192000000000000000e+03
8.566000000000000000e+03
8.736000000000000000e+03
8.766000000000000000e+03
8.849000000000000000e+03
9.014000000000000000e+03
8.886000000000000000e+03
8.866000000000000000e+03
8.649000000000000000e+03
8.330000000000000000e+03
7.942000000000000000e+03
7.675000000000000000e+03
7.221000000000000000e+03
7.124000000000000000e+03
6.541000000000000000e+03
6.096000000000000000e+03
5.692000000000000000e+03
5.203000000000000000e+03
4.789000000000000000e+03
4.484000000000000000e+03
4.094000000000000000e+03
3.569000000000000000e+03
3.207000000000000000e+03
2.902000000000000000e+03
2.629000000000000000e+03
2.169000000000000000e+03
1.976000000000000000e+03
1.617000000000000000e+03
1.436000000000000000e+03
1.161000000000000000e+03
1.018000000000000000e+03
8.270000000000000000e+02
6.590000000000000000e+02
5.800000000000000000e+02
4.500000000000000000e+02
3.760000000000000000e+02
2.880000000000000000e+02
1.980000000000000000e+02
1.840000000000000000e+02
1.020000000000000000e+02
9.500000000000000000e+01
6.500000000000000000e+01
4.700000000000000000e+01
4.200000000000000000e+01
2.300000000000000000e+01
1.800000000000000000e+01
8.000000000000000000e+00
8.000000000000000000e+00
7.000000000000000000e+00
2.000000000000000000e+00
1.000000000000000000e+00
0.000000000000000000e+00
2.000000000000000000e+00
0.000000000000000000e+00
