0.000000000000000000e+00
1.000000000000000000e+00
0.000000000000000000e+00
0.000000000000000000e+00
2.000000000000000000e+00
1.000000000000000000e+00
4.000000000000000000e+00
2.000000000000000000e+00
6.000000000000000000e+00
6.000000000000000000e+00
1.400000000000000000e+01
2.100000000000000000e+01
1.800000000000000000e+01
2.200000000000000000e+01
3.500000000000000000e+01
4.700000000000000000e+01
5.900000000000000000e+01
7.600000000000000000e+01
1.010000000000000000e+02
1.300000000000000000e+02
1.690000000000000000e+02
1.930000000000000000e+02
2.260000000000000000e+02
3.140000000000000000e+02
3.870000000000000000e+02
4.520000000000000000e+02
5.330000000000000000e+02
6.460000000000000000e+02
7.830000000000000000e+02
8.700000000000000000e+02
1.036000000000000000e+03
1.196000000000000000e+03
1.393000000000000000e+03
1.589000000000000000e+03
1.902000000000000000e+03
2.016000000000000000e+03
2.359000000000000000e+03
2.631000000000000000e+03
2.969000000000000000e+03
3.344000000000000000e+03
3.662000000000000000e+03
4.050000000000000000e+03
4.596000000000000000e+03
4.989000000000000000e+03
5.407000000000000000e+03
5.852000000000000000e+03
6.202000000000000000e+03
6.566000000000000000e+03
6.855000000000000000e+03
7.281000000000000000e+03
7.512000000000000000e+03
7.723000000000000000e+03
8.069000000000000000e+03
7.998000000000000000e+03
8.007000000000000000e+03
7.681000000000000000e+03
7.984000000000000000e+03
7.497000000000000000e+03
7.274000000000000000e+03
6.965000000000000000e+03
6.600000000000000000e+03
6.357000000000000000e+03
5.921000000000000000e+03
5.408000000000000000e+03
5.082000000000000000e+03
4.700000000000000000e+03
4.327000000000000000e+03
3.807000000000000000e+03
3.453000000000000000e+03
3.133000000000000000e+03
2.750000000000000000e+03
2.368000000000000000e+03
2.105000000000000000e+03
1.843000000000000000e+03
1.493000000000000000e+03
1.328000000000000000e+03
1.139000000000000000e+03
8.780000000000000000e+02
7.340000000000000000e+02
5.990000000000000000e+02
4.870000000000000000e+02
3.860000000000000000e+02
3.260000000000000000e+02
2.220000000000000000e+02
1.590000000000000000e+02
1.360000000000000000e+02
8.800000000000000000e+01
6.400000000000000000e+01
5.600000000000000000e+01
3.200000000000000000e+01
2.700000000000000000e+01
1.700000000000000000e+01
7.000000000000000000e+00
6.000000000000000000e+00
4.000000000000000000e+00
3.000000000000000000e+00
2.000000000000000000e+00
0.000000000000000000e+00
0.000000000000000000e+00
1.000000000000000000e+00
