1.223096830150668168e+00
1.281465502984627802e+00
1.342619647814274453e+00
1.406692193038730387e+00
1.473822410671171479e+00
1.544156219069012126e+00
1.617846500110996955e+00
1.695053431510625375e+00
1.775944834988252508e+00
1.860696541058670883e+00
1.949492771227099519e+00
2.042526538424343396e+00
2.140000066551535962e+00
2.242125230046409179e+00
2.349124014426566376e+00
2.461228998810813806e+00
2.578683861467391480e+00
2.701743909488006246e+00
2.830676633738973713e+00
2.965762290295773873e+00
3.107294509624839662e+00
3.255580934836741935e+00
3.410943890398121070e+00
3.573721082755914491e+00
3.744266334396790796e+00
3.922950352937411900e+00
4.110161536917231295e+00
4.306306820045382011e+00
4.511812555736738339e+00
4.727125443859837794e+00
4.952713501711113686e+00
5.189067081325984709e+00
5.436699935338103806e+00
5.696150333703594804e+00
5.967982233717627594e+00
6.252786505866578359e+00
6.551182218180349182e+00
6.863817981876604080e+00
7.191373361221879534e+00
7.534560350674142093e+00
7.894124922517606002e+00
8.270848648353833710e+00
8.665550397973683872e+00
9.079088119302916482e+00
9.512360703290404729e+00
9.966309937792610540e+00
1.044192255470144204e+01
1.094023237476519128e+01
1.146232255476467365e+01
1.200932794192928199e+01
1.258243754071048670e+01
1.318289709727477543e+01
1.381201180733399880e+01
1.447114915319872352e+01
1.516174187622167047e+01
1.588529109109218496e+01
1.664336954875114216e+01
1.743762505501884164e+01
1.826978405236681979e+01
1.914165537261897043e+01
2.005513416873944266e+01
2.101220603425326061e+01
2.201495131925411641e+01
2.306554965238101218e+01
2.416628467859267815e+01
2.531954902303819566e+01
2.652784949181388185e+01
2.779381252091068077e+01
2.912018988519638185e+01
3.050986467984237649e+01
3.196585758719604797e+01
3.349133344272102875e+01
3.508960811427784421e+01
3.676415570969745517e+01
3.851861612831511650e+01
4.035680297287881046e+01
4.228271183902996455e+01
4.430052900037515684e+01
4.641464050802719044e+01
4.862964172439463795e+01
5.095034731194341049e+01
5.338180169864239133e+01
5.592929004284123806e+01
5.859834972141474196e+01
6.139478236614483819e+01
6.432466647450299035e+01
6.739437062224517661e+01
7.061056730653866964e+01
7.398024744971095856e+01
7.751073559514715328e+01
8.120970582836692131e+01
8.508519845788678992e+01
8.914563749212834409e+01
9.339984895035927082e+01
9.785708004746967958e+01
1.025270192942860774e+02
1.074198175571122107e+02
1.125461101222742997e+02
1.179170398136320586e+02
1.235442812133035773e+02
