0.000000000000000000e+00
1.000000000000000000e+00
2.000000000000000000e+00
5.000000000000000000e+00
7.000000000000000000e+00
3.000000000000000000e+00
9.000000000000000000e+00
1.100000000000000000e+01
9.000000000000000000e+00
3.000000000000000000e+01
3.300000000000000000e+01
4.100000000000000000e+01
5.100000000000000000e+01
7.400000000000000000e+01
7.000000000000000000e+01
9.700000000000000000e+01
1.320000000000000000e+02
1.480000000000000000e+02
1.770000000000000000e+02
1.880000000000000000e+02
2.260000000000000000e+02
3.270000000000000000e+02
3.940000000000000000e+02
4.600000000000000000e+02
5.480000000000000000e+02
6.500000000000000000e+02
7.320000000000000000e+02
8.260000000000000000e+02
9.510000000000000000e+02
1.074000000000000000e+03
1.242000000000000000e+03
1.370000000000000000e+03
1.585000000000000000e+03
1.721000000000000000e+03
2.002000000000000000e+03
2.243000000000000000e+03
2.456000000000000000e+03
2.703000000000000000e+03
2.988000000000000000e+03
3.323000000000000000e+03
3.602000000000000000e+03
3.906000000000000000e+03
4.304000000000000000e+03
4.514000000000000000e+03
4.787000000000000000e+03
5.186000000000000000e+03
5.447000000000000000e+03
5.647000000000000000e+03
6.063000000000000000e+03
6.046000000000000000e+03
6.340000000000000000e+03
6.436000000000000000e+03
6.532000000000000000e+03
6.447000000000000000e+03
6.382000000000000000e+03
6.380000000000000000e+03
6.154000000000000000e+03
6.007000000000000000e+03
5.739000000000000000e+03
5.728000000000000000e+03
5.394000000000000000e+03
4.874000000000000000e+03
4.754000000000000000e+03
4.378000000000000000e+03
3.987000000000000000e+03
3.748000000000000000e+03
3.513000000000000000e+03
3.244000000000000000e+03
2.882000000000000000e+03
2.571000000000000000e+03
2.320000000000000000e+03
2.039000000000000000e+03
1.825000000000000000e+03
1.607000000000000000e+03
1.422000000000000000e+03
1.219000000000000000e+03
9.870000000000000000e+02
8.090000000000000000e+02
7.040000000000000000e+02
5.490000000000000000e+02
4.630000000000000000e+02
3.800000000000000000e+02
3.220000000000000000e+02
2.370000000000000000e+02
1.870000000000000000e+02
1.480000000000000000e+02
9.300000000000000000e+01
7.200000000000000000e+01
7.600000000000000000e+01
4.300000000000000000e+01
3.200000000000000000e+01
2.200000000000000000e+01
1.200000000000000000e+01
1.400000000000000000e+01
5.000000000000000000e+00
4.000000000000000000e+00
0.000000000000000000e+00
1.000000000000000000e+00
4.000000000000000000e+00
0.000000000000000000e+00
