1.190113267055149526e+00
1.250142581698354904e+00
1.313199775045449824e+00
1.379437573301955489e+00
1.449016406183385008e+00
1.522104795480299089e+00
1.598879763222579076e+00
1.679527260431509905e+00
1.764242617498117172e+00
1.853231017278588633e+00
1.946707992052628011e+00
2.044899945548390718e+00
2.148044701298356784e+00
2.256392078654275046e+00
2.370204497856300829e+00
2.489757615621824183e+00
2.615340992793396602e+00
2.747258795662820940e+00
2.885830532670030202e+00
3.031391828261057686e+00
3.184295235779403654e+00
3.344911091359647148e+00
3.513628410891445064e+00
3.690855832226403344e+00
3.877022604909866388e+00
4.072579629834761406e+00
4.278000551335615853e+00
4.493782904367757070e+00
4.720449319550277245e+00
4.958548788991330447e+00
5.208657995961670117e+00
5.471382711636940677e+00
5.747359262291616311e+00
6.037256070498240312e+00
6.341775274064722190e+00
6.661654426630871484e+00
6.997668284042976694e+00
7.350630680833169173e+00
7.721396501348375629e+00
8.110863750303012765e+00
8.519975727770404461e+00
8.949723313880708631e+00
9.401147368759076528e+00
9.875341253516623397e+00
1.037345347840025767e+01
1.089669048451514577e+01
1.144631956585726051e+01
1.202367193873328333e+01
1.263014596600201678e+01
1.326721054394661081e+01
1.393640865998048639e+01
1.463936112980408843e+01
1.537777052306379133e+01
1.615342528702100466e+01
1.696820407821917343e+01
1.782408031264007775e+01
1.872312694537008326e+01
1.966752149135258421e+01
2.065955129938739532e+01
2.170161909215059381e+01
2.279624878565298474e+01
2.394609160223200917e+01
2.515393249188304381e+01
2.642269687748266804e+01
2.775545774024091017e+01
2.915544306254376039e+01
3.062604364621272879e+01
3.217082132511735182e+01
3.379351759203186134e+01
3.549806266063057336e+01
3.728858498457039872e+01
3.916942125671571517e+01
4.114512691272424405e+01
4.322048716443383398e+01
4.540052858977339412e+01
4.769053130726857859e+01
5.009604176462993053e+01
5.262288617239733668e+01
5.527718461517744686e+01
5.806536587465187438e+01
6.099418300025806872e+01
6.407072966525552715e+01
6.730245734779144584e+01
7.069719337857988251e+01
7.426315989890574087e+01
7.800899377487034769e+01
8.194376751611170562e+01
8.607701124966493467e+01
9.041873580218472739e+01
9.497945694643418335e+01
9.977022087076747425e+01
1.048026309332929173e+02
1.100888757655158656e+02
1.156417587935300588e+02
1.214747292482562671e+02
1.276019147398399980e+02
1.340381554750998419e+02
1.407990402009035336e+02
1.479009439605307819e+02
1.553610677544642442e+02
