0.000000000000000000e+00
1.000000000000000000e+00
0.000000000000000000e+00
1.000000000000000000e+00
2.000000000000000000e+00
8.000000000000000000e+00
3.000000000000000000e+01
5.200000000000000000e+01
9.600000000000000000e+01
1.650000000000000000e+02
2.690000000000000000e+02
3.540000000000000000e+02
5.470000000000000000e+02
6.460000000000000000e+02
8.300000000000000000e+02
9.440000000000000000e+02
1.113000000000000000e+03
1.382000000000000000e+03
1.486000000000000000e+03
1.733000000000000000e+03
1.985000000000000000e+03
2.245000000000000000e+03
2.536000000000000000e+03
2.741000000000000000e+03
2.993000000000000000e+03
3.346000000000000000e+03
3.570000000000000000e+03
3.925000000000000000e+03
4.191000000000000000e+03
4.624000000000000000e+03
5.089000000000000000e+03
5.516000000000000000e+03
5.755000000000000000e+03
6.214000000000000000e+03
6.635000000000000000e+03
7.096000000000000000e+03
7.697000000000000000e+03
8.245000000000000000e+03
8.960000000000000000e+03
9.617000000000000000e+03
1.024100000000000000e+04
1.071800000000000000e+04
1.135600000000000000e+04
1.208800000000000000e+04
1.274100000000000000e+04
1.361000000000000000e+04
1.431700000000000000e+04
1.499200000000000000e+04
1.553900000000000000e+04
1.651100000000000000e+04
1.705600000000000000e+04
1.799500000000000000e+04
1.867800000000000000e+04
1.944400000000000000e+04
2.002100000000000000e+04
2.104000000000000000e+04
2.144500000000000000e+04
2.207500000000000000e+04
2.241900000000000000e+04
2.317400000000000000e+04
2.371200000000000000e+04
2.401100000000000000e+04
2.441300000000000000e+04
2.469000000000000000e+04
2.470300000000000000e+04
2.484800000000000000e+04
2.453600000000000000e+04
2.410200000000000000e+04
2.410500000000000000e+04
2.323700000000000000e+04
2.251500000000000000e+04
2.155400000000000000e+04
2.052400000000000000e+04
1.888700000000000000e+04
1.677400000000000000e+04
1.498200000000000000e+04
1.299000000000000000e+04
1.108600000000000000e+04
9.385000000000000000e+03
7.664000000000000000e+03
6.203000000000000000e+03
4.802000000000000000e+03
3.784000000000000000e+03
2.848000000000000000e+03
2.131000000000000000e+03
1.525000000000000000e+03
9.720000000000000000e+02
6.920000000000000000e+02
4.650000000000000000e+02
2.910000000000000000e+02
1.820000000000000000e+02
8.700000000000000000e+01
4.800000000000000000e+01
4.500000000000000000e+01
2.100000000000000000e+01
1.100000000000000000e+01
2.000000000000000000e+00
1.000000000000000000e+00
5.000000000000000000e+00
0.000000000000000000e+00
