0.000000000000000000e+00
3.000000000000000000e+00
5.000000000000000000e+00
3.000000000000000000e+00
9.000000000000000000e+00
1.100000000000000000e+01
1.200000000000000000e+01
2.300000000000000000e+01
3.000000000000000000e+01
3.300000000000000000e+01
5.100000000000000000e+01
5.200000000000000000e+01
8.700000000000000000e+01
1.010000000000000000e+02
1.360000000000000000e+02
1.570000000000000000e+02
1.790000000000000000e+02
2.460000000000000000e+02
2.710000000000000000e+02
3.590000000000000000e+02
3.960000000000000000e+02
4.570000000000000000e+02
5.870000000000000000e+02
6.730000000000000000e+02
8.320000000000000000e+02
9.590000000000000000e+02
1.148000000000000000e+03
1.215000000000000000e+03
1.410000000000000000e+03
1.661000000000000000e+03
1.845000000000000000e+03
2.148000000000000000e+03
2.390000000000000000e+03
2.574000000000000000e+03
2.959000000000000000e+03
3.267000000000000000e+03
3.623000000000000000e+03
4.037000000000000000e+03
4.462000000000000000e+03
4.808000000000000000e+03
5.151000000000000000e+03
5.646000000000000000e+03
5.939000000000000000e+03
6.189000000000000000e+03
6.594000000000000000e+03
6.849000000000000000e+03
7.153000000000000000e+03
7.238000000000000000e+03
7.571000000000000000e+03
7.492000000000000000e+03
7.410000000000000000e+03
7.398000000000000000e+03
7.254000000000000000e+03
6.898000000000000000e+03
6.931000000000000000e+03
6.515000000000000000e+03
6.240000000000000000e+03
5.996000000000000000e+03
5.566000000000000000e+03
5.080000000000000000e+03
4.834000000000000000e+03
4.376000000000000000e+03
4.167000000000000000e+03
3.687000000000000000e+03
3.331000000000000000e+03
3.042000000000000000e+03
2.544000000000000000e+03
2.339000000000000000e+03
2.109000000000000000e+03
1.804000000000000000e+03
1.558000000000000000e+03
1.302000000000000000e+03
1.137000000000000000e+03
9.040000000000000000e+02
7.880000000000000000e+02
6.290000000000000000e+02
4.950000000000000000e+02
4.310000000000000000e+02
3.500000000000000000e+02
2.460000000000000000e+02
2.030000000000000000e+02
1.430000000000000000e+02
1.080000000000000000e+02
7.300000000000000000e+01
6.000000000000000000e+01
5.200000000000000000e+01
2.500000000000000000e+01
1.800000000000000000e+01
1.600000000000000000e+01
5.000000000000000000e+00
3.000000000000000000e+00
4.000000000000000000e+00
0.000000000000000000e+00
4.000000000000000000e+00
1.000000000000000000e+00
1.000000000000000000e+00
0.000000000000000000e+00
0.000000000000000000e+00
1.000000000000000000e+00
0.000000000000000000e+00
