0.000000000000000000e+00
1.000000000000000000e+00
0.000000000000000000e+00
0.000000000000000000e+00
0.000000000000000000e+00
1.000000000000000000e+00
1.000000000000000000e+00
1.000000000000000000e+01
2.700000000000000000e+01
7.200000000000000000e+01
1.140000000000000000e+02
1.880000000000000000e+02
3.070000000000000000e+02
4.200000000000000000e+02
6.050000000000000000e+02
8.300000000000000000e+02
1.049000000000000000e+03
1.227000000000000000e+03
1.374000000000000000e+03
1.693000000000000000e+03
2.051000000000000000e+03
2.311000000000000000e+03
2.488000000000000000e+03
2.779000000000000000e+03
3.274000000000000000e+03
3.575000000000000000e+03
3.899000000000000000e+03
4.231000000000000000e+03
4.750000000000000000e+03
5.118000000000000000e+03
5.691000000000000000e+03
6.140000000000000000e+03
6.418000000000000000e+03
6.969000000000000000e+03
7.510000000000000000e+03
8.051000000000000000e+03
8.633000000000000000e+03
9.563000000000000000e+03
1.008400000000000000e+04
1.074900000000000000e+04
1.141700000000000000e+04
1.230800000000000000e+04
1.328600000000000000e+04
1.422100000000000000e+04
1.514700000000000000e+04
1.597600000000000000e+04
1.697500000000000000e+04
1.803100000000000000e+04
1.881700000000000000e+04
2.019800000000000000e+04
2.088200000000000000e+04
2.210400000000000000e+04
2.326100000000000000e+04
2.432700000000000000e+04
2.523600000000000000e+04
2.623500000000000000e+04
2.734600000000000000e+04
2.831100000000000000e+04
2.928300000000000000e+04
2.999900000000000000e+04
3.070900000000000000e+04
3.137100000000000000e+04
3.165200000000000000e+04
3.205700000000000000e+04
3.233900000000000000e+04
3.253000000000000000e+04
3.233400000000000000e+04
3.192000000000000000e+04
3.141700000000000000e+04
3.031300000000000000e+04
2.945800000000000000e+04
2.775700000000000000e+04
2.605000000000000000e+04
2.333500000000000000e+04
2.092500000000000000e+04
1.835300000000000000e+04
1.565500000000000000e+04
1.302400000000000000e+04
1.087700000000000000e+04
8.918000000000000000e+03
7.191000000000000000e+03
5.476000000000000000e+03
4.237000000000000000e+03
3.173000000000000000e+03
2.402000000000000000e+03
1.687000000000000000e+03
1.120000000000000000e+03
7.920000000000000000e+02
5.190000000000000000e+02
3.280000000000000000e+02
1.720000000000000000e+02
1.140000000000000000e+02
6.000000000000000000e+01
3.500000000000000000e+01
1.300000000000000000e+01
1.100000000000000000e+01
4.000000000000000000e+00
6.000000000000000000e+00
2.000000000000000000e+00
0.000000000000000000e+00
