0.000000000000000000e+00
1.000000000000000000e+00
0.000000000000000000e+00
0.000000000000000000e+00
0.000000000000000000e+00
0.000000000000000000e+00
0.000000000000000000e+00
0.000000000000000000e+00
0.000000000000000000e+00
0.000000000000000000e+00
0.000000000000000000e+00
0.000000000000000000e+00
1.000000000000000000e+00
7.000000000000000000e+00
2.200000000000000000e+01
3.800000000000000000e+01
6.500000000000000000e+01
1.320000000000000000e+02
2.310000000000000000e+02
3.890000000000000000e+02
5.230000000000000000e+02
7.220000000000000000e+02
8.210000000000000000e+02
1.017000000000000000e+03
1.275000000000000000e+03
1.510000000000000000e+03
1.813000000000000000e+03
1.978000000000000000e+03
2.231000000000000000e+03
2.516000000000000000e+03
2.817000000000000000e+03
3.036000000000000000e+03
3.465000000000000000e+03
3.668000000000000000e+03
4.047000000000000000e+03
4.464000000000000000e+03
4.888000000000000000e+03
5.414000000000000000e+03
5.889000000000000000e+03
6.203000000000000000e+03
6.812000000000000000e+03
7.395000000000000000e+03
7.797000000000000000e+03
8.705000000000000000e+03
9.178000000000000000e+03
1.007400000000000000e+04
1.048900000000000000e+04
1.135000000000000000e+04
1.197000000000000000e+04
1.278700000000000000e+04
1.365200000000000000e+04
1.443100000000000000e+04
1.508500000000000000e+04
1.604700000000000000e+04
1.677600000000000000e+04
1.752800000000000000e+04
1.856000000000000000e+04
1.920900000000000000e+04
2.043500000000000000e+04
2.074800000000000000e+04
2.156100000000000000e+04
2.229400000000000000e+04
2.291100000000000000e+04
2.373900000000000000e+04
2.406900000000000000e+04
2.482900000000000000e+04
2.524700000000000000e+04
2.533300000000000000e+04
2.566100000000000000e+04
2.539700000000000000e+04
2.503800000000000000e+04
2.507200000000000000e+04
2.428600000000000000e+04
2.365400000000000000e+04
2.256000000000000000e+04
2.125100000000000000e+04
1.955800000000000000e+04
1.714100000000000000e+04
1.474900000000000000e+04
1.264800000000000000e+04
1.032600000000000000e+04
8.419000000000000000e+03
6.594000000000000000e+03
5.022000000000000000e+03
3.800000000000000000e+03
2.775000000000000000e+03
1.910000000000000000e+03
1.292000000000000000e+03
8.550000000000000000e+02
5.050000000000000000e+02
3.020000000000000000e+02
1.660000000000000000e+02
9.100000000000000000e+01
5.600000000000000000e+01
3.600000000000000000e+01
1.100000000000000000e+01
8.000000000000000000e+00
3.000000000000000000e+00
5.000000000000000000e+00
0.000000000000000000e+00
