0.000000000000000000e+00
1.000000000000000000e+00
0.000000000000000000e+00
0.000000000000000000e+00
0.000000000000000000e+00
0.000000000000000000e+00
0.000000000000000000e+00
0.000000000000000000e+00
0.000000000000000000e+00
1.000000000000000000e+00
6.000000000000000000e+00
1.900000000000000000e+01
5.500000000000000000e+01
9.600000000000000000e+01
1.480000000000000000e+02
2.390000000000000000e+02
3.680000000000000000e+02
5.610000000000000000e+02
6.150000000000000000e+02
8.260000000000000000e+02
9.590000000000000000e+02
1.141000000000000000e+03
1.366000000000000000e+03
1.619000000000000000e+03
1.782000000000000000e+03
2.003000000000000000e+03
2.305000000000000000e+03
2.560000000000000000e+03
2.680000000000000000e+03
3.002000000000000000e+03
3.321000000000000000e+03
3.719000000000000000e+03
4.073000000000000000e+03
4.357000000000000000e+03
4.760000000000000000e+03
5.115000000000000000e+03
5.568000000000000000e+03
6.062000000000000000e+03
6.430000000000000000e+03
7.047000000000000000e+03
7.562000000000000000e+03
7.971000000000000000e+03
8.698000000000000000e+03
9.114000000000000000e+03
9.963000000000000000e+03
1.063400000000000000e+04
1.117900000000000000e+04
1.184800000000000000e+04
1.250300000000000000e+04
1.345200000000000000e+04
1.393700000000000000e+04
1.465100000000000000e+04
1.506200000000000000e+04
1.598900000000000000e+04
1.665300000000000000e+04
1.743800000000000000e+04
1.820600000000000000e+04
1.887500000000000000e+04
1.927900000000000000e+04
2.012200000000000000e+04
2.064500000000000000e+04
2.113300000000000000e+04
2.141200000000000000e+04
2.226000000000000000e+04
2.247800000000000000e+04
2.271900000000000000e+04
2.297300000000000000e+04
2.336200000000000000e+04
2.283800000000000000e+04
2.293300000000000000e+04
2.239900000000000000e+04
2.197800000000000000e+04
2.133800000000000000e+04
2.066900000000000000e+04
1.925800000000000000e+04
1.783100000000000000e+04
1.605800000000000000e+04
1.410300000000000000e+04
1.199100000000000000e+04
1.011900000000000000e+04
8.607000000000000000e+03
6.655000000000000000e+03
5.374000000000000000e+03
4.107000000000000000e+03
3.041000000000000000e+03
2.244000000000000000e+03
1.592000000000000000e+03
1.063000000000000000e+03
7.200000000000000000e+02
4.340000000000000000e+02
3.000000000000000000e+02
1.340000000000000000e+02
8.800000000000000000e+01
6.200000000000000000e+01
3.100000000000000000e+01
1.200000000000000000e+01
8.000000000000000000e+00
1.000000000000000000e+00
4.000000000000000000e+00
0.000000000000000000e+00
