5.580000000000000000e+02
1.621000000000000000e+03
2.515000000000000000e+03
3.536000000000000000e+03
4.288000000000000000e+03
4.669000000000000000e+03
5.287000000000000000e+03
5.664000000000000000e+03
5.966000000000000000e+03
6.233000000000000000e+03
6.513000000000000000e+03
6.734000000000000000e+03
7.082000000000000000e+03
7.158000000000000000e+03
7.483000000000000000e+03
7.455000000000000000e+03
7.674000000000000000e+03
7.874000000000000000e+03
8.144000000000000000e+03
8.137000000000000000e+03
8.175000000000000000e+03
8.368000000000000000e+03
8.116000000000000000e+03
7.955000000000000000e+03
7.876000000000000000e+03
7.520000000000000000e+03
7.321000000000000000e+03
6.628000000000000000e+03
5.928000000000000000e+03
5.230000000000000000e+03
4.494000000000000000e+03
3.775000000000000000e+03
3.039000000000000000e+03
2.397000000000000000e+03
1.773000000000000000e+03
1.251000000000000000e+03
8.830000000000000000e+02
6.600000000000000000e+02
4.220000000000000000e+02
2.620000000000000000e+02
1.630000000000000000e+02
7.700000000000000000e+01
3.500000000000000000e+01
1.700000000000000000e+01
9.000000000000000000e+00
0.000000000000000000e+00
0.000000000000000000e+00
0.000000000000000000e+00
0.000000000000000000e+00
0.000000000000000000e+00
