0.000000000000000000e+00
1.000000000000000000e+00
1.000000000000000000e+00
0.000000000000000000e+00
0.000000000000000000e+00
0.000000000000000000e+00
2.000000000000000000e+00
1.000000000000000000e+00
1.100000000000000000e+01
3.000000000000000000e+01
6.400000000000000000e+01
1.320000000000000000e+02
2.210000000000000000e+02
3.360000000000000000e+02
4.840000000000000000e+02
6.050000000000000000e+02
7.760000000000000000e+02
9.960000000000000000e+02
1.210000000000000000e+03
1.419000000000000000e+03
1.623000000000000000e+03
1.860000000000000000e+03
2.088000000000000000e+03
2.423000000000000000e+03
2.711000000000000000e+03
2.903000000000000000e+03
3.231000000000000000e+03
3.594000000000000000e+03
3.958000000000000000e+03
4.398000000000000000e+03
4.685000000000000000e+03
4.991000000000000000e+03
5.591000000000000000e+03
5.916000000000000000e+03
6.451000000000000000e+03
6.835000000000000000e+03
7.465000000000000000e+03
7.934000000000000000e+03
8.656000000000000000e+03
9.289000000000000000e+03
1.007300000000000000e+04
1.079500000000000000e+04
1.124800000000000000e+04
1.210500000000000000e+04
1.316200000000000000e+04
1.367100000000000000e+04
1.449300000000000000e+04
1.527400000000000000e+04
1.598300000000000000e+04
1.718500000000000000e+04
1.785600000000000000e+04
1.893800000000000000e+04
1.942200000000000000e+04
2.074500000000000000e+04
2.156300000000000000e+04
2.232000000000000000e+04
2.312500000000000000e+04
2.385100000000000000e+04
2.462700000000000000e+04
2.501500000000000000e+04
2.583900000000000000e+04
2.635600000000000000e+04
2.671100000000000000e+04
2.723600000000000000e+04
2.757200000000000000e+04
2.749400000000000000e+04
2.739100000000000000e+04
2.703900000000000000e+04
2.647500000000000000e+04
2.625600000000000000e+04
2.521500000000000000e+04
2.416400000000000000e+04
2.278400000000000000e+04
2.077300000000000000e+04
1.896500000000000000e+04
1.660000000000000000e+04
1.427300000000000000e+04
1.215100000000000000e+04
1.002300000000000000e+04
8.155000000000000000e+03
6.474000000000000000e+03
5.204000000000000000e+03
3.796000000000000000e+03
2.952000000000000000e+03
2.050000000000000000e+03
1.458000000000000000e+03
9.560000000000000000e+02
6.540000000000000000e+02
3.910000000000000000e+02
2.550000000000000000e+02
1.430000000000000000e+02
8.300000000000000000e+01
4.100000000000000000e+01
2.600000000000000000e+01
1.700000000000000000e+01
1.100000000000000000e+01
2.000000000000000000e+00
3.000000000000000000e+00
1.000000000000000000e+00
0.000000000000000000e+00
