7.690000000000000000e+02
2.114000000000000000e+03
3.373000000000000000e+03
4.440000000000000000e+03
5.349000000000000000e+03
6.031000000000000000e+03
6.816000000000000000e+03
7.255000000000000000e+03
7.519000000000000000e+03
7.968000000000000000e+03
8.168000000000000000e+03
8.404000000000000000e+03
8.845000000000000000e+03
9.243000000000000000e+03
9.277000000000000000e+03
9.459000000000000000e+03
9.863000000000000000e+03
9.989000000000000000e+03
1.008200000000000000e+04
1.012900000000000000e+04
1.000700000000000000e+04
1.029700000000000000e+04
1.017200000000000000e+04
1.000400000000000000e+04
9.565000000000000000e+03
9.214000000000000000e+03
8.417000000000000000e+03
8.116000000000000000e+03
7.222000000000000000e+03
6.137000000000000000e+03
5.463000000000000000e+03
4.594000000000000000e+03
3.528000000000000000e+03
2.829000000000000000e+03
2.158000000000000000e+03
1.432000000000000000e+03
1.112000000000000000e+03
7.270000000000000000e+02
5.340000000000000000e+02
3.300000000000000000e+02
1.650000000000000000e+02
1.000000000000000000e+02
4.000000000000000000e+01
2.800000000000000000e+01
5.000000000000000000e+00
1.000000000000000000e+00
0.000000000000000000e+00
0.000000000000000000e+00
0.000000000000000000e+00
0.000000000000000000e+00
