0.000000000000000000e+00
2.000000000000000000e+00
4.000000000000000000e+00
2.000000000000000000e+00
1.900000000000000000e+01
1.100000000000000000e+01
9.000000000000000000e+00
8.000000000000000000e+00
4.400000000000000000e+01
5.200000000000000000e+01
5.200000000000000000e+01
7.900000000000000000e+01
9.500000000000000000e+01
1.160000000000000000e+02
1.360000000000000000e+02
1.650000000000000000e+02
2.380000000000000000e+02
2.670000000000000000e+02
3.320000000000000000e+02
3.890000000000000000e+02
5.010000000000000000e+02
6.200000000000000000e+02
7.130000000000000000e+02
8.260000000000000000e+02
1.067000000000000000e+03
1.218000000000000000e+03
1.367000000000000000e+03
1.636000000000000000e+03
1.956000000000000000e+03
2.296000000000000000e+03
2.511000000000000000e+03
2.881000000000000000e+03
3.310000000000000000e+03
3.732000000000000000e+03
4.060000000000000000e+03
4.576000000000000000e+03
5.161000000000000000e+03
5.612000000000000000e+03
6.189000000000000000e+03
6.929000000000000000e+03
7.477000000000000000e+03
8.181000000000000000e+03
8.551000000000000000e+03
8.914000000000000000e+03
9.551000000000000000e+03
9.828000000000000000e+03
1.013200000000000000e+04
1.050000000000000000e+04
1.048700000000000000e+04
1.060900000000000000e+04
1.058700000000000000e+04
1.018100000000000000e+04
1.007700000000000000e+04
9.542000000000000000e+03
9.280000000000000000e+03
8.922000000000000000e+03
8.414000000000000000e+03
7.872000000000000000e+03
7.422000000000000000e+03
6.881000000000000000e+03
6.331000000000000000e+03
5.678000000000000000e+03
5.391000000000000000e+03
4.700000000000000000e+03
4.282000000000000000e+03
3.944000000000000000e+03
3.409000000000000000e+03
3.010000000000000000e+03
2.553000000000000000e+03
2.199000000000000000e+03
1.912000000000000000e+03
1.627000000000000000e+03
1.369000000000000000e+03
1.126000000000000000e+03
9.420000000000000000e+02
7.360000000000000000e+02
5.880000000000000000e+02
4.350000000000000000e+02
3.720000000000000000e+02
2.620000000000000000e+02
2.340000000000000000e+02
1.610000000000000000e+02
1.200000000000000000e+02
8.100000000000000000e+01
6.000000000000000000e+01
4.900000000000000000e+01
2.800000000000000000e+01
2.500000000000000000e+01
1.200000000000000000e+01
9.000000000000000000e+00
6.000000000000000000e+00
2.000000000000000000e+00
3.000000000000000000e+00
1.000000000000000000e+00
0.000000000000000000e+00
1.000000000000000000e+00
1.000000000000000000e+00
0.000000000000000000e+00
0.000000000000000000e+00
1.000000000000000000e+00
