1.271828334605929367e+00
1.334956663742495220e+00
1.401218423571819915e+00
1.470769144709723975e+00
1.543772077672299625e+00
1.620398576060019025e+00
1.700828498761524754e+00
1.785250632121163195e+00
1.873863133061179465e+00
1.966873994198673703e+00
2.064501532049053623e+00
2.166974899461896253e+00
2.274534623492020735e+00
2.387433169968271152e+00
2.505935536085165172e+00
2.630319872408366955e+00
2.760878135753941809e+00
2.897916774473865420e+00
3.041757447756273880e+00
3.192737780628835509e+00
3.351212156437373135e+00
3.517552548659872880e+00
3.692149394008321206e+00
3.875412508867724259e+00
4.067772051223390584e+00
4.269679530334334672e+00
4.481608866522712731e+00
4.704057503566845710e+00
4.937547576308864095e+00
5.182627136217597297e+00
5.439871437783355468e+00
5.709884288764063065e+00
5.993299467452063212e+00
6.290782210288226040e+00
6.603030773315072821e+00
6.930778071134052531e+00
7.274793397213895396e+00
7.635884229588008054e+00
8.014898126179252458e+00
8.412724714200864540e+00
8.830297778303062728e+00
9.268597452366641676e+00
9.728652520088209243e+00
1.021154282975700411e+01
1.071840182889133786e+01
1.125041922468388478e+01
1.180884377650066064e+01
1.239498622698805796e+01
1.301022237866802733e+01
1.365599632324283697e+01
1.433382383118911285e+01
1.504529590959757357e+01
1.579208253660915240e+01
1.657593658121318470e+01
1.739869791760839846e+01
1.826229774378367310e+01
1.916876311445552616e+01
2.012022169900197710e+01
2.111890677556053220e+01
2.216716247301290466e+01
2.326744927316011058e+01
2.442234978600291129e+01
2.563457481168362762e+01
2.690696970331757143e+01
2.824252104564941490e+01
2.964436366521062638e+01
3.111578798843214244e+01
3.266024776498363735e+01
3.428136817446762308e+01
3.598295433549628086e+01
3.776900023712422438e+01
3.964369811360061391e+01
4.161144828444537325e+01
4.367686948294664973e+01
4.584480969732205580e+01
4.812035754999077142e+01
5.050885424166600757e+01
5.301590608830272799e+01
5.564739768032848133e+01
5.840950569504389733e+01
6.130871339461391045e+01
6.435182584368018865e+01
6.754598588231276324e+01
7.089869089179317996e+01
7.441781039258300723e+01
7.811160451578216168e+01
8.198874339143505097e+01
8.605832749919258617e+01
9.032990902909666886e+01
9.481351430262729707e+01
9.951966730663733074e+01
1.044594143954152941e+02
1.096443502188572410e+02
1.150866449376058682e+02
1.207990727890387177e+02
1.267950420711520678e+02
1.330886266147236938e+02
1.396945988176239837e+02
1.466284643188137125e+02
1.539064983934164275e+02
