0.000000000000000000e+00
1.000000000000000000e+00
1.100000000000000000e+01
1.800000000000000000e+01
5.700000000000000000e+01
5.600000000000000000e+01
1.670000000000000000e+02
2.150000000000000000e+02
3.330000000000000000e+02
4.250000000000000000e+02
6.450000000000000000e+02
7.870000000000000000e+02
9.030000000000000000e+02
1.162000000000000000e+03
1.290000000000000000e+03
1.528000000000000000e+03
1.795000000000000000e+03
2.075000000000000000e+03
2.229000000000000000e+03
2.561000000000000000e+03
2.758000000000000000e+03
3.020000000000000000e+03
3.393000000000000000e+03
3.800000000000000000e+03
3.891000000000000000e+03
4.288000000000000000e+03
4.696000000000000000e+03
5.199000000000000000e+03
5.459000000000000000e+03
5.934000000000000000e+03
6.375000000000000000e+03
6.757000000000000000e+03
7.174000000000000000e+03
7.754000000000000000e+03
8.536000000000000000e+03
9.021000000000000000e+03
9.542000000000000000e+03
1.022800000000000000e+04
1.090600000000000000e+04
1.150400000000000000e+04
1.241200000000000000e+04
1.306000000000000000e+04
1.387600000000000000e+04
1.461900000000000000e+04
1.554800000000000000e+04
1.598000000000000000e+04
1.713100000000000000e+04
1.770400000000000000e+04
1.879200000000000000e+04
1.969700000000000000e+04
2.042100000000000000e+04
2.117500000000000000e+04
2.190400000000000000e+04
2.293700000000000000e+04
2.362300000000000000e+04
2.422400000000000000e+04
2.501500000000000000e+04
2.548900000000000000e+04
2.604500000000000000e+04
2.640800000000000000e+04
2.690400000000000000e+04
2.721400000000000000e+04
2.740500000000000000e+04
2.749500000000000000e+04
2.739200000000000000e+04
2.712200000000000000e+04
2.639400000000000000e+04
2.618800000000000000e+04
2.508700000000000000e+04
2.421500000000000000e+04
2.292700000000000000e+04
2.115600000000000000e+04
1.889300000000000000e+04
1.716000000000000000e+04
1.499700000000000000e+04
1.290800000000000000e+04
1.115900000000000000e+04
9.145000000000000000e+03
7.543000000000000000e+03
6.107000000000000000e+03
4.853000000000000000e+03
3.750000000000000000e+03
2.838000000000000000e+03
2.166000000000000000e+03
1.539000000000000000e+03
1.096000000000000000e+03
7.110000000000000000e+02
5.240000000000000000e+02
2.980000000000000000e+02
2.000000000000000000e+02
1.350000000000000000e+02
6.500000000000000000e+01
3.500000000000000000e+01
2.900000000000000000e+01
1.000000000000000000e+01
7.000000000000000000e+00
5.000000000000000000e+00
4.000000000000000000e+00
1.000000000000000000e+00
0.000000000000000000e+00
