2.500000000000000000e-01
2.512626262626262430e-01
2.525252525252525415e-01
2.537878787878787845e-01
2.550505050505050275e-01
2.563131313131313260e-01
2.575757575757575690e-01
2.588383838383838675e-01
2.601010101010101105e-01
2.613636363636363535e-01
2.626262626262626521e-01
2.638888888888888951e-01
2.651515151515151381e-01
2.664141414141414366e-01
2.676767676767676796e-01
2.689393939393939226e-01
2.702020202020202211e-01
2.714646464646464641e-01
2.727272727272727071e-01
2.739898989898990056e-01
2.752525252525252486e-01
2.765151515151514916e-01
2.777777777777777901e-01
2.790404040404040331e-01
2.803030303030302761e-01
2.815656565656565746e-01
2.828282828282828176e-01
2.840909090909091161e-01
2.853535353535353591e-01
2.866161616161616021e-01
2.878787878787879007e-01
2.891414141414141437e-01
2.904040404040403867e-01
2.916666666666666852e-01
2.929292929292929282e-01
2.941919191919192267e-01
2.954545454545454697e-01
2.967171717171717127e-01
2.979797979797980112e-01
2.992424242424242542e-01
3.005050505050504972e-01
3.017676767676767957e-01
3.030303030303030387e-01
3.042929292929292817e-01
3.055555555555555802e-01
3.068181818181818232e-01
3.080808080808080662e-01
3.093434343434343647e-01
3.106060606060606077e-01
3.118686868686868507e-01
3.131313131313131493e-01
3.143939393939393923e-01
3.156565656565656353e-01
3.169191919191919338e-01
3.181818181818181768e-01
3.194444444444444198e-01
3.207070707070707183e-01
3.219696969696969613e-01
3.232323232323232043e-01
3.244949494949495028e-01
3.257575757575757458e-01
3.270202020202020443e-01
3.282828282828282873e-01
3.295454545454545858e-01
3.308080808080808288e-01
3.320707070707070718e-01
3.333333333333333703e-01
3.345959595959596133e-01
3.358585858585858563e-01
3.371212121212121549e-01
3.383838383838383979e-01
3.396464646464646409e-01
3.409090909090909394e-01
3.421717171717171824e-01
3.434343434343434254e-01
3.446969696969697239e-01
3.459595959595959669e-01
3.472222222222222099e-01
3.484848484848485084e-01
3.497474747474747514e-01
3.510101010101009944e-01
3.522727272727272929e-01
3.535353535353535359e-01
3.547979797979797789e-01
3.560606060606060774e-01
3.573232323232323204e-01
3.585858585858585634e-01
3.598484848484848619e-01
3.611111111111111049e-01
3.623737373737374035e-01
3.636363636363636465e-01
3.648989898989898895e-01
3.661616161616161880e-01
3.674242424242424310e-01
3.686868686868687295e-01
3.699494949494949725e-01
3.712121212121212155e-01
3.724747474747475140e-01
3.737373737373737570e-01
3.750000000000000000e-01
