6.400000000000000133e-01
6.440404040404040797e-01
6.480808080808081462e-01
6.521212121212121016e-01
6.561616161616161680e-01
6.602020202020202344e-01
6.642424242424243008e-01
6.682828282828282562e-01
6.723232323232323226e-01
6.763636363636363891e-01
6.804040404040404555e-01
6.844444444444444109e-01
6.884848484848484773e-01
6.925252525252525437e-01
6.965656565656566102e-01
7.006060606060606766e-01
7.046464646464646320e-01
7.086868686868686984e-01
7.127272727272727648e-01
7.167676767676767202e-01
7.208080808080807866e-01
7.248484848484848531e-01
7.288888888888889195e-01
7.329292929292929859e-01
7.369696969696969413e-01
7.410101010101010077e-01
7.450505050505050741e-01
7.490909090909091406e-01
7.531313131313130960e-01
7.571717171717171624e-01
7.612121212121212288e-01
7.652525252525252952e-01
7.692929292929293617e-01
7.733333333333333171e-01
7.773737373737373835e-01
7.814141414141414499e-01
7.854545454545454053e-01
7.894949494949494717e-01
7.935353535353535381e-01
7.975757575757576046e-01
8.016161616161616710e-01
8.056565656565657374e-01
8.096969696969696928e-01
8.137373737373737592e-01
8.177777777777778256e-01
8.218181818181817810e-01
8.258585858585858475e-01
8.298989898989899139e-01
8.339393939393939803e-01
8.379797979797980467e-01
8.420202020202020021e-01
8.460606060606060685e-01
8.501010101010101350e-01
8.541414141414140904e-01
8.581818181818181568e-01
8.622222222222222232e-01
8.662626262626262896e-01
8.703030303030303561e-01
8.743434343434344225e-01
8.783838383838383779e-01
8.824242424242424443e-01
8.864646464646465107e-01
8.905050505050504661e-01
8.945454545454545325e-01
8.985858585858585990e-01
9.026262626262626654e-01
9.066666666666667318e-01
9.107070707070707982e-01
9.147474747474747536e-01
9.187878787878788200e-01
9.228282828282827754e-01
9.268686868686868419e-01
9.309090909090909083e-01
9.349494949494949747e-01
9.389898989898990411e-01
9.430303030303031075e-01
9.470707070707070629e-01
9.511111111111111294e-01
9.551515151515150848e-01
9.591919191919191512e-01
9.632323232323232176e-01
9.672727272727272840e-01
9.713131313131313505e-01
9.753535353535354169e-01
9.793939393939394833e-01
9.834343434343434387e-01
9.874747474747475051e-01
9.915151515151514605e-01
9.955555555555555269e-01
9.995959595959595934e-01
1.003636363636363660e+00
1.007676767676767726e+00
1.011717171717171793e+00
1.015757575757575637e+00
1.019797979797979703e+00
1.023838383838383770e+00
1.027878787878787836e+00
1.031919191919191903e+00
1.035959595959595969e+00
1.040000000000000036e+00
