-1.399999999999999911e+00
-1.391919191919191778e+00
-1.383838383838383645e+00
-1.375757575757575735e+00
-1.367676767676767602e+00
-1.359595959595959469e+00
-1.351515151515151336e+00
-1.343434343434343425e+00
-1.335353535353535293e+00
-1.327272727272727160e+00
-1.319191919191919027e+00
-1.311111111111111116e+00
-1.303030303030302983e+00
-1.294949494949494850e+00
-1.286868686868686718e+00
-1.278787878787878807e+00
-1.270707070707070674e+00
-1.262626262626262541e+00
-1.254545454545454408e+00
-1.246464646464646275e+00
-1.238383838383838365e+00
-1.230303030303030232e+00
-1.222222222222222099e+00
-1.214141414141413966e+00
-1.206060606060606055e+00
-1.197979797979797922e+00
-1.189898989898989790e+00
-1.181818181818181657e+00
-1.173737373737373524e+00
-1.165656565656565613e+00
-1.157575757575757480e+00
-1.149494949494949347e+00
-1.141414141414141437e+00
-1.133333333333333304e+00
-1.125252525252525171e+00
-1.117171717171717038e+00
-1.109090909090908905e+00
-1.101010101010100994e+00
-1.092929292929292862e+00
-1.084848484848484729e+00
-1.076767676767676818e+00
-1.068686868686868685e+00
-1.060606060606060552e+00
-1.052525252525252419e+00
-1.044444444444444287e+00
-1.036363636363636154e+00
-1.028282828282828243e+00
-1.020202020202020110e+00
-1.012121212121211977e+00
-1.004040404040404066e+00
-9.959595959595959336e-01
-9.878787878787878007e-01
-9.797979797979796679e-01
-9.717171717171716461e-01
-9.636363636363636243e-01
-9.555555555555554914e-01
-9.474747474747473586e-01
-9.393939393939392257e-01
-9.313131313131312039e-01
-9.232323232323231821e-01
-9.151515151515150492e-01
-9.070707070707069164e-01
-8.989898989898988946e-01
-8.909090909090908728e-01
-8.828282828282827399e-01
-8.747474747474746071e-01
-8.666666666666665853e-01
-8.585858585858584524e-01
-8.505050505050504306e-01
-8.424242424242422977e-01
-8.343434343434342759e-01
-8.262626262626261431e-01
-8.181818181818181213e-01
-8.101010101010099884e-01
-8.020202020202019666e-01
-7.939393939393938338e-01
-7.858585858585858119e-01
-7.777777777777776791e-01
-7.696969696969696573e-01
-7.616161616161615244e-01
-7.535353535353535026e-01
-7.454545454545453698e-01
-7.373737373737372369e-01
-7.292929292929292151e-01
-7.212121212121210823e-01
-7.131313131313130604e-01
-7.050505050505049276e-01
-6.969696969696969058e-01
-6.888888888888887729e-01
-6.808080808080807511e-01
-6.727272727272726183e-01
-6.646464646464645964e-01
-6.565656565656564636e-01
-6.484848484848484418e-01
-6.404040404040403089e-01
-6.323232323232322871e-01
-6.242424242424241543e-01
-6.161616161616160214e-01
-6.080808080808079996e-01
-5.999999999999999778e-01
