4.071149135608756464e-01
4.069155165578731137e-01
4.067191388344491010e-01
4.065261160633625304e-01
4.063367774505317054e-01
4.061514455898143083e-01
4.059704363271098848e-01
4.057940586412022155e-01
4.056226145342383127e-01
4.054563989371579025e-01
4.052956996255457356e-01
4.051407971529364938e-01
4.049919647939239642e-01
4.048494685050636477e-01
4.047135668956860499e-01
4.045845112169331181e-01
4.044625453639830726e-01
4.043479058916517044e-01
4.042408220476677028e-01
4.041415158199113122e-01
4.040502019956009883e-01
4.039670882390531959e-01
4.038923751797315331e-01
4.038262565141506055e-01
4.037689191176775938e-01
4.037205431669746991e-01
4.036813022679855978e-01
4.036513635862931104e-01
4.036308879783717107e-01
4.036200301166475435e-01
4.036189386015634484e-01
4.036277560567588796e-01
4.036466191989515617e-01
4.036756588686001290e-01
4.037150000220871560e-01
4.037647616631209746e-01
4.038250567122591006e-01
4.038959918001657767e-01
4.039776669723054714e-01
4.040701753044244615e-01
4.041736024115967774e-01
4.042880258574743091e-01
4.044135144572998941e-01
4.045501274834977790e-01
4.046979137832384388e-01
4.048569108229821412e-01
4.050271436857411089e-01
4.052086240452446586e-01
4.054013491536507252e-01
4.056053008769572865e-01
4.058204448181429447e-01
4.060467295630664775e-01
4.062840860864790349e-01
4.065324273451836334e-01
4.067916480784304345e-01
4.070616248278953186e-01
4.073422161743027736e-01
4.076332631849312604e-01
4.079345900407185810e-01
4.082460048250280971e-01
4.085673004238807859e-01
4.088982555097535609e-01
4.092386355546648313e-01
4.095881938451921278e-01
4.099466724530639317e-01
4.103138031375136996e-01
4.106893081550359037e-01
4.110729009622059449e-01
4.114642867979251828e-01
4.118631631537168492e-01
4.122692201252337596e-01
4.126821406603998210e-01
4.131016007135216439e-01
4.135272693205335193e-01
4.139588086060896344e-01
4.143958737432745232e-01
4.148381128745277646e-01
4.152851670104060200e-01
4.157366699169441904e-01
4.161922479996677526e-01
4.166515201970478199e-01
4.171140978858925985e-01
4.175795848079382755e-01
4.180475770176388939e-01
4.185176628596952164e-01
4.189894229729437813e-01
4.194624303276658361e-01
4.199362502892595717e-01
4.204104407197535864e-01
4.208845521041843507e-01
4.213581277117624535e-01
4.218307037870487330e-01
4.223018097682290639e-01
4.227709685369753223e-01
4.232376966949564223e-01
4.237015048666034067e-01
4.241618980287938379e-01
4.246183758664693331e-01
4.250704331494065680e-01
4.255175601380690731e-01
