4.246009023137254368e-01
4.241445434201880360e-01
4.236844306049380449e-01
4.232210689573155937e-01
4.227549598370548556e-01
4.222866004753961788e-01
4.218164835925529710e-01
4.213450970251098049e-01
4.208729233732504960e-01
4.204004396577520897e-01
4.199281169945852099e-01
4.194564202852364421e-01
4.189858079204453745e-01
4.185167315035865365e-01
4.180496355885993665e-01
4.175849574380613993e-01
4.171231267969003342e-01
4.166645656907726480e-01
4.162096882403388265e-01
4.157589005019814987e-01
4.153126003304451475e-01
4.148711772664502861e-01
4.144350124513047073e-01
4.140044785704371511e-01
4.135799398219184853e-01
4.131617519176067899e-01
4.127502621091453938e-01
4.123458092406024345e-01
4.119487238223981662e-01
4.115593281192999608e-01
4.111779362461591703e-01
4.108048542517123702e-01
4.104403801803193641e-01
4.100848040831873154e-01
4.097384079559238668e-01
4.094014655690423332e-01
4.090742421592021283e-01
4.087569939468645996e-01
4.084499674545732928e-01
4.081533986005414505e-01
4.078675115713731314e-01
4.075925174901727233e-01
4.073286129254617971e-01
4.070759783321157288e-01
4.068347765210302835e-01
4.066051513008587803e-01
4.063872264304647097e-01
4.061811050080813557e-01
4.059868693940930084e-01
4.058045817075363049e-01
4.056342848650265065e-01
4.054760040721452907e-01
4.053297486181615672e-01
4.051955137950442598e-01
4.050732827635700750e-01
4.049630282131826964e-01
4.048647137122042272e-01
4.047782946883640154e-01
4.047037190443095733e-01
4.046409274401823741e-01
4.045898533123017393e-01
4.045504226939839465e-01
4.045225539177440544e-01
4.045061572549080720e-01
4.045011345455363228e-01
4.045073788497705602e-01
4.045247741428633081e-01
4.045531950631735540e-01
4.045925067180509149e-01
4.046425645463291310e-01
4.047032142255445053e-01
4.047742916294038151e-01
4.048556228196873996e-01
4.049470240677067179e-01
4.050483019059946677e-01
4.051592531973814415e-01
4.052796652236682062e-01
4.054093157873962516e-01
4.055479733261425634e-01
4.056953970368167295e-01
4.058513370075854665e-01
4.060155343593065402e-01
4.061877213905303319e-01
4.063676217299705407e-01
4.065549504956312843e-01
4.067494144582443627e-01
4.069507122084943251e-01
4.071585343304553462e-01
4.073725635826192515e-01
4.075924750780991479e-01
4.078179364758874881e-01
4.080486081731952153e-01
4.082841435066654201e-01
4.085241889561035400e-01
4.087683843566768394e-01
4.090163631155965818e-01
4.092677524344365270e-01
4.095221735411573305e-01
4.097792419246056306e-01
4.100385675791864415e-01
