4.173450136841255764e-01
4.170386470605540463e-01
4.167300781845141300e-01
4.164196976480976087e-01
4.161078920929229263e-01
4.157950444573481619e-01
4.154815342239229214e-01
4.151677376523453256e-01
4.148540279831900435e-01
4.145407755971619590e-01
4.142283481184283467e-01
4.139171104487612829e-01
4.136074247255784875e-01
4.132996501997102667e-01
4.129941430277033754e-01
4.126912559845989925e-01
4.123913380979610799e-01
4.120947342153387094e-01
4.118017845118526199e-01
4.115128239521110287e-01
4.112281817221350999e-01
4.109481806393300296e-01
4.106731365636157038e-01
4.104033578127045945e-01
4.101391446035846933e-01
4.098807885226977699e-01
4.096285720379101436e-01
4.093827680566998750e-01
4.091436395366265799e-01
4.089114391476285082e-01
4.086864089908439635e-01
4.084687803691141039e-01
4.082587736100243281e-01
4.080565979350859185e-01
4.078624513737907353e-01
4.076765207170743865e-01
4.074989815030755635e-01
4.073299980324536218e-01
4.071697234075857263e-01
4.070182995901679424e-01
4.068758574724147259e-01
4.067425169593241185e-01
4.066183870535032274e-01
4.065035659459315664e-01
4.063981411023266932e-01
4.063021893476767010e-01
4.062157769435645327e-01
4.061389596576916450e-01
4.060717828235474447e-01
4.060142813892151925e-01
4.059664799525046219e-01
4.059283927884509979e-01
4.059000238561886187e-01
4.058813667990378016e-01
4.058724049308287118e-01
4.058731112057515911e-01
4.058834481815841722e-01
4.059033679702283015e-01
4.059328121783984944e-01
4.059717118430820615e-01
4.060199873593412501e-01
4.060775484069622521e-01
4.061442938767998445e-01
4.062201117997318867e-01
4.063048792830640799e-01
4.063984624586346461e-01
4.065007164452648092e-01
4.066114853326036060e-01
4.067306021898363100e-01
4.068578891061325753e-01
4.069931572659529762e-01
4.071362070675800804e-01
4.072868282853189248e-01
4.074448002863054752e-01
4.076098922979172201e-01
4.077818637337073393e-01
4.079604645783119765e-01
4.081454358264261506e-01
4.083365099800476683e-01
4.085334115944760369e-01
4.087358578651787977e-01
4.089435592531662222e-01
4.091562201280442013e-01
4.093735394236593939e-01
4.095952112858423089e-01
4.098209256991400262e-01
4.100503690760644027e-01
4.102832247905718321e-01
4.105191736444920858e-01
4.107578942525715315e-01
4.109990633345829703e-01
4.112423559109137372e-01
4.114874453960072342e-01
4.117340035938104603e-01
4.119817005939597765e-01
4.122302045870537834e-01
4.124791816018814616e-01
4.127282951840851033e-01
4.129772060304324754e-01
4.132255715962359632e-01
