6.000000000000000000e+01
6.015151515151514872e+01
6.030303030303030454e+01
6.045454545454545325e+01
6.060606060606060908e+01
6.075757575757575779e+01
6.090909090909090651e+01
6.106060606060606233e+01
6.121212121212121104e+01
6.136363636363636687e+01
6.151515151515151558e+01
6.166666666666666430e+01
6.181818181818182012e+01
6.196969696969696884e+01
6.212121212121212466e+01
6.227272727272727337e+01
6.242424242424242209e+01
6.257575757575757791e+01
6.272727272727272663e+01
6.287878787878787534e+01
6.303030303030303116e+01
6.318181818181817988e+01
6.333333333333333570e+01
6.348484848484848442e+01
6.363636363636364024e+01
6.378787878787878896e+01
6.393939393939393767e+01
6.409090909090909349e+01
6.424242424242424931e+01
6.439393939393939092e+01
6.454545454545454675e+01
6.469696969696970257e+01
6.484848484848484418e+01
6.500000000000000000e+01
6.515151515151515582e+01
6.530303030303029743e+01
6.545454545454545325e+01
6.560606060606060908e+01
6.575757575757575069e+01
6.590909090909090651e+01
6.606060606060606233e+01
6.621212121212121815e+01
6.636363636363635976e+01
6.651515151515151558e+01
6.666666666666667140e+01
6.681818181818181301e+01
6.696969696969696884e+01
6.712121212121212466e+01
6.727272727272728048e+01
6.742424242424242209e+01
6.757575757575757791e+01
6.772727272727273373e+01
6.787878787878787534e+01
6.803030303030303116e+01
6.818181818181818699e+01
6.833333333333332860e+01
6.848484848484848442e+01
6.863636363636364024e+01
6.878787878787878185e+01
6.893939393939393767e+01
6.909090909090909349e+01
6.924242424242424931e+01
6.939393939393939092e+01
6.954545454545454675e+01
6.969696969696970257e+01
6.984848484848484418e+01
7.000000000000000000e+01
7.015151515151515582e+01
7.030303030303029743e+01
7.045454545454545325e+01
7.060606060606060908e+01
7.075757575757575069e+01
7.090909090909090651e+01
7.106060606060606233e+01
7.121212121212121815e+01
7.136363636363635976e+01
7.151515151515151558e+01
7.166666666666667140e+01
7.181818181818181301e+01
7.196969696969696884e+01
7.212121212121212466e+01
7.227272727272728048e+01
7.242424242424242209e+01
7.257575757575757791e+01
7.272727272727273373e+01
7.287878787878787534e+01
7.303030303030303116e+01
7.318181818181818699e+01
7.333333333333332860e+01
7.348484848484848442e+01
7.363636363636364024e+01
7.378787878787878185e+01
7.393939393939393767e+01
7.409090909090909349e+01
7.424242424242424931e+01
7.439393939393939092e+01
7.454545454545454675e+01
7.469696969696970257e+01
7.484848484848484418e+01
7.500000000000000000e+01
