9.346022904207543745e-04
9.800566474639366144e-04
9.546618715033610000e-04
1.432544866141968482e-03
5.739876921085672670e-03
8.837721210841303909e-02
2.833008055743302389e-02
3.886745142805210843e-03
2.433748323843488819e-03
1.998428970353038382e-03
1.734061501601813970e-03
1.502261415164447052e-03
1.319294682457986109e-03
8.976108117977765364e-04
3.531056099707900221e-03
2.296860883634487330e-02
8.837721210841303909e-02
1.905669311772510005e-02
7.744731673800660590e-03
3.418009823948385279e-03
2.434850450068092292e-03
2.333313947488804049e-03
2.469439926839951931e-03
5.063280377865518253e-03
1.202057237538123498e-02
8.110387010907010863e-02
2.642115587960435549e-03
1.962958652226373495e-03
2.554575665067463242e-03
2.187303288136908681e-03
2.328619909956393744e-03
2.289589129474837396e-03
3.556264350721731991e-03
7.008547249575578474e-03
2.794861033648052967e-02
nan
