6.218866666666665877e-01 4.219912499999998179e-01 5.726213333333329825e-01 4.763775000000000648e-01 3.609577397759999862e-01 1.666666666666666574e-01 0.000000000000000000e+00
6.218866666666665877e-01 4.219912499999998179e-01 5.726213333333329825e-01 4.763775000000000648e-01 3.609577397759999862e-01 3.333333333333333148e-01 0.000000000000000000e+00
6.218866666666665877e-01 4.219912499999998179e-01 5.726213333333329825e-01 4.763775000000000648e-01 3.609577397759999862e-01 5.000000000000000000e-01 0.000000000000000000e+00
6.218866666666665877e-01 4.219912499999998179e-01 5.726213333333329825e-01 4.763775000000000648e-01 3.609577397759999862e-01 6.666666666666666297e-01 0.000000000000000000e+00
6.218866666666665877e-01 4.219912499999998179e-01 5.726213333333329825e-01 4.763775000000000648e-01 3.609577397759999862e-01 8.333333333333333703e-01 0.000000000000000000e+00
6.218866666666665877e-01 4.219912499999998179e-01 5.726213333333329825e-01 4.763775000000000648e-01 3.609577397759999862e-01 1.000000000000000000e+00 0.000000000000000000e+00
6.218866666666665877e-01 4.219912499999998179e-01 5.726213333333329825e-01 4.763775000000000648e-01 3.609577397759999862e-01 -7.746343308037955122e-01 1.000000000000000000e+00
6.218866666666665877e-01 4.219912499999998179e-01 5.726213333333329825e-01 4.763775000000000648e-01 3.609577397759999862e-01 -5.579667375224932613e-01 1.000000000000000000e+00
6.218866666666665877e-01 4.219912499999998179e-01 5.726213333333329825e-01 4.763775000000000648e-01 3.609577397759999862e-01 -3.412991442411907328e-01 1.000000000000000000e+00
6.218866666666665877e-01 4.219912499999998179e-01 5.726213333333329825e-01 4.763775000000000648e-01 3.609577397759999862e-01 -1.246315509598883847e-01 1.000000000000000000e+00
6.218866666666665877e-01 4.219912499999998179e-01 5.726213333333329825e-01 4.763775000000000648e-01 3.609577397759999862e-01 9.203604232141414376e-02 1.000000000000000000e+00
6.218866666666665877e-01 4.219912499999998179e-01 5.726213333333329825e-01 4.763775000000000648e-01 3.609577397759999862e-01 3.087036356027165196e-01 1.000000000000000000e+00
6.218866666666665877e-01 4.219912499999998179e-01 5.726213333333329825e-01 4.763775000000000648e-01 3.609577397759999862e-01 5.253712288840189926e-01 1.000000000000000000e+00
6.218866666666665877e-01 4.219912499999998179e-01 5.726213333333329825e-01 4.763775000000000648e-01 3.609577397759999862e-01 7.420388221653213545e-01 1.000000000000000000e+00
6.218866666666665877e-01 4.219912499999998179e-01 5.726213333333329825e-01 4.763775000000000648e-01 3.609577397759999862e-01 9.587064154466238275e-01 1.000000000000000000e+00
6.218866666666665877e-01 4.219912499999998179e-01 5.726213333333329825e-01 4.763775000000000648e-01 3.609577397759999862e-01 1.175374008727926300e+00 1.000000000000000000e+00
6.218866666666665877e-01 4.219912499999998179e-01 5.726213333333329825e-01 4.763775000000000648e-01 3.609577397759999862e-01 -5.754844808817337343e-02 2.000000000000000000e+00
6.218866666666665877e-01 4.219912499999998179e-01 5.726213333333329825e-01 4.763775000000000648e-01 3.609577397759999862e-01 1.468778128457423893e-01 2.000000000000000000e+00
6.218866666666665877e-01 4.219912499999998179e-01 5.726213333333329825e-01 4.763775000000000648e-01 3.609577397759999862e-01 3.513040737796582214e-01 2.000000000000000000e+00
6.218866666666665877e-01 4.219912499999998179e-01 5.726213333333329825e-01 4.763775000000000648e-01 3.609577397759999862e-01 5.557303347135740257e-01 2.000000000000000000e+00
6.218866666666665877e-01 4.219912499999998179e-01 5.726213333333329825e-01 4.763775000000000648e-01 3.609577397759999862e-01 7.601565956474898300e-01 2.000000000000000000e+00
6.218866666666665877e-01 4.219912499999998179e-01 5.726213333333329825e-01 4.763775000000000648e-01 3.609577397759999862e-01 9.645828565814057454e-01 2.000000000000000000e+00
6.218866666666665877e-01 4.219912499999998179e-01 5.726213333333329825e-01 4.763775000000000648e-01 3.609577397759999862e-01 1.169009117515321439e+00 2.000000000000000000e+00
6.218866666666665877e-01 4.219912499999998179e-01 5.726213333333329825e-01 4.763775000000000648e-01 3.609577397759999862e-01 1.373435378449237465e+00 2.000000000000000000e+00
6.218866666666665877e-01 4.219912499999998179e-01 5.726213333333329825e-01 4.763775000000000648e-01 3.609577397759999862e-01 1.577861639383153047e+00 2.000000000000000000e+00
6.218866666666665877e-01 4.219912499999998179e-01 5.726213333333329825e-01 4.763775000000000648e-01 3.609577397759999862e-01 1.782287900317069074e+00 2.000000000000000000e+00
6.218866666666665877e-01 4.219912499999998179e-01 5.726213333333329825e-01 4.763775000000000648e-01 3.609577397759999862e-01 5.000000000000000278e-02 3.000000000000000000e+00
6.218866666666665877e-01 4.219912499999998179e-01 5.726213333333329825e-01 4.763775000000000648e-01 3.609577397759999862e-01 1.500000000000000222e-01 3.000000000000000000e+00
6.218866666666665877e-01 4.219912499999998179e-01 5.726213333333329825e-01 4.763775000000000648e-01 3.609577397759999862e-01 2.500000000000000000e-01 3.000000000000000000e+00
6.218866666666665877e-01 4.219912499999998179e-01 5.726213333333329825e-01 4.763775000000000648e-01 3.609577397759999862e-01 3.499999999999999778e-01 3.000000000000000000e+00
6.218866666666665877e-01 4.219912499999998179e-01 5.726213333333329825e-01 4.763775000000000648e-01 3.609577397759999862e-01 4.500000000000000111e-01 3.000000000000000000e+00
6.218866666666665877e-01 4.219912499999998179e-01 5.726213333333329825e-01 4.763775000000000648e-01 3.609577397759999862e-01 5.500000000000000444e-01 3.000000000000000000e+00
6.218866666666665877e-01 4.219912499999998179e-01 5.726213333333329825e-01 4.763775000000000648e-01 3.609577397759999862e-01 6.500000000000000222e-01 3.000000000000000000e+00
6.218866666666665877e-01 4.219912499999998179e-01 5.726213333333329825e-01 4.763775000000000648e-01 3.609577397759999862e-01 7.500000000000000000e-01 3.000000000000000000e+00
6.218866666666665877e-01 4.219912499999998179e-01 5.726213333333329825e-01 4.763775000000000648e-01 3.609577397759999862e-01 8.499999999999999778e-01 3.000000000000000000e+00
6.218866666666665877e-01 4.219912499999998179e-01 5.726213333333329825e-01 4.763775000000000648e-01 3.609577397759999862e-01 9.499999999999999556e-01 3.000000000000000000e+00
