5.392524470476520726e+00
5.715293315837374877e+00
5.311841538643978566e+00
4.304469321470501875e+00
2.708327933318152247e+00
2.941905711336757490e-01
1.850493071900962905e+00
3.152101932410260154e+00
3.640220483755229441e+00
3.973061433806275300e+00
4.224389390829641933e+00
4.411699129982654455e+00
4.445347043108985652e+00
4.080344027023409481e+00
3.123111199271209948e+00
1.223609496847968492e+00
6.893643635625612553e-01
2.155525810018618316e+00
2.963610769050555316e+00
3.567338880985233995e+00
3.898037484276742237e+00
3.877034622743959602e+00
3.540039952950463586e+00
2.905947587188372427e+00
1.746488242128306112e+00
2.872417111783479027e-01
3.506559992208547527e+00
3.841511001213464560e+00
3.928824557607849766e+00
3.986647192541821649e+00
3.992612191117682396e+00
3.879001745866498485e+00
3.527915738798655276e+00
2.836393353567704168e+00
1.608291975645415484e+00
-inf
