5.390128414388913214e+00
5.713012041138791908e+00
5.310189141318999440e+00
4.297651103243182114e+00
2.720701832498250816e+00
4.702818301893569863e-01
1.315379870203613910e+00
3.029377435721820611e+00
3.567039238856888339e+00
3.915216751792863104e+00
4.187127933299327864e+00
4.385788866761496152e+00
4.452746183670158509e+00
4.164913024273510622e+00
3.275386946305981706e+00
1.390824754039158506e+00
-6.839424530305465537e-03
1.803627795344815210e+00
2.769515790761482688e+00
3.460127000165466260e+00
3.875903700908720051e+00
3.921708417202914632e+00
3.630940881038982049e+00
3.007013913085663681e+00
1.941231833902536064e+00
-5.030511831139576617e-02
3.499220842019465039e+00
3.831401808196968961e+00
3.929607292023321374e+00
3.984715729268730744e+00
3.993076465854386026e+00
3.881633370363330116e+00
3.523982079160087100e+00
2.825568100412682249e+00
1.627269819777708904e+00
-inf
