9.472199999999996178e-01 2.230237499999998818e-01 4.586906666666659693e-01 6.218417500000000819e-01 1.333501215120000971e-01 1.666666666666666574e-01 0.000000000000000000e+00
9.472199999999996178e-01 2.230237499999998818e-01 4.586906666666659693e-01 6.218417500000000819e-01 1.333501215120000971e-01 3.333333333333333148e-01 0.000000000000000000e+00
9.472199999999996178e-01 2.230237499999998818e-01 4.586906666666659693e-01 6.218417500000000819e-01 1.333501215120000971e-01 5.000000000000000000e-01 0.000000000000000000e+00
9.472199999999996178e-01 2.230237499999998818e-01 4.586906666666659693e-01 6.218417500000000819e-01 1.333501215120000971e-01 6.666666666666666297e-01 0.000000000000000000e+00
9.472199999999996178e-01 2.230237499999998818e-01 4.586906666666659693e-01 6.218417500000000819e-01 1.333501215120000971e-01 8.333333333333333703e-01 0.000000000000000000e+00
9.472199999999996178e-01 2.230237499999998818e-01 4.586906666666659693e-01 6.218417500000000819e-01 1.333501215120000971e-01 1.000000000000000000e+00 0.000000000000000000e+00
9.472199999999996178e-01 2.230237499999998818e-01 4.586906666666659693e-01 6.218417500000000819e-01 1.333501215120000971e-01 -5.986944625694032851e-01 1.000000000000000000e+00
9.472199999999996178e-01 2.230237499999998818e-01 4.586906666666659693e-01 6.218417500000000819e-01 1.333501215120000971e-01 -4.029809573878053719e-01 1.000000000000000000e+00
9.472199999999996178e-01 2.230237499999998818e-01 4.586906666666659693e-01 6.218417500000000819e-01 1.333501215120000971e-01 -2.072674522062075142e-01 1.000000000000000000e+00
9.472199999999996178e-01 2.230237499999998818e-01 4.586906666666659693e-01 6.218417500000000819e-01 1.333501215120000971e-01 -1.155394702460967038e-02 1.000000000000000000e+00
9.472199999999996178e-01 2.230237499999998818e-01 4.586906666666659693e-01 6.218417500000000819e-01 1.333501215120000971e-01 1.841595581569882289e-01 1.000000000000000000e+00
9.472199999999996178e-01 2.230237499999998818e-01 4.586906666666659693e-01 6.218417500000000819e-01 1.333501215120000971e-01 3.798730633385860589e-01 1.000000000000000000e+00
9.472199999999996178e-01 2.230237499999998818e-01 4.586906666666659693e-01 6.218417500000000819e-01 1.333501215120000971e-01 5.755865685201839721e-01 1.000000000000000000e+00
9.472199999999996178e-01 2.230237499999998818e-01 4.586906666666659693e-01 6.218417500000000819e-01 1.333501215120000971e-01 7.713000737017818853e-01 1.000000000000000000e+00
9.472199999999996178e-01 2.230237499999998818e-01 4.586906666666659693e-01 6.218417500000000819e-01 1.333501215120000971e-01 9.670135788833796875e-01 1.000000000000000000e+00
9.472199999999996178e-01 2.230237499999998818e-01 4.586906666666659693e-01 6.218417500000000819e-01 1.333501215120000971e-01 1.162727084064977490e+00 1.000000000000000000e+00
9.472199999999996178e-01 2.230237499999998818e-01 4.586906666666659693e-01 6.218417500000000819e-01 1.333501215120000971e-01 -4.169837081712509524e-02 2.000000000000000000e+00
9.472199999999996178e-01 2.230237499999998818e-01 4.586906666666659693e-01 6.218417500000000819e-01 1.333501215120000971e-01 1.609671354870074456e-01 2.000000000000000000e+00
9.472199999999996178e-01 2.230237499999998818e-01 4.586906666666659693e-01 6.218417500000000819e-01 1.333501215120000971e-01 3.636326417911399655e-01 2.000000000000000000e+00
9.472199999999996178e-01 2.230237499999998818e-01 4.586906666666659693e-01 6.218417500000000819e-01 1.333501215120000971e-01 5.662981480952725688e-01 2.000000000000000000e+00
9.472199999999996178e-01 2.230237499999998818e-01 4.586906666666659693e-01 6.218417500000000819e-01 1.333501215120000971e-01 7.689636543994050610e-01 2.000000000000000000e+00
9.472199999999996178e-01 2.230237499999998818e-01 4.586906666666659693e-01 6.218417500000000819e-01 1.333501215120000971e-01 9.716291607035376643e-01 2.000000000000000000e+00
9.472199999999996178e-01 2.230237499999998818e-01 4.586906666666659693e-01 6.218417500000000819e-01 1.333501215120000971e-01 1.174294667007670157e+00 2.000000000000000000e+00
9.472199999999996178e-01 2.230237499999998818e-01 4.586906666666659693e-01 6.218417500000000819e-01 1.333501215120000971e-01 1.376960173311802649e+00 2.000000000000000000e+00
9.472199999999996178e-01 2.230237499999998818e-01 4.586906666666659693e-01 6.218417500000000819e-01 1.333501215120000971e-01 1.579625679615935141e+00 2.000000000000000000e+00
9.472199999999996178e-01 2.230237499999998818e-01 4.586906666666659693e-01 6.218417500000000819e-01 1.333501215120000971e-01 1.782291185920067855e+00 2.000000000000000000e+00
9.472199999999996178e-01 2.230237499999998818e-01 4.586906666666659693e-01 6.218417500000000819e-01 1.333501215120000971e-01 5.000000000000000278e-02 3.000000000000000000e+00
9.472199999999996178e-01 2.230237499999998818e-01 4.586906666666659693e-01 6.218417500000000819e-01 1.333501215120000971e-01 1.500000000000000222e-01 3.000000000000000000e+00
9.472199999999996178e-01 2.230237499999998818e-01 4.586906666666659693e-01 6.218417500000000819e-01 1.333501215120000971e-01 2.500000000000000000e-01 3.000000000000000000e+00
9.472199999999996178e-01 2.230237499999998818e-01 4.586906666666659693e-01 6.218417500000000819e-01 1.333501215120000971e-01 3.499999999999999778e-01 3.000000000000000000e+00
9.472199999999996178e-01 2.230237499999998818e-01 4.586906666666659693e-01 6.218417500000000819e-01 1.333501215120000971e-01 4.500000000000000111e-01 3.000000000000000000e+00
9.472199999999996178e-01 2.230237499999998818e-01 4.586906666666659693e-01 6.218417500000000819e-01 1.333501215120000971e-01 5.500000000000000444e-01 3.000000000000000000e+00
9.472199999999996178e-01 2.230237499999998818e-01 4.586906666666659693e-01 6.218417500000000819e-01 1.333501215120000971e-01 6.500000000000000222e-01 3.000000000000000000e+00
9.472199999999996178e-01 2.230237499999998818e-01 4.586906666666659693e-01 6.218417500000000819e-01 1.333501215120000971e-01 7.500000000000000000e-01 3.000000000000000000e+00
9.472199999999996178e-01 2.230237499999998818e-01 4.586906666666659693e-01 6.218417500000000819e-01 1.333501215120000971e-01 8.499999999999999778e-01 3.000000000000000000e+00
9.472199999999996178e-01 2.230237499999998818e-01 4.586906666666659693e-01 6.218417500000000819e-01 1.333501215120000971e-01 9.499999999999999556e-01 3.000000000000000000e+00
