5.365790931812568054e+00
5.690631416476560567e+00
5.285981305573598021e+00
4.273966503863361410e+00
2.661546492159694743e+00
4.702818301893569863e-01
-inf
1.616409865867594942e+00
3.227147260893285630e+00
3.740471249545278543e+00
4.076329764693245927e+00
4.337450213394700604e+00
4.478585432440364222e+00
4.304329266549773436e+00
3.407433396959577365e+00
1.497879492233711973e+00
9.450991299994551120e-01
1.950075674770346268e+00
2.808495821922333491e+00
3.475126162757934178e+00
3.831973698300854103e+00
3.875560415088642241e+00
3.592813223635597186e+00
2.997536548300955950e+00
2.058271773174295660e+00
-2.085013897312013725e-02
3.484755698216817965e+00
3.808970155469131313e+00
3.899668349640242671e+00
3.960320615546724987e+00
3.958789273249787133e+00
3.853787540126599964e+00
3.497967894724121507e+00
2.769019421175337836e+00
1.617557275998442012e+00
-inf
