8.446393333333332976e-01 2.055512499999998244e-01 1.487986666666667734e-01 6.256049999999998557e-01 2.498300376000002210e-01 1.666666666666666574e-01 0.000000000000000000e+00
8.446393333333332976e-01 2.055512499999998244e-01 1.487986666666667734e-01 6.256049999999998557e-01 2.498300376000002210e-01 3.333333333333333148e-01 0.000000000000000000e+00
8.446393333333332976e-01 2.055512499999998244e-01 1.487986666666667734e-01 6.256049999999998557e-01 2.498300376000002210e-01 5.000000000000000000e-01 0.000000000000000000e+00
8.446393333333332976e-01 2.055512499999998244e-01 1.487986666666667734e-01 6.256049999999998557e-01 2.498300376000002210e-01 6.666666666666666297e-01 0.000000000000000000e+00
8.446393333333332976e-01 2.055512499999998244e-01 1.487986666666667734e-01 6.256049999999998557e-01 2.498300376000002210e-01 8.333333333333333703e-01 0.000000000000000000e+00
8.446393333333332976e-01 2.055512499999998244e-01 1.487986666666667734e-01 6.256049999999998557e-01 2.498300376000002210e-01 1.000000000000000000e+00 0.000000000000000000e+00
8.446393333333332976e-01 2.055512499999998244e-01 1.487986666666667734e-01 6.256049999999998557e-01 2.498300376000002210e-01 -5.472736587646136464e-01 1.000000000000000000e+00
8.446393333333332976e-01 2.055512499999998244e-01 1.487986666666667734e-01 6.256049999999998557e-01 2.498300376000002210e-01 -3.569025155512942082e-01 1.000000000000000000e+00
8.446393333333332976e-01 2.055512499999998244e-01 1.487986666666667734e-01 6.256049999999998557e-01 2.498300376000002210e-01 -1.665313723379748256e-01 1.000000000000000000e+00
8.446393333333332976e-01 2.055512499999998244e-01 1.487986666666667734e-01 6.256049999999998557e-01 2.498300376000002210e-01 2.383977087534447370e-02 1.000000000000000000e+00
8.446393333333332976e-01 2.055512499999998244e-01 1.487986666666667734e-01 6.256049999999998557e-01 2.498300376000002210e-01 2.142109140886639118e-01 1.000000000000000000e+00
8.446393333333332976e-01 2.055512499999998244e-01 1.487986666666667734e-01 6.256049999999998557e-01 2.498300376000002210e-01 4.045820573019833777e-01 1.000000000000000000e+00
8.446393333333332976e-01 2.055512499999998244e-01 1.487986666666667734e-01 6.256049999999998557e-01 2.498300376000002210e-01 5.949532005153026493e-01 1.000000000000000000e+00
8.446393333333332976e-01 2.055512499999998244e-01 1.487986666666667734e-01 6.256049999999998557e-01 2.498300376000002210e-01 7.853243437286220319e-01 1.000000000000000000e+00
8.446393333333332976e-01 2.055512499999998244e-01 1.487986666666667734e-01 6.256049999999998557e-01 2.498300376000002210e-01 9.756954869419414145e-01 1.000000000000000000e+00
8.446393333333332976e-01 2.055512499999998244e-01 1.487986666666667734e-01 6.256049999999998557e-01 2.498300376000002210e-01 1.166066630155260686e+00 1.000000000000000000e+00
8.446393333333332976e-01 2.055512499999998244e-01 1.487986666666667734e-01 6.256049999999998557e-01 2.498300376000002210e-01 -1.148864534191695735e-01 2.000000000000000000e+00
8.446393333333332976e-01 2.055512499999998244e-01 1.487986666666667734e-01 6.256049999999998557e-01 2.498300376000002210e-01 9.230069752907445191e-02 2.000000000000000000e+00
8.446393333333332976e-01 2.055512499999998244e-01 1.487986666666667734e-01 6.256049999999998557e-01 2.498300376000002210e-01 2.994878484773184080e-01 2.000000000000000000e+00
8.446393333333332976e-01 2.055512499999998244e-01 1.487986666666667734e-01 6.256049999999998557e-01 2.498300376000002210e-01 5.066749994255623779e-01 2.000000000000000000e+00
8.446393333333332976e-01 2.055512499999998244e-01 1.487986666666667734e-01 6.256049999999998557e-01 2.498300376000002210e-01 7.138621503738064034e-01 2.000000000000000000e+00
8.446393333333332976e-01 2.055512499999998244e-01 1.487986666666667734e-01 6.256049999999998557e-01 2.498300376000002210e-01 9.210493013220504288e-01 2.000000000000000000e+00
8.446393333333332976e-01 2.055512499999998244e-01 1.487986666666667734e-01 6.256049999999998557e-01 2.498300376000002210e-01 1.128236452270294343e+00 2.000000000000000000e+00
8.446393333333332976e-01 2.055512499999998244e-01 1.487986666666667734e-01 6.256049999999998557e-01 2.498300376000002210e-01 1.335423603218538258e+00 2.000000000000000000e+00
8.446393333333332976e-01 2.055512499999998244e-01 1.487986666666667734e-01 6.256049999999998557e-01 2.498300376000002210e-01 1.542610754166782394e+00 2.000000000000000000e+00
8.446393333333332976e-01 2.055512499999998244e-01 1.487986666666667734e-01 6.256049999999998557e-01 2.498300376000002210e-01 1.749797905115026531e+00 2.000000000000000000e+00
8.446393333333332976e-01 2.055512499999998244e-01 1.487986666666667734e-01 6.256049999999998557e-01 2.498300376000002210e-01 5.000000000000000278e-02 3.000000000000000000e+00
8.446393333333332976e-01 2.055512499999998244e-01 1.487986666666667734e-01 6.256049999999998557e-01 2.498300376000002210e-01 1.500000000000000222e-01 3.000000000000000000e+00
8.446393333333332976e-01 2.055512499999998244e-01 1.487986666666667734e-01 6.256049999999998557e-01 2.498300376000002210e-01 2.500000000000000000e-01 3.000000000000000000e+00
8.446393333333332976e-01 2.055512499999998244e-01 1.487986666666667734e-01 6.256049999999998557e-01 2.498300376000002210e-01 3.499999999999999778e-01 3.000000000000000000e+00
8.446393333333332976e-01 2.055512499999998244e-01 1.487986666666667734e-01 6.256049999999998557e-01 2.498300376000002210e-01 4.500000000000000111e-01 3.000000000000000000e+00
8.446393333333332976e-01 2.055512499999998244e-01 1.487986666666667734e-01 6.256049999999998557e-01 2.498300376000002210e-01 5.500000000000000444e-01 3.000000000000000000e+00
8.446393333333332976e-01 2.055512499999998244e-01 1.487986666666667734e-01 6.256049999999998557e-01 2.498300376000002210e-01 6.500000000000000222e-01 3.000000000000000000e+00
8.446393333333332976e-01 2.055512499999998244e-01 1.487986666666667734e-01 6.256049999999998557e-01 2.498300376000002210e-01 7.500000000000000000e-01 3.000000000000000000e+00
8.446393333333332976e-01 2.055512499999998244e-01 1.487986666666667734e-01 6.256049999999998557e-01 2.498300376000002210e-01 8.499999999999999778e-01 3.000000000000000000e+00
8.446393333333332976e-01 2.055512499999998244e-01 1.487986666666667734e-01 6.256049999999998557e-01 2.498300376000002210e-01 9.499999999999999556e-01 3.000000000000000000e+00
