5.391133589268178206e+00
5.714805517357591569e+00
5.311939488890573102e+00
4.296356632890183214e+00
2.683356655498208010e+00
-6.839424530305465537e-03
-inf
-inf
2.742896891038755669e+00
3.588408277985849271e+00
3.994239455629254198e+00
4.314285699120641304e+00
4.512552035276428342e+00
4.443680208539456444e+00
3.613503222880870780e+00
1.615917189147823230e+00
2.941905711336757490e-01
1.859682326219268100e+00
2.733310138905871600e+00
3.418138089426010051e+00
3.841014173928772646e+00
3.916369219960341042e+00
3.684242067592662817e+00
3.125928342554538109e+00
2.159914805462283649e+00
6.809584014932993368e-01
3.515174006444405030e+00
3.843291188958455340e+00
3.927229168715388852e+00
3.979932309735939366e+00
3.987235303202678605e+00
3.891085994476856325e+00
3.539521069673472908e+00
2.821605634265336171e+00
1.627749791624576892e+00
-inf
