5.375392895566931450e+00
5.698827532379276306e+00
5.295725396187183520e+00
4.283391697297128431e+00
2.657055852857103773e+00
3.010299956639811980e-01
-inf
-inf
2.944482672150168678e+00
3.618675538885139709e+00
4.013553430541676015e+00
4.311245120878207437e+00
4.493903967206502870e+00
4.400969479225655512e+00
3.569022586029563460e+00
1.681241237375587172e+00
3.010299956639811980e-01
2.045322978786657586e+00
2.856728890382882469e+00
3.477410687907251496e+00
3.856184926727169948e+00
3.888516461074945418e+00
3.611935625040122666e+00
3.039414119176137241e+00
2.033423755486949869e+00
4.771212547196624354e-01
3.505963518018126113e+00
3.828015064223976971e+00
3.923036668670786042e+00
3.973451144024934489e+00
3.968015713993641835e+00
3.871047261305499365e+00
3.510008512940234748e+00
2.837588438235511212e+00
1.662757831681574094e+00
-inf
