3.463453333333328943e-01 7.157684999999999187e-01 9.304426666666663071e-01 3.444892499999999136e-01 5.074236722640002029e-01 1.666666666666666574e-01 0.000000000000000000e+00
3.463453333333328943e-01 7.157684999999999187e-01 9.304426666666663071e-01 3.444892499999999136e-01 5.074236722640002029e-01 3.333333333333333148e-01 0.000000000000000000e+00
3.463453333333328943e-01 7.157684999999999187e-01 9.304426666666663071e-01 3.444892499999999136e-01 5.074236722640002029e-01 5.000000000000000000e-01 0.000000000000000000e+00
3.463453333333328943e-01 7.157684999999999187e-01 9.304426666666663071e-01 3.444892499999999136e-01 5.074236722640002029e-01 6.666666666666666297e-01 0.000000000000000000e+00
3.463453333333328943e-01 7.157684999999999187e-01 9.304426666666663071e-01 3.444892499999999136e-01 5.074236722640002029e-01 8.333333333333333703e-01 0.000000000000000000e+00
3.463453333333328943e-01 7.157684999999999187e-01 9.304426666666663071e-01 3.444892499999999136e-01 5.074236722640002029e-01 1.000000000000000000e+00 0.000000000000000000e+00
3.463453333333328943e-01 7.157684999999999187e-01 9.304426666666663071e-01 3.444892499999999136e-01 5.074236722640002029e-01 -5.647801246277150966e-01 1.000000000000000000e+00
3.463453333333328943e-01 7.157684999999999187e-01 9.304426666666663071e-01 3.444892499999999136e-01 5.074236722640002029e-01 -3.709011554413566003e-01 1.000000000000000000e+00
3.463453333333328943e-01 7.157684999999999187e-01 9.304426666666663071e-01 3.444892499999999136e-01 5.074236722640002029e-01 -1.770221862549980762e-01 1.000000000000000000e+00
3.463453333333328943e-01 7.157684999999999187e-01 9.304426666666663071e-01 3.444892499999999136e-01 5.074236722640002029e-01 1.685678293136042699e-02 1.000000000000000000e+00
3.463453333333328943e-01 7.157684999999999187e-01 9.304426666666663071e-01 3.444892499999999136e-01 5.074236722640002029e-01 2.107357521177188886e-01 1.000000000000000000e+00
3.463453333333328943e-01 7.157684999999999187e-01 9.304426666666663071e-01 3.444892499999999136e-01 5.074236722640002029e-01 4.046147213040773849e-01 1.000000000000000000e+00
3.463453333333328943e-01 7.157684999999999187e-01 9.304426666666663071e-01 3.444892499999999136e-01 5.074236722640002029e-01 5.984936904904358812e-01 1.000000000000000000e+00
3.463453333333328943e-01 7.157684999999999187e-01 9.304426666666663071e-01 3.444892499999999136e-01 5.074236722640002029e-01 7.923726596767943775e-01 1.000000000000000000e+00
3.463453333333328943e-01 7.157684999999999187e-01 9.304426666666663071e-01 3.444892499999999136e-01 5.074236722640002029e-01 9.862516288631528738e-01 1.000000000000000000e+00
3.463453333333328943e-01 7.157684999999999187e-01 9.304426666666663071e-01 3.444892499999999136e-01 5.074236722640002029e-01 1.180130598049511370e+00 1.000000000000000000e+00
3.463453333333328943e-01 7.157684999999999187e-01 9.304426666666663071e-01 3.444892499999999136e-01 5.074236722640002029e-01 -1.010798278668082334e-01 2.000000000000000000e+00
3.463453333333328943e-01 7.157684999999999187e-01 9.304426666666663071e-01 3.444892499999999136e-01 5.074236722640002029e-01 1.076964820154147351e-01 2.000000000000000000e+00
3.463453333333328943e-01 7.157684999999999187e-01 9.304426666666663071e-01 3.444892499999999136e-01 5.074236722640002029e-01 3.164727918976377730e-01 2.000000000000000000e+00
3.463453333333328943e-01 7.157684999999999187e-01 9.304426666666663071e-01 3.444892499999999136e-01 5.074236722640002029e-01 5.252491017798607276e-01 2.000000000000000000e+00
3.463453333333328943e-01 7.157684999999999187e-01 9.304426666666663071e-01 3.444892499999999136e-01 5.074236722640002029e-01 7.340254116620836822e-01 2.000000000000000000e+00
3.463453333333328943e-01 7.157684999999999187e-01 9.304426666666663071e-01 3.444892499999999136e-01 5.074236722640002029e-01 9.428017215443066368e-01 2.000000000000000000e+00
3.463453333333328943e-01 7.157684999999999187e-01 9.304426666666663071e-01 3.444892499999999136e-01 5.074236722640002029e-01 1.151578031426529591e+00 2.000000000000000000e+00
3.463453333333328943e-01 7.157684999999999187e-01 9.304426666666663071e-01 3.444892499999999136e-01 5.074236722640002029e-01 1.360354341308752657e+00 2.000000000000000000e+00
3.463453333333328943e-01 7.157684999999999187e-01 9.304426666666663071e-01 3.444892499999999136e-01 5.074236722640002029e-01 1.569130651190975723e+00 2.000000000000000000e+00
3.463453333333328943e-01 7.157684999999999187e-01 9.304426666666663071e-01 3.444892499999999136e-01 5.074236722640002029e-01 1.777906961073198566e+00 2.000000000000000000e+00
3.463453333333328943e-01 7.157684999999999187e-01 9.304426666666663071e-01 3.444892499999999136e-01 5.074236722640002029e-01 5.000000000000000278e-02 3.000000000000000000e+00
3.463453333333328943e-01 7.157684999999999187e-01 9.304426666666663071e-01 3.444892499999999136e-01 5.074236722640002029e-01 1.500000000000000222e-01 3.000000000000000000e+00
3.463453333333328943e-01 7.157684999999999187e-01 9.304426666666663071e-01 3.444892499999999136e-01 5.074236722640002029e-01 2.500000000000000000e-01 3.000000000000000000e+00
3.463453333333328943e-01 7.157684999999999187e-01 9.304426666666663071e-01 3.444892499999999136e-01 5.074236722640002029e-01 3.499999999999999778e-01 3.000000000000000000e+00
3.463453333333328943e-01 7.157684999999999187e-01 9.304426666666663071e-01 3.444892499999999136e-01 5.074236722640002029e-01 4.500000000000000111e-01 3.000000000000000000e+00
3.463453333333328943e-01 7.157684999999999187e-01 9.304426666666663071e-01 3.444892499999999136e-01 5.074236722640002029e-01 5.500000000000000444e-01 3.000000000000000000e+00
3.463453333333328943e-01 7.157684999999999187e-01 9.304426666666663071e-01 3.444892499999999136e-01 5.074236722640002029e-01 6.500000000000000222e-01 3.000000000000000000e+00
3.463453333333328943e-01 7.157684999999999187e-01 9.304426666666663071e-01 3.444892499999999136e-01 5.074236722640002029e-01 7.500000000000000000e-01 3.000000000000000000e+00
3.463453333333328943e-01 7.157684999999999187e-01 9.304426666666663071e-01 3.444892499999999136e-01 5.074236722640002029e-01 8.499999999999999778e-01 3.000000000000000000e+00
3.463453333333328943e-01 7.157684999999999187e-01 9.304426666666663071e-01 3.444892499999999136e-01 5.074236722640002029e-01 9.499999999999999556e-01 3.000000000000000000e+00
