1.832119999999998472e-01 7.544208749999999908e-01 5.997639999999992977e-01 3.247047499999999864e-01 8.390795739120000540e-01 1.666666666666666574e-01 0.000000000000000000e+00
1.832119999999998472e-01 7.544208749999999908e-01 5.997639999999992977e-01 3.247047499999999864e-01 8.390795739120000540e-01 3.333333333333333148e-01 0.000000000000000000e+00
1.832119999999998472e-01 7.544208749999999908e-01 5.997639999999992977e-01 3.247047499999999864e-01 8.390795739120000540e-01 5.000000000000000000e-01 0.000000000000000000e+00
1.832119999999998472e-01 7.544208749999999908e-01 5.997639999999992977e-01 3.247047499999999864e-01 8.390795739120000540e-01 6.666666666666666297e-01 0.000000000000000000e+00
1.832119999999998472e-01 7.544208749999999908e-01 5.997639999999992977e-01 3.247047499999999864e-01 8.390795739120000540e-01 8.333333333333333703e-01 0.000000000000000000e+00
1.832119999999998472e-01 7.544208749999999908e-01 5.997639999999992977e-01 3.247047499999999864e-01 8.390795739120000540e-01 1.000000000000000000e+00 0.000000000000000000e+00
1.832119999999998472e-01 7.544208749999999908e-01 5.997639999999992977e-01 3.247047499999999864e-01 8.390795739120000540e-01 -5.136596162191551240e-01 1.000000000000000000e+00
1.832119999999998472e-01 7.544208749999999908e-01 5.997639999999992977e-01 3.247047499999999864e-01 8.390795739120000540e-01 -3.278606590820599687e-01 1.000000000000000000e+00
1.832119999999998472e-01 7.544208749999999908e-01 5.997639999999992977e-01 3.247047499999999864e-01 8.390795739120000540e-01 -1.420617019449646745e-01 1.000000000000000000e+00
1.832119999999998472e-01 7.544208749999999908e-01 5.997639999999992977e-01 3.247047499999999864e-01 8.390795739120000540e-01 4.373725519213051555e-02 1.000000000000000000e+00
1.832119999999998472e-01 7.544208749999999908e-01 5.997639999999992977e-01 3.247047499999999864e-01 8.390795739120000540e-01 2.295362123292256917e-01 1.000000000000000000e+00
1.832119999999998472e-01 7.544208749999999908e-01 5.997639999999992977e-01 3.247047499999999864e-01 8.390795739120000540e-01 4.153351694663208749e-01 1.000000000000000000e+00
1.832119999999998472e-01 7.544208749999999908e-01 5.997639999999992977e-01 3.247047499999999864e-01 8.390795739120000540e-01 6.011341266034161412e-01 1.000000000000000000e+00
1.832119999999998472e-01 7.544208749999999908e-01 5.997639999999992977e-01 3.247047499999999864e-01 8.390795739120000540e-01 7.869330837405114076e-01 1.000000000000000000e+00
1.832119999999998472e-01 7.544208749999999908e-01 5.997639999999992977e-01 3.247047499999999864e-01 8.390795739120000540e-01 9.727320408776065630e-01 1.000000000000000000e+00
1.832119999999998472e-01 7.544208749999999908e-01 5.997639999999992977e-01 3.247047499999999864e-01 8.390795739120000540e-01 1.158530998014701829e+00 1.000000000000000000e+00
1.832119999999998472e-01 7.544208749999999908e-01 5.997639999999992977e-01 3.247047499999999864e-01 8.390795739120000540e-01 -5.220136906435107055e-02 2.000000000000000000e+00
1.832119999999998472e-01 7.544208749999999908e-01 5.997639999999992977e-01 3.247047499999999864e-01 8.390795739120000540e-01 1.563399087492401696e-01 2.000000000000000000e+00
1.832119999999998472e-01 7.544208749999999908e-01 5.997639999999992977e-01 3.247047499999999864e-01 8.390795739120000540e-01 3.648811865628314166e-01 2.000000000000000000e+00
1.832119999999998472e-01 7.544208749999999908e-01 5.997639999999992977e-01 3.247047499999999864e-01 8.390795739120000540e-01 5.734224643764226359e-01 2.000000000000000000e+00
1.832119999999998472e-01 7.544208749999999908e-01 5.997639999999992977e-01 3.247047499999999864e-01 8.390795739120000540e-01 7.819637421900138552e-01 2.000000000000000000e+00
1.832119999999998472e-01 7.544208749999999908e-01 5.997639999999992977e-01 3.247047499999999864e-01 8.390795739120000540e-01 9.905050200036049635e-01 2.000000000000000000e+00
1.832119999999998472e-01 7.544208749999999908e-01 5.997639999999992977e-01 3.247047499999999864e-01 8.390795739120000540e-01 1.199046297817196294e+00 2.000000000000000000e+00
1.832119999999998472e-01 7.544208749999999908e-01 5.997639999999992977e-01 3.247047499999999864e-01 8.390795739120000540e-01 1.407587575630787402e+00 2.000000000000000000e+00
1.832119999999998472e-01 7.544208749999999908e-01 5.997639999999992977e-01 3.247047499999999864e-01 8.390795739120000540e-01 1.616128853444378732e+00 2.000000000000000000e+00
1.832119999999998472e-01 7.544208749999999908e-01 5.997639999999992977e-01 3.247047499999999864e-01 8.390795739120000540e-01 1.824670131257970063e+00 2.000000000000000000e+00
1.832119999999998472e-01 7.544208749999999908e-01 5.997639999999992977e-01 3.247047499999999864e-01 8.390795739120000540e-01 5.000000000000000278e-02 3.000000000000000000e+00
1.832119999999998472e-01 7.544208749999999908e-01 5.997639999999992977e-01 3.247047499999999864e-01 8.390795739120000540e-01 1.500000000000000222e-01 3.000000000000000000e+00
1.832119999999998472e-01 7.544208749999999908e-01 5.997639999999992977e-01 3.247047499999999864e-01 8.390795739120000540e-01 2.500000000000000000e-01 3.000000000000000000e+00
1.832119999999998472e-01 7.544208749999999908e-01 5.997639999999992977e-01 3.247047499999999864e-01 8.390795739120000540e-01 3.499999999999999778e-01 3.000000000000000000e+00
1.832119999999998472e-01 7.544208749999999908e-01 5.997639999999992977e-01 3.247047499999999864e-01 8.390795739120000540e-01 4.500000000000000111e-01 3.000000000000000000e+00
1.832119999999998472e-01 7.544208749999999908e-01 5.997639999999992977e-01 3.247047499999999864e-01 8.390795739120000540e-01 5.500000000000000444e-01 3.000000000000000000e+00
1.832119999999998472e-01 7.544208749999999908e-01 5.997639999999992977e-01 3.247047499999999864e-01 8.390795739120000540e-01 6.500000000000000222e-01 3.000000000000000000e+00
1.832119999999998472e-01 7.544208749999999908e-01 5.997639999999992977e-01 3.247047499999999864e-01 8.390795739120000540e-01 7.500000000000000000e-01 3.000000000000000000e+00
1.832119999999998472e-01 7.544208749999999908e-01 5.997639999999992977e-01 3.247047499999999864e-01 8.390795739120000540e-01 8.499999999999999778e-01 3.000000000000000000e+00
1.832119999999998472e-01 7.544208749999999908e-01 5.997639999999992977e-01 3.247047499999999864e-01 8.390795739120000540e-01 9.499999999999999556e-01 3.000000000000000000e+00
