9.934434671452611627e-04
1.007357404424701368e-03
1.009597417669534907e-03
1.429914835884382122e-03
5.008589148007457775e-03
8.837721210841303909e-02
nan
9.542576962917288103e-03
3.195519621618735616e-03
2.408599237780809348e-03
1.912591822361337174e-03
1.598759205393035423e-03
1.300648815793227844e-03
8.896877626925396663e-04
3.059273812785048407e-03
1.936859211811683273e-02
9.184793602843671634e-02
1.390341671011109323e-02
7.129933732773714727e-03
3.154365314641802750e-03
2.318774372076002396e-03
2.136542175176695587e-03
2.556710329707430427e-03
4.476850309644147229e-03
1.445450279316468946e-02
1.079728884077739287e-01
2.874286723165796979e-03
2.528805978454691690e-03
1.973979853553987310e-03
2.241474376987578117e-03
2.274184060387406722e-03
2.378431160528369972e-03
3.060674015518997752e-03
9.061359048608996769e-03
3.288657556474587629e-02
nan
