8.407039860986691279e-04
8.269310362714300203e-04
8.228111226110468648e-04
1.408078127582724007e-03
4.716269472130773209e-03
7.157539290195071013e-02
2.155719448408821223e-02
3.765517489340370217e-03
2.489480912901916466e-03
1.646116557701866228e-03
1.377436550944951231e-03
1.230395868137124267e-03
1.061138399046084903e-03
1.102316782715371353e-03
4.843420995944616898e-03
4.810456929208346832e-02
5.305456638640296957e-02
1.783070554497190319e-02
6.723572466541798826e-03
3.631133666271915608e-03
2.012866464643194887e-03
2.179942322604166722e-03
2.580564704102962167e-03
5.389916928865471323e-03
1.033662594376843179e-02
4.899539464934427047e-02
2.564142918605135258e-03
2.120900557929916025e-03
1.801329432648511586e-03
2.060485385792182843e-03
1.750997001970606200e-03
1.978034752383324522e-03
2.974395766618603137e-03
7.226169990146909076e-03
2.686175052048673378e-02
nan
