5.395002080352484519e+00
5.719826669340516645e+00
5.314885320245941180e+00
4.305041528507598692e+00
2.684242067592663261e+00
2.941905711336757490e-01
-inf
2.540935280857516965e+00
3.424327700908702088e+00
3.824158388504615758e+00
4.141123832268418070e+00
4.377905861049034009e+00
4.489306856542886415e+00
4.280847871389236836e+00
3.417803722639880970e+00
1.605439731979342977e+00
5.952205667976568915e-01
2.007667780244966949e+00
2.857407888234583027e+00
3.461418796263814102e+00
3.856670371450324986e+00
3.909106191921300599e+00
3.657024463423895533e+00
3.114506734374042018e+00
2.141008591542206574e+00
5.829861103806452949e-01
3.500438030455957694e+00
3.845888356857467549e+00
3.927152134277434481e+00
3.993297735716000219e+00
3.994266272992829325e+00
3.880497399395253399e+00
3.528892607829712702e+00
2.838524428701616031e+00
1.574935106725963374e+00
-inf
