5.406407317094649834e+00
5.731550087889149658e+00
5.326522239788287649e+00
4.315172357208987286e+00
2.698100545623389745e+00
3.010299956639811980e-01
1.146128035678237955e+00
2.985875357308393596e+00
3.595496221825574157e+00
3.939668983522326418e+00
4.219820207147237490e+00
4.424473273195334677e+00
4.478205636011882262e+00
4.146221088811880229e+00
3.170555058521208558e+00
1.204119982655924792e+00
8.450980400142568127e-01
1.973127853599698556e+00
2.822168079368017501e+00
3.475816413031318053e+00
3.867762024650200470e+00
3.927934681741179546e+00
3.684935082640889537e+00
3.128076012668715489e+00
2.164352855784437146e+00
4.771212547196624354e-01
3.524915147539867011e+00
3.848435455331471022e+00
3.943395576508954559e+00
4.006037954997316852e+00
4.006252051369364686e+00
3.893983567211847241e+00
3.554246808166110494e+00
2.859738566197147058e+00
1.662757831681574094e+00
-inf
