1.995826666666668248e-01 7.940213749999999182e-01 8.307173333333326415e-01 1.982112499999999500e-01 6.478082089839998226e-01 1.666666666666666574e-01 0.000000000000000000e+00
1.995826666666668248e-01 7.940213749999999182e-01 8.307173333333326415e-01 1.982112499999999500e-01 6.478082089839998226e-01 3.333333333333333148e-01 0.000000000000000000e+00
1.995826666666668248e-01 7.940213749999999182e-01 8.307173333333326415e-01 1.982112499999999500e-01 6.478082089839998226e-01 5.000000000000000000e-01 0.000000000000000000e+00
1.995826666666668248e-01 7.940213749999999182e-01 8.307173333333326415e-01 1.982112499999999500e-01 6.478082089839998226e-01 6.666666666666666297e-01 0.000000000000000000e+00
1.995826666666668248e-01 7.940213749999999182e-01 8.307173333333326415e-01 1.982112499999999500e-01 6.478082089839998226e-01 8.333333333333333703e-01 0.000000000000000000e+00
1.995826666666668248e-01 7.940213749999999182e-01 8.307173333333326415e-01 1.982112499999999500e-01 6.478082089839998226e-01 1.000000000000000000e+00 0.000000000000000000e+00
1.995826666666668248e-01 7.940213749999999182e-01 8.307173333333326415e-01 1.982112499999999500e-01 6.478082089839998226e-01 -5.049108257886889550e-01 1.000000000000000000e+00
1.995826666666668248e-01 7.940213749999999182e-01 8.307173333333326415e-01 1.982112499999999500e-01 6.478082089839998226e-01 -3.145615084622773727e-01 1.000000000000000000e+00
1.995826666666668248e-01 7.940213749999999182e-01 8.307173333333326415e-01 1.982112499999999500e-01 6.478082089839998226e-01 -1.242121911358657071e-01 1.000000000000000000e+00
1.995826666666668248e-01 7.940213749999999182e-01 8.307173333333326415e-01 1.982112499999999500e-01 6.478082089839998226e-01 6.613712619054580577e-02 1.000000000000000000e+00
1.995826666666668248e-01 7.940213749999999182e-01 8.307173333333326415e-01 1.982112499999999500e-01 6.478082089839998226e-01 2.564864435169575407e-01 1.000000000000000000e+00
1.995826666666668248e-01 7.940213749999999182e-01 8.307173333333326415e-01 1.982112499999999500e-01 6.478082089839998226e-01 4.468357608433691786e-01 1.000000000000000000e+00
1.995826666666668248e-01 7.940213749999999182e-01 8.307173333333326415e-01 1.982112499999999500e-01 6.478082089839998226e-01 6.371850781697808719e-01 1.000000000000000000e+00
1.995826666666668248e-01 7.940213749999999182e-01 8.307173333333326415e-01 1.982112499999999500e-01 6.478082089839998226e-01 8.275343954961924542e-01 1.000000000000000000e+00
1.995826666666668248e-01 7.940213749999999182e-01 8.307173333333326415e-01 1.982112499999999500e-01 6.478082089839998226e-01 1.017883712822604148e+00 1.000000000000000000e+00
1.995826666666668248e-01 7.940213749999999182e-01 8.307173333333326415e-01 1.982112499999999500e-01 6.478082089839998226e-01 1.208233030149015841e+00 1.000000000000000000e+00
1.995826666666668248e-01 7.940213749999999182e-01 8.307173333333326415e-01 1.982112499999999500e-01 6.478082089839998226e-01 -8.616181804349266893e-02 2.000000000000000000e+00
1.995826666666668248e-01 7.940213749999999182e-01 8.307173333333326415e-01 1.982112499999999500e-01 6.478082089839998226e-01 1.305115274925436331e-01 2.000000000000000000e+00
1.995826666666668248e-01 7.940213749999999182e-01 8.307173333333326415e-01 1.982112499999999500e-01 6.478082089839998226e-01 3.471848730285799212e-01 2.000000000000000000e+00
1.995826666666668248e-01 7.940213749999999182e-01 8.307173333333326415e-01 1.982112499999999500e-01 6.478082089839998226e-01 5.638582185646162648e-01 2.000000000000000000e+00
1.995826666666668248e-01 7.940213749999999182e-01 8.307173333333326415e-01 1.982112499999999500e-01 6.478082089839998226e-01 7.805315641006524974e-01 2.000000000000000000e+00
1.995826666666668248e-01 7.940213749999999182e-01 8.307173333333326415e-01 1.982112499999999500e-01 6.478082089839998226e-01 9.972049096366888410e-01 2.000000000000000000e+00
1.995826666666668248e-01 7.940213749999999182e-01 8.307173333333326415e-01 1.982112499999999500e-01 6.478082089839998226e-01 1.213878255172725407e+00 2.000000000000000000e+00
1.995826666666668248e-01 7.940213749999999182e-01 8.307173333333326415e-01 1.982112499999999500e-01 6.478082089839998226e-01 1.430551600708761750e+00 2.000000000000000000e+00
1.995826666666668248e-01 7.940213749999999182e-01 8.307173333333326415e-01 1.982112499999999500e-01 6.478082089839998226e-01 1.647224946244798094e+00 2.000000000000000000e+00
1.995826666666668248e-01 7.940213749999999182e-01 8.307173333333326415e-01 1.982112499999999500e-01 6.478082089839998226e-01 1.863898291780834215e+00 2.000000000000000000e+00
1.995826666666668248e-01 7.940213749999999182e-01 8.307173333333326415e-01 1.982112499999999500e-01 6.478082089839998226e-01 5.000000000000000278e-02 3.000000000000000000e+00
1.995826666666668248e-01 7.940213749999999182e-01 8.307173333333326415e-01 1.982112499999999500e-01 6.478082089839998226e-01 1.500000000000000222e-01 3.000000000000000000e+00
1.995826666666668248e-01 7.940213749999999182e-01 8.307173333333326415e-01 1.982112499999999500e-01 6.478082089839998226e-01 2.500000000000000000e-01 3.000000000000000000e+00
1.995826666666668248e-01 7.940213749999999182e-01 8.307173333333326415e-01 1.982112499999999500e-01 6.478082089839998226e-01 3.499999999999999778e-01 3.000000000000000000e+00
1.995826666666668248e-01 7.940213749999999182e-01 8.307173333333326415e-01 1.982112499999999500e-01 6.478082089839998226e-01 4.500000000000000111e-01 3.000000000000000000e+00
1.995826666666668248e-01 7.940213749999999182e-01 8.307173333333326415e-01 1.982112499999999500e-01 6.478082089839998226e-01 5.500000000000000444e-01 3.000000000000000000e+00
1.995826666666668248e-01 7.940213749999999182e-01 8.307173333333326415e-01 1.982112499999999500e-01 6.478082089839998226e-01 6.500000000000000222e-01 3.000000000000000000e+00
1.995826666666668248e-01 7.940213749999999182e-01 8.307173333333326415e-01 1.982112499999999500e-01 6.478082089839998226e-01 7.500000000000000000e-01 3.000000000000000000e+00
1.995826666666668248e-01 7.940213749999999182e-01 8.307173333333326415e-01 1.982112499999999500e-01 6.478082089839998226e-01 8.499999999999999778e-01 3.000000000000000000e+00
1.995826666666668248e-01 7.940213749999999182e-01 8.307173333333326415e-01 1.982112499999999500e-01 6.478082089839998226e-01 9.499999999999999556e-01 3.000000000000000000e+00
