5.391784493466109218e+00
5.714357635861232687e+00
5.312410334356877151e+00
4.297500280362033465e+00
2.694728560525621930e+00
2.941905711336757490e-01
1.655918407151268479e+00
3.149079523070577036e+00
3.640309039029167248e+00
3.972529709451533275e+00
4.240667399619615807e+00
4.423585034033625796e+00
4.447238969311379186e+00
4.029601884855889438e+00
2.949816771805009896e+00
8.953880110720402463e-01
-1.378828448563329534e-02
1.652910815616699169e+00
2.610759943557154905e+00
3.307750015210226824e+00
3.781965068514343109e+00
3.931470584041618199e+00
3.732687713873955815e+00
3.268395124903532789e+00
2.447715083147882442e+00
1.012045919630068402e+00
3.514817442810333592e+00
3.834373011332135039e+00
3.927869790344795664e+00
3.992066568933188897e+00
3.983414838421831305e+00
3.869515898883056249e+00
3.525283765299997984e+00
2.828629691399147106e+00
1.648664886024623133e+00
-inf
