1.649233333333332552e-01 9.314594999999999958e-01 5.231359999999991572e-01 1.164660000000000695e-01 6.983077499600001126e-01 1.666666666666666574e-01 0.000000000000000000e+00
1.649233333333332552e-01 9.314594999999999958e-01 5.231359999999991572e-01 1.164660000000000695e-01 6.983077499600001126e-01 3.333333333333333148e-01 0.000000000000000000e+00
1.649233333333332552e-01 9.314594999999999958e-01 5.231359999999991572e-01 1.164660000000000695e-01 6.983077499600001126e-01 5.000000000000000000e-01 0.000000000000000000e+00
1.649233333333332552e-01 9.314594999999999958e-01 5.231359999999991572e-01 1.164660000000000695e-01 6.983077499600001126e-01 6.666666666666666297e-01 0.000000000000000000e+00
1.649233333333332552e-01 9.314594999999999958e-01 5.231359999999991572e-01 1.164660000000000695e-01 6.983077499600001126e-01 8.333333333333333703e-01 0.000000000000000000e+00
1.649233333333332552e-01 9.314594999999999958e-01 5.231359999999991572e-01 1.164660000000000695e-01 6.983077499600001126e-01 1.000000000000000000e+00 0.000000000000000000e+00
1.649233333333332552e-01 9.314594999999999958e-01 5.231359999999991572e-01 1.164660000000000695e-01 6.983077499600001126e-01 -6.161928713412274661e-01 1.000000000000000000e+00
1.649233333333332552e-01 9.314594999999999958e-01 5.231359999999991572e-01 1.164660000000000695e-01 6.983077499600001126e-01 -4.150338389196130962e-01 1.000000000000000000e+00
1.649233333333332552e-01 9.314594999999999958e-01 5.231359999999991572e-01 1.164660000000000695e-01 6.983077499600001126e-01 -2.138748064979986430e-01 1.000000000000000000e+00
1.649233333333332552e-01 9.314594999999999958e-01 5.231359999999991572e-01 1.164660000000000695e-01 6.983077499600001126e-01 -1.271577407638422620e-02 1.000000000000000000e+00
1.649233333333332552e-01 9.314594999999999958e-01 5.231359999999991572e-01 1.164660000000000695e-01 6.983077499600001126e-01 1.884432583452301802e-01 1.000000000000000000e+00
1.649233333333332552e-01 9.314594999999999958e-01 5.231359999999991572e-01 1.164660000000000695e-01 6.983077499600001126e-01 3.896022907668446056e-01 1.000000000000000000e+00
1.649233333333332552e-01 9.314594999999999958e-01 5.231359999999991572e-01 1.164660000000000695e-01 6.983077499600001126e-01 5.907613231884589755e-01 1.000000000000000000e+00
1.649233333333332552e-01 9.314594999999999958e-01 5.231359999999991572e-01 1.164660000000000695e-01 6.983077499600001126e-01 7.919203556100733454e-01 1.000000000000000000e+00
1.649233333333332552e-01 9.314594999999999958e-01 5.231359999999991572e-01 1.164660000000000695e-01 6.983077499600001126e-01 9.930793880316879374e-01 1.000000000000000000e+00
1.649233333333332552e-01 9.314594999999999958e-01 5.231359999999991572e-01 1.164660000000000695e-01 6.983077499600001126e-01 1.194238420453302307e+00 1.000000000000000000e+00
1.649233333333332552e-01 9.314594999999999958e-01 5.231359999999991572e-01 1.164660000000000695e-01 6.983077499600001126e-01 -6.541750243179574043e-02 2.000000000000000000e+00
1.649233333333332552e-01 9.314594999999999958e-01 5.231359999999991572e-01 1.164660000000000695e-01 6.983077499600001126e-01 1.480541729164464027e-01 2.000000000000000000e+00
1.649233333333332552e-01 9.314594999999999958e-01 5.231359999999991572e-01 1.164660000000000695e-01 6.983077499600001126e-01 3.615258482646884763e-01 2.000000000000000000e+00
1.649233333333332552e-01 9.314594999999999958e-01 5.231359999999991572e-01 1.164660000000000695e-01 6.983077499600001126e-01 5.749975236129305500e-01 2.000000000000000000e+00
1.649233333333332552e-01 9.314594999999999958e-01 5.231359999999991572e-01 1.164660000000000695e-01 6.983077499600001126e-01 7.884691989611727347e-01 2.000000000000000000e+00
1.649233333333332552e-01 9.314594999999999958e-01 5.231359999999991572e-01 1.164660000000000695e-01 6.983077499600001126e-01 1.001940874309414697e+00 2.000000000000000000e+00
1.649233333333332552e-01 9.314594999999999958e-01 5.231359999999991572e-01 1.164660000000000695e-01 6.983077499600001126e-01 1.215412549657656882e+00 2.000000000000000000e+00
1.649233333333332552e-01 9.314594999999999958e-01 5.231359999999991572e-01 1.164660000000000695e-01 6.983077499600001126e-01 1.428884225005898845e+00 2.000000000000000000e+00
1.649233333333332552e-01 9.314594999999999958e-01 5.231359999999991572e-01 1.164660000000000695e-01 6.983077499600001126e-01 1.642355900354141029e+00 2.000000000000000000e+00
1.649233333333332552e-01 9.314594999999999958e-01 5.231359999999991572e-01 1.164660000000000695e-01 6.983077499600001126e-01 1.855827575702382992e+00 2.000000000000000000e+00
1.649233333333332552e-01 9.314594999999999958e-01 5.231359999999991572e-01 1.164660000000000695e-01 6.983077499600001126e-01 5.000000000000000278e-02 3.000000000000000000e+00
1.649233333333332552e-01 9.314594999999999958e-01 5.231359999999991572e-01 1.164660000000000695e-01 6.983077499600001126e-01 1.500000000000000222e-01 3.000000000000000000e+00
1.649233333333332552e-01 9.314594999999999958e-01 5.231359999999991572e-01 1.164660000000000695e-01 6.983077499600001126e-01 2.500000000000000000e-01 3.000000000000000000e+00
1.649233333333332552e-01 9.314594999999999958e-01 5.231359999999991572e-01 1.164660000000000695e-01 6.983077499600001126e-01 3.499999999999999778e-01 3.000000000000000000e+00
1.649233333333332552e-01 9.314594999999999958e-01 5.231359999999991572e-01 1.164660000000000695e-01 6.983077499600001126e-01 4.500000000000000111e-01 3.000000000000000000e+00
1.649233333333332552e-01 9.314594999999999958e-01 5.231359999999991572e-01 1.164660000000000695e-01 6.983077499600001126e-01 5.500000000000000444e-01 3.000000000000000000e+00
1.649233333333332552e-01 9.314594999999999958e-01 5.231359999999991572e-01 1.164660000000000695e-01 6.983077499600001126e-01 6.500000000000000222e-01 3.000000000000000000e+00
1.649233333333332552e-01 9.314594999999999958e-01 5.231359999999991572e-01 1.164660000000000695e-01 6.983077499600001126e-01 7.500000000000000000e-01 3.000000000000000000e+00
1.649233333333332552e-01 9.314594999999999958e-01 5.231359999999991572e-01 1.164660000000000695e-01 6.983077499600001126e-01 8.499999999999999778e-01 3.000000000000000000e+00
1.649233333333332552e-01 9.314594999999999958e-01 5.231359999999991572e-01 1.164660000000000695e-01 6.983077499600001126e-01 9.499999999999999556e-01 3.000000000000000000e+00
