9.861739999999997730e-01 3.706249999999994271e-02 6.809720000000001328e-01 8.967182499999998280e-01 1.491949855999998853e-01 1.666666666666666574e-01 0.000000000000000000e+00
9.861739999999997730e-01 3.706249999999994271e-02 6.809720000000001328e-01 8.967182499999998280e-01 1.491949855999998853e-01 3.333333333333333148e-01 0.000000000000000000e+00
9.861739999999997730e-01 3.706249999999994271e-02 6.809720000000001328e-01 8.967182499999998280e-01 1.491949855999998853e-01 5.000000000000000000e-01 0.000000000000000000e+00
9.861739999999997730e-01 3.706249999999994271e-02 6.809720000000001328e-01 8.967182499999998280e-01 1.491949855999998853e-01 6.666666666666666297e-01 0.000000000000000000e+00
9.861739999999997730e-01 3.706249999999994271e-02 6.809720000000001328e-01 8.967182499999998280e-01 1.491949855999998853e-01 8.333333333333333703e-01 0.000000000000000000e+00
9.861739999999997730e-01 3.706249999999994271e-02 6.809720000000001328e-01 8.967182499999998280e-01 1.491949855999998853e-01 1.000000000000000000e+00 0.000000000000000000e+00
9.861739999999997730e-01 3.706249999999994271e-02 6.809720000000001328e-01 8.967182499999998280e-01 1.491949855999998853e-01 -5.443523357390943618e-01 1.000000000000000000e+00
9.861739999999997730e-01 3.706249999999994271e-02 6.809720000000001328e-01 8.967182499999998280e-01 1.491949855999998853e-01 -3.539906199798009689e-01 1.000000000000000000e+00
9.861739999999997730e-01 3.706249999999994271e-02 6.809720000000001328e-01 8.967182499999998280e-01 1.491949855999998853e-01 -1.636289042205075484e-01 1.000000000000000000e+00
9.861739999999997730e-01 3.706249999999994271e-02 6.809720000000001328e-01 8.967182499999998280e-01 1.491949855999998853e-01 2.673281153878581673e-02 1.000000000000000000e+00
9.861739999999997730e-01 3.706249999999994271e-02 6.809720000000001328e-01 8.967182499999998280e-01 1.491949855999998853e-01 2.170945272980791818e-01 1.000000000000000000e+00
9.861739999999997730e-01 3.706249999999994271e-02 6.809720000000001328e-01 8.967182499999998280e-01 1.491949855999998853e-01 4.074562430573725469e-01 1.000000000000000000e+00
9.861739999999997730e-01 3.706249999999994271e-02 6.809720000000001328e-01 8.967182499999998280e-01 1.491949855999998853e-01 5.978179588166658842e-01 1.000000000000000000e+00
9.861739999999997730e-01 3.706249999999994271e-02 6.809720000000001328e-01 8.967182499999998280e-01 1.491949855999998853e-01 7.881796745759593881e-01 1.000000000000000000e+00
9.861739999999997730e-01 3.706249999999994271e-02 6.809720000000001328e-01 8.967182499999998280e-01 1.491949855999998853e-01 9.785413903352527809e-01 1.000000000000000000e+00
9.861739999999997730e-01 3.706249999999994271e-02 6.809720000000001328e-01 8.967182499999998280e-01 1.491949855999998853e-01 1.168903106094546285e+00 1.000000000000000000e+00
9.861739999999997730e-01 3.706249999999994271e-02 6.809720000000001328e-01 8.967182499999998280e-01 1.491949855999998853e-01 -4.679575234810060685e-02 2.000000000000000000e+00
9.861739999999997730e-01 3.706249999999994271e-02 6.809720000000001328e-01 8.967182499999998280e-01 1.491949855999998853e-01 1.620051689982432985e-01 2.000000000000000000e+00
9.861739999999997730e-01 3.706249999999994271e-02 6.809720000000001328e-01 8.967182499999998280e-01 1.491949855999998853e-01 3.708060903445872247e-01 2.000000000000000000e+00
9.861739999999997730e-01 3.706249999999994271e-02 6.809720000000001328e-01 8.967182499999998280e-01 1.491949855999998853e-01 5.796070116909310954e-01 2.000000000000000000e+00
9.861739999999997730e-01 3.706249999999994271e-02 6.809720000000001328e-01 8.967182499999998280e-01 1.491949855999998853e-01 7.884079330372750771e-01 2.000000000000000000e+00
9.861739999999997730e-01 3.706249999999994271e-02 6.809720000000001328e-01 8.967182499999998280e-01 1.491949855999998853e-01 9.972088543836189478e-01 2.000000000000000000e+00
9.861739999999997730e-01 3.706249999999994271e-02 6.809720000000001328e-01 8.967182499999998280e-01 1.491949855999998853e-01 1.206009775729962819e+00 2.000000000000000000e+00
9.861739999999997730e-01 3.706249999999994271e-02 6.809720000000001328e-01 8.967182499999998280e-01 1.491949855999998853e-01 1.414810697076307022e+00 2.000000000000000000e+00
9.861739999999997730e-01 3.706249999999994271e-02 6.809720000000001328e-01 8.967182499999998280e-01 1.491949855999998853e-01 1.623611618422650782e+00 2.000000000000000000e+00
9.861739999999997730e-01 3.706249999999994271e-02 6.809720000000001328e-01 8.967182499999998280e-01 1.491949855999998853e-01 1.832412539768994542e+00 2.000000000000000000e+00
9.861739999999997730e-01 3.706249999999994271e-02 6.809720000000001328e-01 8.967182499999998280e-01 1.491949855999998853e-01 5.000000000000000278e-02 3.000000000000000000e+00
9.861739999999997730e-01 3.706249999999994271e-02 6.809720000000001328e-01 8.967182499999998280e-01 1.491949855999998853e-01 1.500000000000000222e-01 3.000000000000000000e+00
9.861739999999997730e-01 3.706249999999994271e-02 6.809720000000001328e-01 8.967182499999998280e-01 1.491949855999998853e-01 2.500000000000000000e-01 3.000000000000000000e+00
9.861739999999997730e-01 3.706249999999994271e-02 6.809720000000001328e-01 8.967182499999998280e-01 1.491949855999998853e-01 3.499999999999999778e-01 3.000000000000000000e+00
9.861739999999997730e-01 3.706249999999994271e-02 6.809720000000001328e-01 8.967182499999998280e-01 1.491949855999998853e-01 4.500000000000000111e-01 3.000000000000000000e+00
9.861739999999997730e-01 3.706249999999994271e-02 6.809720000000001328e-01 8.967182499999998280e-01 1.491949855999998853e-01 5.500000000000000444e-01 3.000000000000000000e+00
9.861739999999997730e-01 3.706249999999994271e-02 6.809720000000001328e-01 8.967182499999998280e-01 1.491949855999998853e-01 6.500000000000000222e-01 3.000000000000000000e+00
9.861739999999997730e-01 3.706249999999994271e-02 6.809720000000001328e-01 8.967182499999998280e-01 1.491949855999998853e-01 7.500000000000000000e-01 3.000000000000000000e+00
9.861739999999997730e-01 3.706249999999994271e-02 6.809720000000001328e-01 8.967182499999998280e-01 1.491949855999998853e-01 8.499999999999999778e-01 3.000000000000000000e+00
9.861739999999997730e-01 3.706249999999994271e-02 6.809720000000001328e-01 8.967182499999998280e-01 1.491949855999998853e-01 9.499999999999999556e-01 3.000000000000000000e+00
