9.692829592293431126e-04
9.967919012676725986e-04
1.014063883391808649e-03
1.373221417491087915e-03
6.280678776518692705e-03
7.157539290195071013e-02
1.819555586279724552e-02
4.090970408236307802e-03
2.554667462255376387e-03
2.193184026594679949e-03
1.768401676327618433e-03
1.385630234248199288e-03
1.250881912609704081e-03
1.273881402263928259e-03
4.036276777563826794e-03
6.147592613027646341e-02
8.240390098313653267e-02
1.562424032158110654e-02
7.054908072801878600e-03
3.388950987420454811e-03
2.469432567798025314e-03
2.299427969641190846e-03
2.670319345131284654e-03
5.347007623668486621e-03
1.210751577085492081e-02
9.373947157255817231e-02
2.624145583759195099e-03
2.405627746065518418e-03
1.749781510851335141e-03
2.145913963221056896e-03
2.157911704608006694e-03
2.572872547293962673e-03
3.149035564413817014e-03
6.307075944773259286e-03
2.630761025151781562e-02
nan
