1.044973333333331367e-01 8.070984999999999410e-01 6.049573333333332359e-01 2.188134999999999386e-01 9.347412239679999679e-01 1.666666666666666574e-01 0.000000000000000000e+00
1.044973333333331367e-01 8.070984999999999410e-01 6.049573333333332359e-01 2.188134999999999386e-01 9.347412239679999679e-01 3.333333333333333148e-01 0.000000000000000000e+00
1.044973333333331367e-01 8.070984999999999410e-01 6.049573333333332359e-01 2.188134999999999386e-01 9.347412239679999679e-01 5.000000000000000000e-01 0.000000000000000000e+00
1.044973333333331367e-01 8.070984999999999410e-01 6.049573333333332359e-01 2.188134999999999386e-01 9.347412239679999679e-01 6.666666666666666297e-01 0.000000000000000000e+00
1.044973333333331367e-01 8.070984999999999410e-01 6.049573333333332359e-01 2.188134999999999386e-01 9.347412239679999679e-01 8.333333333333333703e-01 0.000000000000000000e+00
1.044973333333331367e-01 8.070984999999999410e-01 6.049573333333332359e-01 2.188134999999999386e-01 9.347412239679999679e-01 1.000000000000000000e+00 0.000000000000000000e+00
1.044973333333331367e-01 8.070984999999999410e-01 6.049573333333332359e-01 2.188134999999999386e-01 9.347412239679999679e-01 -6.689133137288596487e-01 1.000000000000000000e+00
1.044973333333331367e-01 8.070984999999999410e-01 6.049573333333332359e-01 2.188134999999999386e-01 9.347412239679999679e-01 -4.615345810162920781e-01 1.000000000000000000e+00
1.044973333333331367e-01 8.070984999999999410e-01 6.049573333333332359e-01 2.188134999999999386e-01 9.347412239679999679e-01 -2.541558483037244520e-01 1.000000000000000000e+00
1.044973333333331367e-01 8.070984999999999410e-01 6.049573333333332359e-01 2.188134999999999386e-01 9.347412239679999679e-01 -4.677711559115686063e-02 1.000000000000000000e+00
1.044973333333331367e-01 8.070984999999999410e-01 6.049573333333332359e-01 2.188134999999999386e-01 9.347412239679999679e-01 1.606016171214106336e-01 1.000000000000000000e+00
1.044973333333331367e-01 8.070984999999999410e-01 6.049573333333332359e-01 2.188134999999999386e-01 9.347412239679999679e-01 3.679803498339782597e-01 1.000000000000000000e+00
1.044973333333331367e-01 8.070984999999999410e-01 6.049573333333332359e-01 2.188134999999999386e-01 9.347412239679999679e-01 5.753590825465459968e-01 1.000000000000000000e+00
1.044973333333331367e-01 8.070984999999999410e-01 6.049573333333332359e-01 2.188134999999999386e-01 9.347412239679999679e-01 7.827378152591135674e-01 1.000000000000000000e+00
1.044973333333331367e-01 8.070984999999999410e-01 6.049573333333332359e-01 2.188134999999999386e-01 9.347412239679999679e-01 9.901165479716811380e-01 1.000000000000000000e+00
1.044973333333331367e-01 8.070984999999999410e-01 6.049573333333332359e-01 2.188134999999999386e-01 9.347412239679999679e-01 1.197495280684248709e+00 1.000000000000000000e+00
1.044973333333331367e-01 8.070984999999999410e-01 6.049573333333332359e-01 2.188134999999999386e-01 9.347412239679999679e-01 -3.023602683740969979e-02 2.000000000000000000e+00
1.044973333333331367e-01 8.070984999999999410e-01 6.049573333333332359e-01 2.188134999999999386e-01 9.347412239679999679e-01 1.774680107535815676e-01 2.000000000000000000e+00
1.044973333333331367e-01 8.070984999999999410e-01 6.049573333333332359e-01 2.188134999999999386e-01 9.347412239679999679e-01 3.851720483445726928e-01 2.000000000000000000e+00
1.044973333333331367e-01 8.070984999999999410e-01 6.049573333333332359e-01 2.188134999999999386e-01 9.347412239679999679e-01 5.928760859355639568e-01 2.000000000000000000e+00
1.044973333333331367e-01 8.070984999999999410e-01 6.049573333333332359e-01 2.188134999999999386e-01 9.347412239679999679e-01 8.005801235265550542e-01 2.000000000000000000e+00
1.044973333333331367e-01 8.070984999999999410e-01 6.049573333333332359e-01 2.188134999999999386e-01 9.347412239679999679e-01 1.008284161117546374e+00 2.000000000000000000e+00
1.044973333333331367e-01 8.070984999999999410e-01 6.049573333333332359e-01 2.188134999999999386e-01 9.347412239679999679e-01 1.215988198708537471e+00 2.000000000000000000e+00
1.044973333333331367e-01 8.070984999999999410e-01 6.049573333333332359e-01 2.188134999999999386e-01 9.347412239679999679e-01 1.423692236299528568e+00 2.000000000000000000e+00
1.044973333333331367e-01 8.070984999999999410e-01 6.049573333333332359e-01 2.188134999999999386e-01 9.347412239679999679e-01 1.631396273890519666e+00 2.000000000000000000e+00
1.044973333333331367e-01 8.070984999999999410e-01 6.049573333333332359e-01 2.188134999999999386e-01 9.347412239679999679e-01 1.839100311481510985e+00 2.000000000000000000e+00
1.044973333333331367e-01 8.070984999999999410e-01 6.049573333333332359e-01 2.188134999999999386e-01 9.347412239679999679e-01 5.000000000000000278e-02 3.000000000000000000e+00
1.044973333333331367e-01 8.070984999999999410e-01 6.049573333333332359e-01 2.188134999999999386e-01 9.347412239679999679e-01 1.500000000000000222e-01 3.000000000000000000e+00
1.044973333333331367e-01 8.070984999999999410e-01 6.049573333333332359e-01 2.188134999999999386e-01 9.347412239679999679e-01 2.500000000000000000e-01 3.000000000000000000e+00
1.044973333333331367e-01 8.070984999999999410e-01 6.049573333333332359e-01 2.188134999999999386e-01 9.347412239679999679e-01 3.499999999999999778e-01 3.000000000000000000e+00
1.044973333333331367e-01 8.070984999999999410e-01 6.049573333333332359e-01 2.188134999999999386e-01 9.347412239679999679e-01 4.500000000000000111e-01 3.000000000000000000e+00
1.044973333333331367e-01 8.070984999999999410e-01 6.049573333333332359e-01 2.188134999999999386e-01 9.347412239679999679e-01 5.500000000000000444e-01 3.000000000000000000e+00
1.044973333333331367e-01 8.070984999999999410e-01 6.049573333333332359e-01 2.188134999999999386e-01 9.347412239679999679e-01 6.500000000000000222e-01 3.000000000000000000e+00
1.044973333333331367e-01 8.070984999999999410e-01 6.049573333333332359e-01 2.188134999999999386e-01 9.347412239679999679e-01 7.500000000000000000e-01 3.000000000000000000e+00
1.044973333333331367e-01 8.070984999999999410e-01 6.049573333333332359e-01 2.188134999999999386e-01 9.347412239679999679e-01 8.499999999999999778e-01 3.000000000000000000e+00
1.044973333333331367e-01 8.070984999999999410e-01 6.049573333333332359e-01 2.188134999999999386e-01 9.347412239679999679e-01 9.499999999999999556e-01 3.000000000000000000e+00
