1.031287149393105831e-03
1.071543396577894110e-03
1.068538136080116312e-03
1.377715868211130002e-03
5.658097129993145541e-03
8.837721210841303909e-02
3.621339482321343783e-02
4.214132103876906850e-03
2.395514701003461939e-03
2.091632848613021820e-03
1.802543601348734681e-03
1.511376931951240827e-03
1.280964681191153719e-03
1.290816306129987647e-03
3.559826136767918481e-03
2.439749648069723664e-02
4.855073638222853066e-02
1.548635158934191271e-02
5.403807298038397836e-03
2.996655577959705247e-03
2.152196012537104484e-03
2.132036332846100422e-03
3.323329996647547777e-03
6.806170330889157495e-03
2.095020865298363386e-02
1.249349466518521606e-01
2.996620920536068999e-03
2.134171298147785351e-03
2.072223154762395381e-03
2.327473543248173918e-03
2.376098782142099883e-03
2.736407922929914513e-03
3.677641938453142176e-03
6.770900726927648987e-03
2.095155811277478464e-02
nan
