5.380927575806402352e+00
5.703661271163768198e+00
5.300727207240718997e+00
4.291161686877212667e+00
2.675305651843526533e+00
4.702818301893569863e-01
1.636613251955882031e+00
3.149680882482938316e+00
3.631519865351053866e+00
3.961315770817330773e+00
4.228660164642297659e+00
4.409300284510348611e+00
4.429709897896741744e+00
4.026345543782150926e+00
2.963108711520068272e+00
5.952205667976568915e-01
4.679778752797926766e-01
1.944251274676314978e+00
2.750243147387398057e+00
3.414228876547563907e+00
3.807911152229485729e+00
3.898768876160958463e+00
3.662970206395096184e+00
3.166305202913347383e+00
2.223406697646570063e+00
6.837785054409475372e-01
3.513252984967405901e+00
3.834726605029329161e+00
3.921857104088334989e+00
3.975638566181296074e+00
3.970908851757676494e+00
3.865696984417985593e+00
3.521211658991266980e+00
2.847514821331194490e+00
1.755159967475014016e+00
-inf
