5.966693333333333849e-01 3.260024999999999729e-01 1.337666666666667559e-01 5.345600000000000351e-01 4.134808804080001288e-01 1.666666666666666574e-01
5.966693333333333849e-01 3.260024999999999729e-01 1.337666666666667559e-01 5.345600000000000351e-01 4.134808804080001288e-01 3.333333333333333148e-01
5.966693333333333849e-01 3.260024999999999729e-01 1.337666666666667559e-01 5.345600000000000351e-01 4.134808804080001288e-01 5.000000000000000000e-01
5.966693333333333849e-01 3.260024999999999729e-01 1.337666666666667559e-01 5.345600000000000351e-01 4.134808804080001288e-01 6.666666666666666297e-01
5.966693333333333849e-01 3.260024999999999729e-01 1.337666666666667559e-01 5.345600000000000351e-01 4.134808804080001288e-01 8.333333333333333703e-01
5.966693333333333849e-01 3.260024999999999729e-01 1.337666666666667559e-01 5.345600000000000351e-01 4.134808804080001288e-01 1.000000000000000000e+00
1.995826666666668248e-01 7.940213749999999182e-01 8.307173333333326415e-01 1.982112499999999500e-01 6.478082089839998226e-01 1.666666666666666574e-01
1.995826666666668248e-01 7.940213749999999182e-01 8.307173333333326415e-01 1.982112499999999500e-01 6.478082089839998226e-01 3.333333333333333148e-01
1.995826666666668248e-01 7.940213749999999182e-01 8.307173333333326415e-01 1.982112499999999500e-01 6.478082089839998226e-01 5.000000000000000000e-01
1.995826666666668248e-01 7.940213749999999182e-01 8.307173333333326415e-01 1.982112499999999500e-01 6.478082089839998226e-01 6.666666666666666297e-01
1.995826666666668248e-01 7.940213749999999182e-01 8.307173333333326415e-01 1.982112499999999500e-01 6.478082089839998226e-01 8.333333333333333703e-01
1.995826666666668248e-01 7.940213749999999182e-01 8.307173333333326415e-01 1.982112499999999500e-01 6.478082089839998226e-01 1.000000000000000000e+00
8.190413333333329549e-01 3.958049999999999624e-01 6.729666666666660468e-01 5.275682500000000719e-01 8.677343263199999157e-02 1.666666666666666574e-01
8.190413333333329549e-01 3.958049999999999624e-01 6.729666666666660468e-01 5.275682500000000719e-01 8.677343263199999157e-02 3.333333333333333148e-01
8.190413333333329549e-01 3.958049999999999624e-01 6.729666666666660468e-01 5.275682500000000719e-01 8.677343263199999157e-02 5.000000000000000000e-01
8.190413333333329549e-01 3.958049999999999624e-01 6.729666666666660468e-01 5.275682500000000719e-01 8.677343263199999157e-02 6.666666666666666297e-01
8.190413333333329549e-01 3.958049999999999624e-01 6.729666666666660468e-01 5.275682500000000719e-01 8.677343263199999157e-02 8.333333333333333703e-01
8.190413333333329549e-01 3.958049999999999624e-01 6.729666666666660468e-01 5.275682500000000719e-01 8.677343263199999157e-02 1.000000000000000000e+00
4.146366666666665424e-01 5.218892499999998602e-01 7.389106666666660495e-01 5.452972499999999556e-01 6.347824201760001728e-01 1.666666666666666574e-01
4.146366666666665424e-01 5.218892499999998602e-01 7.389106666666660495e-01 5.452972499999999556e-01 6.347824201760001728e-01 3.333333333333333148e-01
4.146366666666665424e-01 5.218892499999998602e-01 7.389106666666660495e-01 5.452972499999999556e-01 6.347824201760001728e-01 5.000000000000000000e-01
4.146366666666665424e-01 5.218892499999998602e-01 7.389106666666660495e-01 5.452972499999999556e-01 6.347824201760001728e-01 6.666666666666666297e-01
4.146366666666665424e-01 5.218892499999998602e-01 7.389106666666660495e-01 5.452972499999999556e-01 6.347824201760001728e-01 8.333333333333333703e-01
4.146366666666665424e-01 5.218892499999998602e-01 7.389106666666660495e-01 5.452972499999999556e-01 6.347824201760001728e-01 1.000000000000000000e+00
9.472199999999996178e-01 2.230237499999998818e-01 4.586906666666659693e-01 6.218417500000000819e-01 1.333501215120000971e-01 1.666666666666666574e-01
9.472199999999996178e-01 2.230237499999998818e-01 4.586906666666659693e-01 6.218417500000000819e-01 1.333501215120000971e-01 3.333333333333333148e-01
9.472199999999996178e-01 2.230237499999998818e-01 4.586906666666659693e-01 6.218417500000000819e-01 1.333501215120000971e-01 5.000000000000000000e-01
9.472199999999996178e-01 2.230237499999998818e-01 4.586906666666659693e-01 6.218417500000000819e-01 1.333501215120000971e-01 6.666666666666666297e-01
9.472199999999996178e-01 2.230237499999998818e-01 4.586906666666659693e-01 6.218417500000000819e-01 1.333501215120000971e-01 8.333333333333333703e-01
9.472199999999996178e-01 2.230237499999998818e-01 4.586906666666659693e-01 6.218417500000000819e-01 1.333501215120000971e-01 1.000000000000000000e+00
7.682386666666664032e-01 1.376237499999999336e-01 4.547453333333324466e-01 6.823265000000000580e-01 3.497791733760000632e-01 1.666666666666666574e-01
7.682386666666664032e-01 1.376237499999999336e-01 4.547453333333324466e-01 6.823265000000000580e-01 3.497791733760000632e-01 3.333333333333333148e-01
7.682386666666664032e-01 1.376237499999999336e-01 4.547453333333324466e-01 6.823265000000000580e-01 3.497791733760000632e-01 5.000000000000000000e-01
7.682386666666664032e-01 1.376237499999999336e-01 4.547453333333324466e-01 6.823265000000000580e-01 3.497791733760000632e-01 6.666666666666666297e-01
7.682386666666664032e-01 1.376237499999999336e-01 4.547453333333324466e-01 6.823265000000000580e-01 3.497791733760000632e-01 8.333333333333333703e-01
7.682386666666664032e-01 1.376237499999999336e-01 4.547453333333324466e-01 6.823265000000000580e-01 3.497791733760000632e-01 1.000000000000000000e+00
5.736213333333334274e-01 5.383857499999998852e-01 5.375239999999992246e-01 3.206847499999998519e-01 2.629401661039998395e-01 1.666666666666666574e-01
5.736213333333334274e-01 5.383857499999998852e-01 5.375239999999992246e-01 3.206847499999998519e-01 2.629401661039998395e-01 3.333333333333333148e-01
5.736213333333334274e-01 5.383857499999998852e-01 5.375239999999992246e-01 3.206847499999998519e-01 2.629401661039998395e-01 5.000000000000000000e-01
5.736213333333334274e-01 5.383857499999998852e-01 5.375239999999992246e-01 3.206847499999998519e-01 2.629401661039998395e-01 6.666666666666666297e-01
5.736213333333334274e-01 5.383857499999998852e-01 5.375239999999992246e-01 3.206847499999998519e-01 2.629401661039998395e-01 8.333333333333333703e-01
5.736213333333334274e-01 5.383857499999998852e-01 5.375239999999992246e-01 3.206847499999998519e-01 2.629401661039998395e-01 1.000000000000000000e+00
4.445900000000004293e-01 7.651462499999999167e-01 8.982480000000004905e-01 2.339544999999998431e-01 3.317787659919999577e-01 1.666666666666666574e-01
4.445900000000004293e-01 7.651462499999999167e-01 8.982480000000004905e-01 2.339544999999998431e-01 3.317787659919999577e-01 3.333333333333333148e-01
4.445900000000004293e-01 7.651462499999999167e-01 8.982480000000004905e-01 2.339544999999998431e-01 3.317787659919999577e-01 5.000000000000000000e-01
4.445900000000004293e-01 7.651462499999999167e-01 8.982480000000004905e-01 2.339544999999998431e-01 3.317787659919999577e-01 6.666666666666666297e-01
4.445900000000004293e-01 7.651462499999999167e-01 8.982480000000004905e-01 2.339544999999998431e-01 3.317787659919999577e-01 8.333333333333333703e-01
4.445900000000004293e-01 7.651462499999999167e-01 8.982480000000004905e-01 2.339544999999998431e-01 3.317787659919999577e-01 1.000000000000000000e+00
3.897326666666666717e-01 7.550511249999999341e-01 4.955373333333330521e-01 1.289107500000000184e-01 4.429664605200001049e-01 1.666666666666666574e-01
3.897326666666666717e-01 7.550511249999999341e-01 4.955373333333330521e-01 1.289107500000000184e-01 4.429664605200001049e-01 3.333333333333333148e-01
3.897326666666666717e-01 7.550511249999999341e-01 4.955373333333330521e-01 1.289107500000000184e-01 4.429664605200001049e-01 5.000000000000000000e-01
3.897326666666666717e-01 7.550511249999999341e-01 4.955373333333330521e-01 1.289107500000000184e-01 4.429664605200001049e-01 6.666666666666666297e-01
3.897326666666666717e-01 7.550511249999999341e-01 4.955373333333330521e-01 1.289107500000000184e-01 4.429664605200001049e-01 8.333333333333333703e-01
3.897326666666666717e-01 7.550511249999999341e-01 4.955373333333330521e-01 1.289107500000000184e-01 4.429664605200001049e-01 1.000000000000000000e+00
8.446393333333332976e-01 2.055512499999998244e-01 1.487986666666667734e-01 6.256049999999998557e-01 2.498300376000002210e-01 1.666666666666666574e-01
8.446393333333332976e-01 2.055512499999998244e-01 1.487986666666667734e-01 6.256049999999998557e-01 2.498300376000002210e-01 3.333333333333333148e-01
8.446393333333332976e-01 2.055512499999998244e-01 1.487986666666667734e-01 6.256049999999998557e-01 2.498300376000002210e-01 5.000000000000000000e-01
8.446393333333332976e-01 2.055512499999998244e-01 1.487986666666667734e-01 6.256049999999998557e-01 2.498300376000002210e-01 6.666666666666666297e-01
8.446393333333332976e-01 2.055512499999998244e-01 1.487986666666667734e-01 6.256049999999998557e-01 2.498300376000002210e-01 8.333333333333333703e-01
8.446393333333332976e-01 2.055512499999998244e-01 1.487986666666667734e-01 6.256049999999998557e-01 2.498300376000002210e-01 1.000000000000000000e+00
4.689339999999996844e-01 5.057067499999999827e-01 5.465933333333328203e-01 4.760690000000000754e-01 5.842465851040001823e-01 1.666666666666666574e-01
4.689339999999996844e-01 5.057067499999999827e-01 5.465933333333328203e-01 4.760690000000000754e-01 5.842465851040001823e-01 3.333333333333333148e-01
4.689339999999996844e-01 5.057067499999999827e-01 5.465933333333328203e-01 4.760690000000000754e-01 5.842465851040001823e-01 5.000000000000000000e-01
4.689339999999996844e-01 5.057067499999999827e-01 5.465933333333328203e-01 4.760690000000000754e-01 5.842465851040001823e-01 6.666666666666666297e-01
4.689339999999996844e-01 5.057067499999999827e-01 5.465933333333328203e-01 4.760690000000000754e-01 5.842465851040001823e-01 8.333333333333333703e-01
4.689339999999996844e-01 5.057067499999999827e-01 5.465933333333328203e-01 4.760690000000000754e-01 5.842465851040001823e-01 1.000000000000000000e+00
8.102086666666669101e-01 2.993137499999998230e-01 5.711306666666663423e-01 5.270140000000000935e-01 1.473269180479999108e-01 1.666666666666666574e-01
8.102086666666669101e-01 2.993137499999998230e-01 5.711306666666663423e-01 5.270140000000000935e-01 1.473269180479999108e-01 3.333333333333333148e-01
8.102086666666669101e-01 2.993137499999998230e-01 5.711306666666663423e-01 5.270140000000000935e-01 1.473269180479999108e-01 5.000000000000000000e-01
8.102086666666669101e-01 2.993137499999998230e-01 5.711306666666663423e-01 5.270140000000000935e-01 1.473269180479999108e-01 6.666666666666666297e-01
8.102086666666669101e-01 2.993137499999998230e-01 5.711306666666663423e-01 5.270140000000000935e-01 1.473269180479999108e-01 8.333333333333333703e-01
8.102086666666669101e-01 2.993137499999998230e-01 5.711306666666663423e-01 5.270140000000000935e-01 1.473269180479999108e-01 1.000000000000000000e+00
3.463453333333328943e-01 7.157684999999999187e-01 9.304426666666663071e-01 3.444892499999999136e-01 5.074236722640002029e-01 1.666666666666666574e-01
3.463453333333328943e-01 7.157684999999999187e-01 9.304426666666663071e-01 3.444892499999999136e-01 5.074236722640002029e-01 3.333333333333333148e-01
3.463453333333328943e-01 7.157684999999999187e-01 9.304426666666663071e-01 3.444892499999999136e-01 5.074236722640002029e-01 5.000000000000000000e-01
3.463453333333328943e-01 7.157684999999999187e-01 9.304426666666663071e-01 3.444892499999999136e-01 5.074236722640002029e-01 6.666666666666666297e-01
3.463453333333328943e-01 7.157684999999999187e-01 9.304426666666663071e-01 3.444892499999999136e-01 5.074236722640002029e-01 8.333333333333333703e-01
3.463453333333328943e-01 7.157684999999999187e-01 9.304426666666663071e-01 3.444892499999999136e-01 5.074236722640002029e-01 1.000000000000000000e+00
2.714773333333331262e-01 7.596911250000000226e-01 7.510093333333327514e-01 3.398919999999999719e-01 6.366734105119999931e-01 1.666666666666666574e-01
2.714773333333331262e-01 7.596911250000000226e-01 7.510093333333327514e-01 3.398919999999999719e-01 6.366734105119999931e-01 3.333333333333333148e-01
2.714773333333331262e-01 7.596911250000000226e-01 7.510093333333327514e-01 3.398919999999999719e-01 6.366734105119999931e-01 5.000000000000000000e-01
2.714773333333331262e-01 7.596911250000000226e-01 7.510093333333327514e-01 3.398919999999999719e-01 6.366734105119999931e-01 6.666666666666666297e-01
2.714773333333331262e-01 7.596911250000000226e-01 7.510093333333327514e-01 3.398919999999999719e-01 6.366734105119999931e-01 8.333333333333333703e-01
2.714773333333331262e-01 7.596911250000000226e-01 7.510093333333327514e-01 3.398919999999999719e-01 6.366734105119999931e-01 1.000000000000000000e+00
9.861739999999997730e-01 3.706249999999994271e-02 6.809720000000001328e-01 8.967182499999998280e-01 1.491949855999998853e-01 1.666666666666666574e-01
9.861739999999997730e-01 3.706249999999994271e-02 6.809720000000001328e-01 8.967182499999998280e-01 1.491949855999998853e-01 3.333333333333333148e-01
9.861739999999997730e-01 3.706249999999994271e-02 6.809720000000001328e-01 8.967182499999998280e-01 1.491949855999998853e-01 5.000000000000000000e-01
9.861739999999997730e-01 3.706249999999994271e-02 6.809720000000001328e-01 8.967182499999998280e-01 1.491949855999998853e-01 6.666666666666666297e-01
9.861739999999997730e-01 3.706249999999994271e-02 6.809720000000001328e-01 8.967182499999998280e-01 1.491949855999998853e-01 8.333333333333333703e-01
9.861739999999997730e-01 3.706249999999994271e-02 6.809720000000001328e-01 8.967182499999998280e-01 1.491949855999998853e-01 1.000000000000000000e+00
4.908126666666665638e-01 6.372598749999999201e-01 7.529346666666666410e-01 2.298287499999998595e-01 3.370802466959998966e-01 1.666666666666666574e-01
4.908126666666665638e-01 6.372598749999999201e-01 7.529346666666666410e-01 2.298287499999998595e-01 3.370802466959998966e-01 3.333333333333333148e-01
4.908126666666665638e-01 6.372598749999999201e-01 7.529346666666666410e-01 2.298287499999998595e-01 3.370802466959998966e-01 5.000000000000000000e-01
4.908126666666665638e-01 6.372598749999999201e-01 7.529346666666666410e-01 2.298287499999998595e-01 3.370802466959998966e-01 6.666666666666666297e-01
4.908126666666665638e-01 6.372598749999999201e-01 7.529346666666666410e-01 2.298287499999998595e-01 3.370802466959998966e-01 8.333333333333333703e-01
4.908126666666665638e-01 6.372598749999999201e-01 7.529346666666666410e-01 2.298287499999998595e-01 3.370802466959998966e-01 1.000000000000000000e+00
7.271473333333337008e-01 5.016401249999999923e-01 6.583333333333329929e-01 4.871672499999998851e-01 1.836016519840000250e-01 1.666666666666666574e-01
7.271473333333337008e-01 5.016401249999999923e-01 6.583333333333329929e-01 4.871672499999998851e-01 1.836016519840000250e-01 3.333333333333333148e-01
7.271473333333337008e-01 5.016401249999999923e-01 6.583333333333329929e-01 4.871672499999998851e-01 1.836016519840000250e-01 5.000000000000000000e-01
7.271473333333337008e-01 5.016401249999999923e-01 6.583333333333329929e-01 4.871672499999998851e-01 1.836016519840000250e-01 6.666666666666666297e-01
7.271473333333337008e-01 5.016401249999999923e-01 6.583333333333329929e-01 4.871672499999998851e-01 1.836016519840000250e-01 8.333333333333333703e-01
7.271473333333337008e-01 5.016401249999999923e-01 6.583333333333329929e-01 4.871672499999998851e-01 1.836016519840000250e-01 1.000000000000000000e+00
1.389986666666667703e-01 8.188957500000000334e-01 4.004933333333333123e-01 1.852177499999999033e-01 7.361625060880001570e-01 1.666666666666666574e-01
1.389986666666667703e-01 8.188957500000000334e-01 4.004933333333333123e-01 1.852177499999999033e-01 7.361625060880001570e-01 3.333333333333333148e-01
1.389986666666667703e-01 8.188957500000000334e-01 4.004933333333333123e-01 1.852177499999999033e-01 7.361625060880001570e-01 5.000000000000000000e-01
1.389986666666667703e-01 8.188957500000000334e-01 4.004933333333333123e-01 1.852177499999999033e-01 7.361625060880001570e-01 6.666666666666666297e-01
1.389986666666667703e-01 8.188957500000000334e-01 4.004933333333333123e-01 1.852177499999999033e-01 7.361625060880001570e-01 8.333333333333333703e-01
1.389986666666667703e-01 8.188957500000000334e-01 4.004933333333333123e-01 1.852177499999999033e-01 7.361625060880001570e-01 1.000000000000000000e+00
5.249806666666662069e-01 5.824299999999998922e-01 6.670786666666669307e-01 4.769062499999998650e-01 4.534763298160000566e-01 1.666666666666666574e-01
5.249806666666662069e-01 5.824299999999998922e-01 6.670786666666669307e-01 4.769062499999998650e-01 4.534763298160000566e-01 3.333333333333333148e-01
5.249806666666662069e-01 5.824299999999998922e-01 6.670786666666669307e-01 4.769062499999998650e-01 4.534763298160000566e-01 5.000000000000000000e-01
5.249806666666662069e-01 5.824299999999998922e-01 6.670786666666669307e-01 4.769062499999998650e-01 4.534763298160000566e-01 6.666666666666666297e-01
5.249806666666662069e-01 5.824299999999998922e-01 6.670786666666669307e-01 4.769062499999998650e-01 4.534763298160000566e-01 8.333333333333333703e-01
5.249806666666662069e-01 5.824299999999998922e-01 6.670786666666669307e-01 4.769062499999998650e-01 4.534763298160000566e-01 1.000000000000000000e+00
7.359513333333335128e-01 4.559862499999998153e-01 4.649946666666666673e-01 5.222694999999999421e-01 2.610510858079999608e-01 1.666666666666666574e-01
7.359513333333335128e-01 4.559862499999998153e-01 4.649946666666666673e-01 5.222694999999999421e-01 2.610510858079999608e-01 3.333333333333333148e-01
7.359513333333335128e-01 4.559862499999998153e-01 4.649946666666666673e-01 5.222694999999999421e-01 2.610510858079999608e-01 5.000000000000000000e-01
7.359513333333335128e-01 4.559862499999998153e-01 4.649946666666666673e-01 5.222694999999999421e-01 2.610510858079999608e-01 6.666666666666666297e-01
7.359513333333335128e-01 4.559862499999998153e-01 4.649946666666666673e-01 5.222694999999999421e-01 2.610510858079999608e-01 8.333333333333333703e-01
7.359513333333335128e-01 4.559862499999998153e-01 4.649946666666666673e-01 5.222694999999999421e-01 2.610510858079999608e-01 1.000000000000000000e+00
3.001146666666670848e-01 8.219846249999999133e-01 6.252906666666665503e-01 2.488660000000000871e-01 5.989940334159999935e-01 1.666666666666666574e-01
3.001146666666670848e-01 8.219846249999999133e-01 6.252906666666665503e-01 2.488660000000000871e-01 5.989940334159999935e-01 3.333333333333333148e-01
3.001146666666670848e-01 8.219846249999999133e-01 6.252906666666665503e-01 2.488660000000000871e-01 5.989940334159999935e-01 5.000000000000000000e-01
3.001146666666670848e-01 8.219846249999999133e-01 6.252906666666665503e-01 2.488660000000000871e-01 5.989940334159999935e-01 6.666666666666666297e-01
3.001146666666670848e-01 8.219846249999999133e-01 6.252906666666665503e-01 2.488660000000000871e-01 5.989940334159999935e-01 8.333333333333333703e-01
3.001146666666670848e-01 8.219846249999999133e-01 6.252906666666665503e-01 2.488660000000000871e-01 5.989940334159999935e-01 1.000000000000000000e+00
5.517479999999996831e-01 4.688774999999998361e-01 7.391053333333338360e-01 5.181272500000000392e-01 4.877955576479999777e-01 1.666666666666666574e-01
5.517479999999996831e-01 4.688774999999998361e-01 7.391053333333338360e-01 5.181272500000000392e-01 4.877955576479999777e-01 3.333333333333333148e-01
5.517479999999996831e-01 4.688774999999998361e-01 7.391053333333338360e-01 5.181272500000000392e-01 4.877955576479999777e-01 5.000000000000000000e-01
5.517479999999996831e-01 4.688774999999998361e-01 7.391053333333338360e-01 5.181272500000000392e-01 4.877955576479999777e-01 6.666666666666666297e-01
5.517479999999996831e-01 4.688774999999998361e-01 7.391053333333338360e-01 5.181272500000000392e-01 4.877955576479999777e-01 8.333333333333333703e-01
5.517479999999996831e-01 4.688774999999998361e-01 7.391053333333338360e-01 5.181272500000000392e-01 4.877955576479999777e-01 1.000000000000000000e+00
8.847546666666669113e-01 1.252562499999998469e-01 2.257146666666662582e-01 7.080284999999999496e-01 2.139084422800001661e-01 1.666666666666666574e-01
8.847546666666669113e-01 1.252562499999998469e-01 2.257146666666662582e-01 7.080284999999999496e-01 2.139084422800001661e-01 3.333333333333333148e-01
8.847546666666669113e-01 1.252562499999998469e-01 2.257146666666662582e-01 7.080284999999999496e-01 2.139084422800001661e-01 5.000000000000000000e-01
8.847546666666669113e-01 1.252562499999998469e-01 2.257146666666662582e-01 7.080284999999999496e-01 2.139084422800001661e-01 6.666666666666666297e-01
8.847546666666669113e-01 1.252562499999998469e-01 2.257146666666662582e-01 7.080284999999999496e-01 2.139084422800001661e-01 8.333333333333333703e-01
8.847546666666669113e-01 1.252562499999998469e-01 2.257146666666662582e-01 7.080284999999999496e-01 2.139084422800001661e-01 1.000000000000000000e+00
1.832119999999998472e-01 7.544208749999999908e-01 5.997639999999992977e-01 3.247047499999999864e-01 8.390795739120000540e-01 1.666666666666666574e-01
1.832119999999998472e-01 7.544208749999999908e-01 5.997639999999992977e-01 3.247047499999999864e-01 8.390795739120000540e-01 3.333333333333333148e-01
1.832119999999998472e-01 7.544208749999999908e-01 5.997639999999992977e-01 3.247047499999999864e-01 8.390795739120000540e-01 5.000000000000000000e-01
1.832119999999998472e-01 7.544208749999999908e-01 5.997639999999992977e-01 3.247047499999999864e-01 8.390795739120000540e-01 6.666666666666666297e-01
1.832119999999998472e-01 7.544208749999999908e-01 5.997639999999992977e-01 3.247047499999999864e-01 8.390795739120000540e-01 8.333333333333333703e-01
1.832119999999998472e-01 7.544208749999999908e-01 5.997639999999992977e-01 3.247047499999999864e-01 8.390795739120000540e-01 1.000000000000000000e+00
9.237599999999995815e-01 1.953574999999999340e-01 6.160973333333330526e-01 7.446557500000000607e-01 1.535903242079998954e-01 1.666666666666666574e-01
9.237599999999995815e-01 1.953574999999999340e-01 6.160973333333330526e-01 7.446557500000000607e-01 1.535903242079998954e-01 3.333333333333333148e-01
9.237599999999995815e-01 1.953574999999999340e-01 6.160973333333330526e-01 7.446557500000000607e-01 1.535903242079998954e-01 5.000000000000000000e-01
9.237599999999995815e-01 1.953574999999999340e-01 6.160973333333330526e-01 7.446557500000000607e-01 1.535903242079998954e-01 6.666666666666666297e-01
9.237599999999995815e-01 1.953574999999999340e-01 6.160973333333330526e-01 7.446557500000000607e-01 1.535903242079998954e-01 8.333333333333333703e-01
9.237599999999995815e-01 1.953574999999999340e-01 6.160973333333330526e-01 7.446557500000000607e-01 1.535903242079998954e-01 1.000000000000000000e+00
1.044973333333331367e-01 8.070984999999999410e-01 6.049573333333332359e-01 2.188134999999999386e-01 9.347412239679999679e-01 1.666666666666666574e-01
1.044973333333331367e-01 8.070984999999999410e-01 6.049573333333332359e-01 2.188134999999999386e-01 9.347412239679999679e-01 3.333333333333333148e-01
1.044973333333331367e-01 8.070984999999999410e-01 6.049573333333332359e-01 2.188134999999999386e-01 9.347412239679999679e-01 5.000000000000000000e-01
1.044973333333331367e-01 8.070984999999999410e-01 6.049573333333332359e-01 2.188134999999999386e-01 9.347412239679999679e-01 6.666666666666666297e-01
1.044973333333331367e-01 8.070984999999999410e-01 6.049573333333332359e-01 2.188134999999999386e-01 9.347412239679999679e-01 8.333333333333333703e-01
1.044973333333331367e-01 8.070984999999999410e-01 6.049573333333332359e-01 2.188134999999999386e-01 9.347412239679999679e-01 1.000000000000000000e+00
6.218866666666665877e-01 4.219912499999998179e-01 5.726213333333329825e-01 4.763775000000000648e-01 3.609577397759999862e-01 1.666666666666666574e-01
6.218866666666665877e-01 4.219912499999998179e-01 5.726213333333329825e-01 4.763775000000000648e-01 3.609577397759999862e-01 3.333333333333333148e-01
6.218866666666665877e-01 4.219912499999998179e-01 5.726213333333329825e-01 4.763775000000000648e-01 3.609577397759999862e-01 5.000000000000000000e-01
6.218866666666665877e-01 4.219912499999998179e-01 5.726213333333329825e-01 4.763775000000000648e-01 3.609577397759999862e-01 6.666666666666666297e-01
6.218866666666665877e-01 4.219912499999998179e-01 5.726213333333329825e-01 4.763775000000000648e-01 3.609577397759999862e-01 8.333333333333333703e-01
6.218866666666665877e-01 4.219912499999998179e-01 5.726213333333329825e-01 4.763775000000000648e-01 3.609577397759999862e-01 1.000000000000000000e+00
1.649233333333332552e-01 9.314594999999999958e-01 5.231359999999991572e-01 1.164660000000000695e-01 6.983077499600001126e-01 1.666666666666666574e-01
1.649233333333332552e-01 9.314594999999999958e-01 5.231359999999991572e-01 1.164660000000000695e-01 6.983077499600001126e-01 3.333333333333333148e-01
1.649233333333332552e-01 9.314594999999999958e-01 5.231359999999991572e-01 1.164660000000000695e-01 6.983077499600001126e-01 5.000000000000000000e-01
1.649233333333332552e-01 9.314594999999999958e-01 5.231359999999991572e-01 1.164660000000000695e-01 6.983077499600001126e-01 6.666666666666666297e-01
1.649233333333332552e-01 9.314594999999999958e-01 5.231359999999991572e-01 1.164660000000000695e-01 6.983077499600001126e-01 8.333333333333333703e-01
1.649233333333332552e-01 9.314594999999999958e-01 5.231359999999991572e-01 1.164660000000000695e-01 6.983077499600001126e-01 1.000000000000000000e+00
3.656380000000003516e-01 5.742396250000000313e-01 2.231386666666662077e-01 3.869167500000000870e-01 5.909454551360000529e-01 1.666666666666666574e-01
3.656380000000003516e-01 5.742396250000000313e-01 2.231386666666662077e-01 3.869167500000000870e-01 5.909454551360000529e-01 3.333333333333333148e-01
3.656380000000003516e-01 5.742396250000000313e-01 2.231386666666662077e-01 3.869167500000000870e-01 5.909454551360000529e-01 5.000000000000000000e-01
3.656380000000003516e-01 5.742396250000000313e-01 2.231386666666662077e-01 3.869167500000000870e-01 5.909454551360000529e-01 6.666666666666666297e-01
3.656380000000003516e-01 5.742396250000000313e-01 2.231386666666662077e-01 3.869167500000000870e-01 5.909454551360000529e-01 8.333333333333333703e-01
3.656380000000003516e-01 5.742396250000000313e-01 2.231386666666662077e-01 3.869167500000000870e-01 5.909454551360000529e-01 1.000000000000000000e+00
5.270199999999998219e-01 3.799400000000000555e-01 1.982906666666666706e-01 5.876270000000000104e-01 5.274937349759998284e-01 1.666666666666666574e-01
5.270199999999998219e-01 3.799400000000000555e-01 1.982906666666666706e-01 5.876270000000000104e-01 5.274937349759998284e-01 3.333333333333333148e-01
5.270199999999998219e-01 3.799400000000000555e-01 1.982906666666666706e-01 5.876270000000000104e-01 5.274937349759998284e-01 5.000000000000000000e-01
5.270199999999998219e-01 3.799400000000000555e-01 1.982906666666666706e-01 5.876270000000000104e-01 5.274937349759998284e-01 6.666666666666666297e-01
5.270199999999998219e-01 3.799400000000000555e-01 1.982906666666666706e-01 5.876270000000000104e-01 5.274937349759998284e-01 8.333333333333333703e-01
5.270199999999998219e-01 3.799400000000000555e-01 1.982906666666666706e-01 5.876270000000000104e-01 5.274937349759998284e-01 1.000000000000000000e+00
3.079613333333336977e-01 6.620597499999999469e-01 4.851973333333325367e-01 2.376444999999999252e-01 6.049152006240001711e-01 1.666666666666666574e-01
3.079613333333336977e-01 6.620597499999999469e-01 4.851973333333325367e-01 2.376444999999999252e-01 6.049152006240001711e-01 3.333333333333333148e-01
3.079613333333336977e-01 6.620597499999999469e-01 4.851973333333325367e-01 2.376444999999999252e-01 6.049152006240001711e-01 5.000000000000000000e-01
3.079613333333336977e-01 6.620597499999999469e-01 4.851973333333325367e-01 2.376444999999999252e-01 6.049152006240001711e-01 6.666666666666666297e-01
3.079613333333336977e-01 6.620597499999999469e-01 4.851973333333325367e-01 2.376444999999999252e-01 6.049152006240001711e-01 8.333333333333333703e-01
3.079613333333336977e-01 6.620597499999999469e-01 4.851973333333325367e-01 2.376444999999999252e-01 6.049152006240001711e-01 1.000000000000000000e+00
6.526706666666665102e-01 3.267224999999998603e-01 7.591226666666662792e-01 6.262219999999998343e-01 3.807167643280000568e-01 1.666666666666666574e-01
6.526706666666665102e-01 3.267224999999998603e-01 7.591226666666662792e-01 6.262219999999998343e-01 3.807167643280000568e-01 3.333333333333333148e-01
6.526706666666665102e-01 3.267224999999998603e-01 7.591226666666662792e-01 6.262219999999998343e-01 3.807167643280000568e-01 5.000000000000000000e-01
6.526706666666665102e-01 3.267224999999998603e-01 7.591226666666662792e-01 6.262219999999998343e-01 3.807167643280000568e-01 6.666666666666666297e-01
6.526706666666665102e-01 3.267224999999998603e-01 7.591226666666662792e-01 6.262219999999998343e-01 3.807167643280000568e-01 8.333333333333333703e-01
6.526706666666665102e-01 3.267224999999998603e-01 7.591226666666662792e-01 6.262219999999998343e-01 3.807167643280000568e-01 1.000000000000000000e+00
2.224860000000002114e-01 9.234757499999999286e-01 8.471386666666659293e-01 1.658125000000010285e-02 5.497742113360000182e-01 1.666666666666666574e-01
2.224860000000002114e-01 9.234757499999999286e-01 8.471386666666659293e-01 1.658125000000010285e-02 5.497742113360000182e-01 3.333333333333333148e-01
2.224860000000002114e-01 9.234757499999999286e-01 8.471386666666659293e-01 1.658125000000010285e-02 5.497742113360000182e-01 5.000000000000000000e-01
2.224860000000002114e-01 9.234757499999999286e-01 8.471386666666659293e-01 1.658125000000010285e-02 5.497742113360000182e-01 6.666666666666666297e-01
2.224860000000002114e-01 9.234757499999999286e-01 8.471386666666659293e-01 1.658125000000010285e-02 5.497742113360000182e-01 8.333333333333333703e-01
2.224860000000002114e-01 9.234757499999999286e-01 8.471386666666659293e-01 1.658125000000010285e-02 5.497742113360000182e-01 1.000000000000000000e+00
4.077073333333335881e-01 6.679754999999999443e-01 8.316959999999993247e-01 2.589099999999999735e-01 5.153110712240001057e-01 1.666666666666666574e-01
4.077073333333335881e-01 6.679754999999999443e-01 8.316959999999993247e-01 2.589099999999999735e-01 5.153110712240001057e-01 3.333333333333333148e-01
4.077073333333335881e-01 6.679754999999999443e-01 8.316959999999993247e-01 2.589099999999999735e-01 5.153110712240001057e-01 5.000000000000000000e-01
4.077073333333335881e-01 6.679754999999999443e-01 8.316959999999993247e-01 2.589099999999999735e-01 5.153110712240001057e-01 6.666666666666666297e-01
4.077073333333335881e-01 6.679754999999999443e-01 8.316959999999993247e-01 2.589099999999999735e-01 5.153110712240001057e-01 8.333333333333333703e-01
4.077073333333335881e-01 6.679754999999999443e-01 8.316959999999993247e-01 2.589099999999999735e-01 5.153110712240001057e-01 1.000000000000000000e+00
6.749366666666664072e-01 2.222874999999999435e-01 2.845839999999990044e-01 6.639044999999998975e-01 4.638218960880000630e-01 1.666666666666666574e-01
6.749366666666664072e-01 2.222874999999999435e-01 2.845839999999990044e-01 6.639044999999998975e-01 4.638218960880000630e-01 3.333333333333333148e-01
6.749366666666664072e-01 2.222874999999999435e-01 2.845839999999990044e-01 6.639044999999998975e-01 4.638218960880000630e-01 5.000000000000000000e-01
6.749366666666664072e-01 2.222874999999999435e-01 2.845839999999990044e-01 6.639044999999998975e-01 4.638218960880000630e-01 6.666666666666666297e-01
6.749366666666664072e-01 2.222874999999999435e-01 2.845839999999990044e-01 6.639044999999998975e-01 4.638218960880000630e-01 8.333333333333333703e-01
6.749366666666664072e-01 2.222874999999999435e-01 2.845839999999990044e-01 6.639044999999998975e-01 4.638218960880000630e-01 1.000000000000000000e+00
8.821260000000005208e-01 6.282249999999989232e-02 5.635626666666663231e-01 8.464947499999999625e-01 2.902998292720000428e-01 1.666666666666666574e-01
8.821260000000005208e-01 6.282249999999989232e-02 5.635626666666663231e-01 8.464947499999999625e-01 2.902998292720000428e-01 3.333333333333333148e-01
8.821260000000005208e-01 6.282249999999989232e-02 5.635626666666663231e-01 8.464947499999999625e-01 2.902998292720000428e-01 5.000000000000000000e-01
8.821260000000005208e-01 6.282249999999989232e-02 5.635626666666663231e-01 8.464947499999999625e-01 2.902998292720000428e-01 6.666666666666666297e-01
8.821260000000005208e-01 6.282249999999989232e-02 5.635626666666663231e-01 8.464947499999999625e-01 2.902998292720000428e-01 8.333333333333333703e-01
8.821260000000005208e-01 6.282249999999989232e-02 5.635626666666663231e-01 8.464947499999999625e-01 2.902998292720000428e-01 1.000000000000000000e+00
2.514593333333332570e-01 7.975487499999999175e-01 5.714733333333332777e-01 2.449209999999998888e-01 7.272104002240000753e-01 1.666666666666666574e-01
2.514593333333332570e-01 7.975487499999999175e-01 5.714733333333332777e-01 2.449209999999998888e-01 7.272104002240000753e-01 3.333333333333333148e-01
2.514593333333332570e-01 7.975487499999999175e-01 5.714733333333332777e-01 2.449209999999998888e-01 7.272104002240000753e-01 5.000000000000000000e-01
2.514593333333332570e-01 7.975487499999999175e-01 5.714733333333332777e-01 2.449209999999998888e-01 7.272104002240000753e-01 6.666666666666666297e-01
2.514593333333332570e-01 7.975487499999999175e-01 5.714733333333332777e-01 2.449209999999998888e-01 7.272104002240000753e-01 8.333333333333333703e-01
2.514593333333332570e-01 7.975487499999999175e-01 5.714733333333332777e-01 2.449209999999998888e-01 7.272104002240000753e-01 1.000000000000000000e+00
7.031073333333334174e-01 4.468062500000000714e-01 7.076839999999999797e-01 4.625052499999998679e-01 1.805905939359999657e-01 1.666666666666666574e-01
7.031073333333334174e-01 4.468062500000000714e-01 7.076839999999999797e-01 4.625052499999998679e-01 1.805905939359999657e-01 3.333333333333333148e-01
7.031073333333334174e-01 4.468062500000000714e-01 7.076839999999999797e-01 4.625052499999998679e-01 1.805905939359999657e-01 5.000000000000000000e-01
7.031073333333334174e-01 4.468062500000000714e-01 7.076839999999999797e-01 4.625052499999998679e-01 1.805905939359999657e-01 6.666666666666666297e-01
7.031073333333334174e-01 4.468062500000000714e-01 7.076839999999999797e-01 4.625052499999998679e-01 1.805905939359999657e-01 8.333333333333333703e-01
7.031073333333334174e-01 4.468062500000000714e-01 7.076839999999999797e-01 4.625052499999998679e-01 1.805905939359999657e-01 1.000000000000000000e+00
9.679139999999999411e-01 2.548024999999998208e-01 4.094946666666656743e-01 6.146730000000000249e-01 2.360288486400019536e-02 1.666666666666666574e-01
9.679139999999999411e-01 2.548024999999998208e-01 4.094946666666656743e-01 6.146730000000000249e-01 2.360288486400019536e-02 3.333333333333333148e-01
9.679139999999999411e-01 2.548024999999998208e-01 4.094946666666656743e-01 6.146730000000000249e-01 2.360288486400019536e-02 5.000000000000000000e-01
9.679139999999999411e-01 2.548024999999998208e-01 4.094946666666656743e-01 6.146730000000000249e-01 2.360288486400019536e-02 6.666666666666666297e-01
9.679139999999999411e-01 2.548024999999998208e-01 4.094946666666656743e-01 6.146730000000000249e-01 2.360288486400019536e-02 8.333333333333333703e-01
9.679139999999999411e-01 2.548024999999998208e-01 4.094946666666656743e-01 6.146730000000000249e-01 2.360288486400019536e-02 1.000000000000000000e+00
7.912800000000004275e-01 2.989699999999997915e-01 4.433173333333331745e-01 6.035932499999998591e-01 1.939540950239999617e-01 1.666666666666666574e-01
7.912800000000004275e-01 2.989699999999997915e-01 4.433173333333331745e-01 6.035932499999998591e-01 1.939540950239999617e-01 3.333333333333333148e-01
7.912800000000004275e-01 2.989699999999997915e-01 4.433173333333331745e-01 6.035932499999998591e-01 1.939540950239999617e-01 5.000000000000000000e-01
7.912800000000004275e-01 2.989699999999997915e-01 4.433173333333331745e-01 6.035932499999998591e-01 1.939540950239999617e-01 6.666666666666666297e-01
7.912800000000004275e-01 2.989699999999997915e-01 4.433173333333331745e-01 6.035932499999998591e-01 1.939540950239999617e-01 8.333333333333333703e-01
7.912800000000004275e-01 2.989699999999997915e-01 4.433173333333331745e-01 6.035932499999998591e-01 1.939540950239999617e-01 1.000000000000000000e+00
4.840000000000003189e-01 4.999999999999999445e-01 6.026666666666657957e-01 4.749999999999998668e-01 5.132255132719998336e-01 1.666666666666666574e-01
4.840000000000003189e-01 4.999999999999999445e-01 6.026666666666657957e-01 4.749999999999998668e-01 5.132255132719998336e-01 3.333333333333333148e-01
4.840000000000003189e-01 4.999999999999999445e-01 6.026666666666657957e-01 4.749999999999998668e-01 5.132255132719998336e-01 5.000000000000000000e-01
4.840000000000003189e-01 4.999999999999999445e-01 6.026666666666657957e-01 4.749999999999998668e-01 5.132255132719998336e-01 6.666666666666666297e-01
4.840000000000003189e-01 4.999999999999999445e-01 6.026666666666657957e-01 4.749999999999998668e-01 5.132255132719998336e-01 8.333333333333333703e-01
4.840000000000003189e-01 4.999999999999999445e-01 6.026666666666657957e-01 4.749999999999998668e-01 5.132255132719998336e-01 1.000000000000000000e+00
