5.384312187364088231e+00
5.707751520044719307e+00
5.303668986351919301e+00
4.295918791028891626e+00
2.702430536445525444e+00
4.771212547196624354e-01
-inf
2.603144372620182168e+00
3.441380884916511285e+00
3.854366778040869690e+00
4.164561029265557046e+00
4.404765318402314556e+00
4.479330527707677589e+00
4.173244559061566328e+00
3.131618664349125503e+00
7.781512503836436334e-01
3.010299956639811980e-01
1.778151250383643633e+00
2.675778341674085237e+00
3.344588742578713969e+00
3.804548308388056022e+00
3.919862253555538079e+00
3.728434950974254924e+00
3.233250009541100312e+00
2.394451680826216400e+00
8.450980400142568127e-01
3.515343893088380689e+00
3.827175348298692548e+00
3.927883410330706759e+00
3.979275147591023298e+00
3.982587790701662467e+00
3.875292825371007943e+00
3.528145078253106526e+00
2.842609239610562000e+00
1.724275869600789157e+00
-inf
