5.369811212094314001e+00
5.692559643755581433e+00
5.290544329747222108e+00
4.275357431087598137e+00
2.664641975556125697e+00
-inf
1.838849090737255221e+00
3.168792020314181723e+00
3.629205657102303917e+00
3.965530943622860516e+00
4.220892249219518888e+00
4.398963736125520718e+00
4.409459704087447918e+00
4.025756314534413960e+00
2.979548374704095171e+00
6.989700043360188575e-01
4.771212547196624354e-01
1.819543935541868773e+00
2.741151598851784943e+00
3.434888120867316097e+00
3.834674974462743968e+00
3.902220528279314760e+00
3.633872262658332630e+00
3.040206627574711273e+00
1.968482948553935019e+00
3.010299956639811980e-01
3.498586208817517473e+00
3.824711443464734462e+00
3.914396052129786252e+00
3.971090213137115299e+00
3.964353929292193435e+00
3.859618578772180619e+00
3.518777068926774998e+00
2.826074802700826449e+00
1.716003343634799228e+00
-inf
