2.514593333333332570e-01 7.975487499999999175e-01 5.714733333333332777e-01 2.449209999999998888e-01 7.272104002240000753e-01 1.666666666666666574e-01 0.000000000000000000e+00
2.514593333333332570e-01 7.975487499999999175e-01 5.714733333333332777e-01 2.449209999999998888e-01 7.272104002240000753e-01 3.333333333333333148e-01 0.000000000000000000e+00
2.514593333333332570e-01 7.975487499999999175e-01 5.714733333333332777e-01 2.449209999999998888e-01 7.272104002240000753e-01 5.000000000000000000e-01 0.000000000000000000e+00
2.514593333333332570e-01 7.975487499999999175e-01 5.714733333333332777e-01 2.449209999999998888e-01 7.272104002240000753e-01 6.666666666666666297e-01 0.000000000000000000e+00
2.514593333333332570e-01 7.975487499999999175e-01 5.714733333333332777e-01 2.449209999999998888e-01 7.272104002240000753e-01 8.333333333333333703e-01 0.000000000000000000e+00
2.514593333333332570e-01 7.975487499999999175e-01 5.714733333333332777e-01 2.449209999999998888e-01 7.272104002240000753e-01 1.000000000000000000e+00 0.000000000000000000e+00
2.514593333333332570e-01 7.975487499999999175e-01 5.714733333333332777e-01 2.449209999999998888e-01 7.272104002240000753e-01 -8.268678662288534431e-01 1.000000000000000000e+00
2.514593333333332570e-01 7.975487499999999175e-01 5.714733333333332777e-01 2.449209999999998888e-01 7.272104002240000753e-01 -6.062958934129655253e-01 1.000000000000000000e+00
2.514593333333332570e-01 7.975487499999999175e-01 5.714733333333332777e-01 2.449209999999998888e-01 7.272104002240000753e-01 -3.857239205970776630e-01 1.000000000000000000e+00
2.514593333333332570e-01 7.975487499999999175e-01 5.714733333333332777e-01 2.449209999999998888e-01 7.272104002240000753e-01 -1.651519477811898007e-01 1.000000000000000000e+00
2.514593333333332570e-01 7.975487499999999175e-01 5.714733333333332777e-01 2.449209999999998888e-01 7.272104002240000753e-01 5.542002503469806857e-02 1.000000000000000000e+00
2.514593333333332570e-01 7.975487499999999175e-01 5.714733333333332777e-01 2.449209999999998888e-01 7.272104002240000753e-01 2.759919978505859239e-01 1.000000000000000000e+00
2.514593333333332570e-01 7.975487499999999175e-01 5.714733333333332777e-01 2.449209999999998888e-01 7.272104002240000753e-01 4.965639706664738418e-01 1.000000000000000000e+00
2.514593333333332570e-01 7.975487499999999175e-01 5.714733333333332777e-01 2.449209999999998888e-01 7.272104002240000753e-01 7.171359434823617596e-01 1.000000000000000000e+00
2.514593333333332570e-01 7.975487499999999175e-01 5.714733333333332777e-01 2.449209999999998888e-01 7.272104002240000753e-01 9.377079162982495664e-01 1.000000000000000000e+00
2.514593333333332570e-01 7.975487499999999175e-01 5.714733333333332777e-01 2.449209999999998888e-01 7.272104002240000753e-01 1.158279889114137484e+00 1.000000000000000000e+00
2.514593333333332570e-01 7.975487499999999175e-01 5.714733333333332777e-01 2.449209999999998888e-01 7.272104002240000753e-01 -3.939904526244106947e-02 2.000000000000000000e+00
2.514593333333332570e-01 7.975487499999999175e-01 5.714733333333332777e-01 2.449209999999998888e-01 7.272104002240000753e-01 1.695083221488625780e-01 2.000000000000000000e+00
2.514593333333332570e-01 7.975487499999999175e-01 5.714733333333332777e-01 2.449209999999998888e-01 7.272104002240000753e-01 3.784156895601662463e-01 2.000000000000000000e+00
2.514593333333332570e-01 7.975487499999999175e-01 5.714733333333332777e-01 2.449209999999998888e-01 7.272104002240000753e-01 5.873230569714698035e-01 2.000000000000000000e+00
2.514593333333332570e-01 7.975487499999999175e-01 5.714733333333332777e-01 2.449209999999998888e-01 7.272104002240000753e-01 7.962304243827735828e-01 2.000000000000000000e+00
2.514593333333332570e-01 7.975487499999999175e-01 5.714733333333332777e-01 2.449209999999998888e-01 7.272104002240000753e-01 1.005137791794077362e+00 2.000000000000000000e+00
2.514593333333332570e-01 7.975487499999999175e-01 5.714733333333332777e-01 2.449209999999998888e-01 7.272104002240000753e-01 1.214045159205381141e+00 2.000000000000000000e+00
2.514593333333332570e-01 7.975487499999999175e-01 5.714733333333332777e-01 2.449209999999998888e-01 7.272104002240000753e-01 1.422952526616684921e+00 2.000000000000000000e+00
2.514593333333332570e-01 7.975487499999999175e-01 5.714733333333332777e-01 2.449209999999998888e-01 7.272104002240000753e-01 1.631859894027988478e+00 2.000000000000000000e+00
2.514593333333332570e-01 7.975487499999999175e-01 5.714733333333332777e-01 2.449209999999998888e-01 7.272104002240000753e-01 1.840767261439292257e+00 2.000000000000000000e+00
2.514593333333332570e-01 7.975487499999999175e-01 5.714733333333332777e-01 2.449209999999998888e-01 7.272104002240000753e-01 5.000000000000000278e-02 3.000000000000000000e+00
2.514593333333332570e-01 7.975487499999999175e-01 5.714733333333332777e-01 2.449209999999998888e-01 7.272104002240000753e-01 1.500000000000000222e-01 3.000000000000000000e+00
2.514593333333332570e-01 7.975487499999999175e-01 5.714733333333332777e-01 2.449209999999998888e-01 7.272104002240000753e-01 2.500000000000000000e-01 3.000000000000000000e+00
2.514593333333332570e-01 7.975487499999999175e-01 5.714733333333332777e-01 2.449209999999998888e-01 7.272104002240000753e-01 3.499999999999999778e-01 3.000000000000000000e+00
2.514593333333332570e-01 7.975487499999999175e-01 5.714733333333332777e-01 2.449209999999998888e-01 7.272104002240000753e-01 4.500000000000000111e-01 3.000000000000000000e+00
2.514593333333332570e-01 7.975487499999999175e-01 5.714733333333332777e-01 2.449209999999998888e-01 7.272104002240000753e-01 5.500000000000000444e-01 3.000000000000000000e+00
2.514593333333332570e-01 7.975487499999999175e-01 5.714733333333332777e-01 2.449209999999998888e-01 7.272104002240000753e-01 6.500000000000000222e-01 3.000000000000000000e+00
2.514593333333332570e-01 7.975487499999999175e-01 5.714733333333332777e-01 2.449209999999998888e-01 7.272104002240000753e-01 7.500000000000000000e-01 3.000000000000000000e+00
2.514593333333332570e-01 7.975487499999999175e-01 5.714733333333332777e-01 2.449209999999998888e-01 7.272104002240000753e-01 8.499999999999999778e-01 3.000000000000000000e+00
2.514593333333332570e-01 7.975487499999999175e-01 5.714733333333332777e-01 2.449209999999998888e-01 7.272104002240000753e-01 9.499999999999999556e-01 3.000000000000000000e+00
