5.403166356780050528e+00
5.726760653200927642e+00
5.323011837154536074e+00
4.312620591516582280e+00
2.712491862453421110e+00
4.702818301893569863e-01
1.832009666206949827e+00
3.167769489377152858e+00
3.647028249277696865e+00
3.969787809943137624e+00
4.226410987907346595e+00
4.407655883483609038e+00
4.459671136613896358e+00
4.119106843110961869e+00
3.180855838477357977e+00
1.524436693310551094e+00
-6.839424530305465537e-03
2.043546470212440624e+00
2.801971506329984596e+00
3.426892321739907210e+00
3.821748871232961253e+00
3.910425118576028147e+00
3.712285269540273713e+00
3.218543710521456713e+00
2.360664401848061811e+00
8.232296251188316871e-01
3.484270915083084397e+00
3.831071528712319818e+00
3.935851932136950282e+00
4.008233447947336714e+00
4.009187216654059860e+00
3.888768138306621047e+00
3.542747645194504802e+00
2.823117468870314006e+00
1.636613251955882031e+00
-inf
