9.481867411202066047e-04
9.924718237720139054e-04
9.650470770605386328e-04
1.414174600453863961e-03
4.910463758239913025e-03
7.157539290195071013e-02
2.473630864996760603e-02
3.585338402389376140e-03
2.129051932291224549e-03
2.157956213336201939e-03
1.788015676201641126e-03
1.391873170482772716e-03
1.229067329873957930e-03
9.576931002560003540e-04
3.231006963800742583e-03
2.383227641683299466e-02
4.159451654038514440e-02
1.121084397084293541e-02
5.140770502415279754e-03
2.741690457131166440e-03
2.532071633245503665e-03
2.113625841299658029e-03
3.337917988484982810e-03
6.815197817360120827e-03
1.631211437137425682e-02
7.530655685082074391e-02
2.220061886219230115e-03
2.002015718873915908e-03
2.163979653957031658e-03
1.956300169069644795e-03
2.896525248967508123e-03
2.480243421175471700e-03
3.619281958995611455e-03
7.369805507375350173e-03
3.253210609524280483e-02
nan
