5.379154502765143064e+00
5.702334675717429135e+00
5.298645222770159258e+00
4.291576955530988613e+00
2.658741566487647923e+00
-6.839424530305465537e-03
-inf
-inf
3.032177897467106309e+00
3.650844593897670354e+00
4.029975075835942278e+00
4.326850576299227313e+00
4.497413896424580670e+00
4.386014349907132015e+00
3.529117418718119570e+00
1.655618583541222044e+00
5.934937474971508919e-01
2.065509691701628014e+00
2.898699476846690271e+00
3.505283554222907050e+00
3.866110963465454908e+00
3.881572765122419000e+00
3.579381616813634093e+00
2.978151974038261152e+00
1.908317434665918855e+00
-inf
3.493932692199980039e+00
3.823190883507531446e+00
3.904011037163822806e+00
3.969056812786820210e+00
3.974646237555768291e+00
3.861628674490681146e+00
3.519458817806651929e+00
2.823341752410553962e+00
1.578889802348047544e+00
-inf
