9.810476523782552319e-04
1.012373020327796309e-03
1.010585914872227931e-03
1.367636000799323046e-03
5.504928566657545617e-03
nan
nan
8.560547666131788566e-03
3.242216156594399361e-03
2.065061874332272361e-03
1.749968684788830641e-03
1.506123501477967279e-03
1.314880801004599279e-03
9.371995436876834123e-04
2.745542963901892886e-03
1.922551136660922630e-02
8.837721210841303909e-02
1.276770069682644192e-02
5.816814369930502909e-03
4.177336048321512833e-03
2.600292139860160921e-03
2.453541764163200221e-03
2.727624570200462041e-03
5.559323213077773003e-03
1.464606264810843113e-02
1.002943984203098493e-01
2.844648581640894271e-03
2.173745650997151949e-03
2.554248336620760194e-03
2.046714063419144761e-03
2.885026720459355105e-03
2.194296681838493312e-03
3.093711552505609697e-03
6.515645860427407739e-03
3.118910424962246380e-02
nan
