9.867247761982823190e-04
1.041338399741962130e-03
1.017904744040413079e-03
1.419129821825271557e-03
6.077628301653021856e-03
nan
1.739960584894567619e-02
4.370651187569512576e-03
2.356083659125393723e-03
1.915866162343719424e-03
1.686323878564034880e-03
1.410281893621304116e-03
1.296348980335160824e-03
1.430484639793153014e-03
3.407913484543090808e-03
3.725128770973571563e-02
1.796053020267748823e-01
1.724260931277090542e-02
7.061046985585970985e-03
3.315070012057822445e-03
2.635878703013240423e-03
2.547659183415208230e-03
2.553710013190969418e-03
5.754243915377928870e-03
1.827893750108345802e-02
1.396387320107127517e-01
3.242420867985994475e-03
2.262186087136707803e-03
2.237602560200885240e-03
2.283651166328112565e-03
2.439700261113114145e-03
2.886690752886183001e-03
3.300662832015682259e-03
6.516841184667968197e-03
3.074377309506728245e-02
nan
