5.385922608020616842e+00
5.709466149691142967e+00
5.305830783799814654e+00
4.294624648612994200e+00
2.707490335214927768e+00
2.941905711336757490e-01
-inf
2.136175375723789571e+00
3.318653433440871492e+00
3.772367554649265209e+00
4.101563430604253213e+00
4.357255731174967117e+00
4.488459053771654439e+00
4.311157621112033489e+00
3.454897238859639952e+00
1.682934395395032201e+00
4.656616325526117817e-01
1.990533089297009228e+00
2.804724942995169723e+00
3.446609970534143752e+00
3.820751370834827743e+00
3.898411479737523333e+00
3.673837035284989838e+00
3.158744028586881303e+00
2.306693027856571376e+00
4.609917544191266536e-01
3.495730745845471166e+00
3.829145910269402986e+00
3.925947497785958529e+00
3.987673246198639276e+00
3.987826107929512975e+00
3.870283169850036842e+00
3.527450652976450662e+00
2.799555919892859457e+00
1.540368584564586696e+00
-inf
