5.391149222400013485e+00
5.714245386912438995e+00
5.311169620229009958e+00
4.300442622503040546e+00
2.681580397472405064e+00
2.941905711336757490e-01
-inf
2.492825842466749986e+00
3.380160344844711506e+00
3.835432929927621970e+00
4.144859168498936874e+00
4.380647013955670133e+00
4.492254319263061291e+00
4.266385692768953852e+00
3.328608923772449213e+00
1.248049935879510075e+00
4.633329702340291401e-01
1.859776055470069522e+00
2.745989185927478982e+00
3.415776467310764897e+00
3.824537673030424578e+00
3.900964214358558113e+00
3.699535575907504370e+00
3.208239749712206379e+00
2.358529689555991737e+00
9.357591037453116822e-01
3.503124350374154261e+00
3.828788748184952961e+00
3.942950843921919635e+00
3.984142494132007606e+00
3.979651501707934358e+00
3.869568130945862716e+00
3.531588674295505825e+00
2.862597190630300936e+00
1.617884551433600659e+00
-inf
