1.013653878046201495e-03
1.045371652323890017e-03
1.049145715879465325e-03
1.388107029954440807e-03
6.326416127245185379e-03
1.259881576697424177e-01
1.259881576697424177e-01
6.008081216741341206e-03
2.428821206721408932e-03
2.228947805567122343e-03
1.757660685009896110e-03
1.614976991903358666e-03
1.413583474226279713e-03
1.096009987295037827e-03
3.387374082722087714e-03
2.969569354582493256e-02
6.842854198134529220e-02
1.810739095194862508e-02
5.784680369021197657e-03
3.395421423247584145e-03
2.860508807240917661e-03
2.151961768301092429e-03
2.884264565508699429e-03
6.262764183142939707e-03
1.863235957585707495e-02
1.249349466518521606e-01
3.669462755934693819e-03
2.495617937269153670e-03
2.201648582337351577e-03
2.010650449650959373e-03
2.402808751148133477e-03
2.702553423731442195e-03
3.514581052280110491e-03
6.975141297714908956e-03
2.499519369408227665e-02
nan
