5.391532926175098162e+00
5.714409623705124730e+00
5.311741414633107006e+00
4.299649938178177422e+00
2.684242067592663261e+00
6.921305798057133529e-01
1.549463076236981873e+00
3.098319181413932810e+00
3.620502043771986589e+00
3.946234203290405418e+00
4.216344896364734751e+00
4.413894624997727334e+00
4.457046694527281971e+00
4.086706215891927840e+00
3.107326585808531494e+00
1.168792020314181723e+00
6.907496740893277476e-01
1.899084888333516963e+00
2.808115981725419985e+00
3.472088775210980138e+00
3.842341037688679517e+00
3.907183706353049679e+00
3.662676688923421686e+00
3.105855992417849265e+00
2.144963186123665544e+00
6.823707425165570495e-01
3.506860034628565437e+00
3.832885962481198394e+00
3.931525406111979315e+00
3.985272765248256466e+00
3.990388115331279462e+00
3.874870312803273098e+00
3.534601133647285121e+00
2.824430937421992471e+00
1.692406234833630396e+00
-inf
