9.687983404356104644e-04
1.000631272606039611e-03
1.002877680859740658e-03
1.403789943903466795e-03
5.775739644582292276e-03
1.259881576697424177e-01
nan
nan
3.989674742759912948e-03
2.617938704248473983e-03
1.940531759221718593e-03
1.645258042562306681e-03
1.352286827974493290e-03
9.395950273060486900e-04
2.711779379625880310e-03
2.067214025841956557e-02
6.842854198134529220e-02
1.413659804336190109e-02
6.593116530410186686e-03
3.589881459998564908e-03
3.048018747075476997e-03
3.989201713493413168e-03
5.851242579446358505e-03
1.190160065492590347e-02
3.064123323285802836e-02
nan
3.240519608146081969e-03
2.827054029026093013e-03
3.031450845179705939e-03
3.176242890764242009e-03
3.993389163263167708e-03
4.744985745525349095e-03
7.402295784159090668e-03
9.846071446856346707e-03
3.649909111499140962e-02
nan
