5.393855676788843923e+00
5.718294353035137334e+00
5.313865474491286101e+00
4.303301377265888128e+00
2.678005937114106949e+00
6.921305798057133529e-01
-inf
1.373371817181300525e+00
3.190712414512875572e+00
3.741551668909678163e+00
4.096464632867769851e+00
4.373370093787079860e+00
4.517483531023840371e+00
4.334166828511619052e+00
3.394454417047951367e+00
1.334642206125423503e+00
9.466364572043842740e-01
1.934577349323883366e+00
2.810673479431249788e+00
3.428592850549290194e+00
3.829879434515037762e+00
3.908487532149629295e+00
3.684867793631292798e+00
3.190484900045205130e+00
2.356085640314134366e+00
7.573011114105234753e-01
3.504933625428950261e+00
3.844956483477322884e+00
3.921202663399860455e+00
3.987910542710581208e+00
3.988130275301932315e+00
3.884519241560595137e+00
3.535216956278502298e+00
2.851955489087982354e+00
1.646832417137568116e+00
-inf
