4.840000000000003189e-01 4.999999999999999445e-01 6.026666666666657957e-01 4.749999999999998668e-01 5.132255132719998336e-01 1.666666666666666574e-01 0.000000000000000000e+00
4.840000000000003189e-01 4.999999999999999445e-01 6.026666666666657957e-01 4.749999999999998668e-01 5.132255132719998336e-01 3.333333333333333148e-01 0.000000000000000000e+00
4.840000000000003189e-01 4.999999999999999445e-01 6.026666666666657957e-01 4.749999999999998668e-01 5.132255132719998336e-01 5.000000000000000000e-01 0.000000000000000000e+00
4.840000000000003189e-01 4.999999999999999445e-01 6.026666666666657957e-01 4.749999999999998668e-01 5.132255132719998336e-01 6.666666666666666297e-01 0.000000000000000000e+00
4.840000000000003189e-01 4.999999999999999445e-01 6.026666666666657957e-01 4.749999999999998668e-01 5.132255132719998336e-01 8.333333333333333703e-01 0.000000000000000000e+00
4.840000000000003189e-01 4.999999999999999445e-01 6.026666666666657957e-01 4.749999999999998668e-01 5.132255132719998336e-01 1.000000000000000000e+00 0.000000000000000000e+00
4.840000000000003189e-01 4.999999999999999445e-01 6.026666666666657957e-01 4.749999999999998668e-01 5.132255132719998336e-01 -8.129148490341863154e-01 1.000000000000000000e+00
4.840000000000003189e-01 4.999999999999999445e-01 6.026666666666657957e-01 4.749999999999998668e-01 5.132255132719998336e-01 -5.936635612398755146e-01 1.000000000000000000e+00
4.840000000000003189e-01 4.999999999999999445e-01 6.026666666666657957e-01 4.749999999999998668e-01 5.132255132719998336e-01 -3.744122734455648804e-01 1.000000000000000000e+00
4.840000000000003189e-01 4.999999999999999445e-01 6.026666666666657957e-01 4.749999999999998668e-01 5.132255132719998336e-01 -1.551609856512542185e-01 1.000000000000000000e+00
4.840000000000003189e-01 4.999999999999999445e-01 6.026666666666657957e-01 4.749999999999998668e-01 5.132255132719998336e-01 6.409030214305654061e-02 1.000000000000000000e+00
4.840000000000003189e-01 4.999999999999999445e-01 6.026666666666657957e-01 4.749999999999998668e-01 5.132255132719998336e-01 2.833415899373672442e-01 1.000000000000000000e+00
4.840000000000003189e-01 4.999999999999999445e-01 6.026666666666657957e-01 4.749999999999998668e-01 5.132255132719998336e-01 5.025928777316779339e-01 1.000000000000000000e+00
4.840000000000003189e-01 4.999999999999999445e-01 6.026666666666657957e-01 4.749999999999998668e-01 5.132255132719998336e-01 7.218441655259886236e-01 1.000000000000000000e+00
4.840000000000003189e-01 4.999999999999999445e-01 6.026666666666657957e-01 4.749999999999998668e-01 5.132255132719998336e-01 9.410954533202993133e-01 1.000000000000000000e+00
4.840000000000003189e-01 4.999999999999999445e-01 6.026666666666657957e-01 4.749999999999998668e-01 5.132255132719998336e-01 1.160346741114610225e+00 1.000000000000000000e+00
4.840000000000003189e-01 4.999999999999999445e-01 6.026666666666657957e-01 4.749999999999998668e-01 5.132255132719998336e-01 -2.599860218187062533e-02 2.000000000000000000e+00
4.840000000000003189e-01 4.999999999999999445e-01 6.026666666666657957e-01 4.749999999999998668e-01 5.132255132719998336e-01 1.832813831719391218e-01 2.000000000000000000e+00
4.840000000000003189e-01 4.999999999999999445e-01 6.026666666666657957e-01 4.749999999999998668e-01 5.132255132719998336e-01 3.925613685257488550e-01 2.000000000000000000e+00
4.840000000000003189e-01 4.999999999999999445e-01 6.026666666666657957e-01 4.749999999999998668e-01 5.132255132719998336e-01 6.018413538795586160e-01 2.000000000000000000e+00
4.840000000000003189e-01 4.999999999999999445e-01 6.026666666666657957e-01 4.749999999999998668e-01 5.132255132719998336e-01 8.111213392333683769e-01 2.000000000000000000e+00
4.840000000000003189e-01 4.999999999999999445e-01 6.026666666666657957e-01 4.749999999999998668e-01 5.132255132719998336e-01 1.020401324587178138e+00 2.000000000000000000e+00
4.840000000000003189e-01 4.999999999999999445e-01 6.026666666666657957e-01 4.749999999999998668e-01 5.132255132719998336e-01 1.229681309940987788e+00 2.000000000000000000e+00
4.840000000000003189e-01 4.999999999999999445e-01 6.026666666666657957e-01 4.749999999999998668e-01 5.132255132719998336e-01 1.438961295294797438e+00 2.000000000000000000e+00
4.840000000000003189e-01 4.999999999999999445e-01 6.026666666666657957e-01 4.749999999999998668e-01 5.132255132719998336e-01 1.648241280648607310e+00 2.000000000000000000e+00
4.840000000000003189e-01 4.999999999999999445e-01 6.026666666666657957e-01 4.749999999999998668e-01 5.132255132719998336e-01 1.857521266002416960e+00 2.000000000000000000e+00
4.840000000000003189e-01 4.999999999999999445e-01 6.026666666666657957e-01 4.749999999999998668e-01 5.132255132719998336e-01 5.000000000000000278e-02 3.000000000000000000e+00
4.840000000000003189e-01 4.999999999999999445e-01 6.026666666666657957e-01 4.749999999999998668e-01 5.132255132719998336e-01 1.500000000000000222e-01 3.000000000000000000e+00
4.840000000000003189e-01 4.999999999999999445e-01 6.026666666666657957e-01 4.749999999999998668e-01 5.132255132719998336e-01 2.500000000000000000e-01 3.000000000000000000e+00
4.840000000000003189e-01 4.999999999999999445e-01 6.026666666666657957e-01 4.749999999999998668e-01 5.132255132719998336e-01 3.499999999999999778e-01 3.000000000000000000e+00
4.840000000000003189e-01 4.999999999999999445e-01 6.026666666666657957e-01 4.749999999999998668e-01 5.132255132719998336e-01 4.500000000000000111e-01 3.000000000000000000e+00
4.840000000000003189e-01 4.999999999999999445e-01 6.026666666666657957e-01 4.749999999999998668e-01 5.132255132719998336e-01 5.500000000000000444e-01 3.000000000000000000e+00
4.840000000000003189e-01 4.999999999999999445e-01 6.026666666666657957e-01 4.749999999999998668e-01 5.132255132719998336e-01 6.500000000000000222e-01 3.000000000000000000e+00
4.840000000000003189e-01 4.999999999999999445e-01 6.026666666666657957e-01 4.749999999999998668e-01 5.132255132719998336e-01 7.500000000000000000e-01 3.000000000000000000e+00
4.840000000000003189e-01 4.999999999999999445e-01 6.026666666666657957e-01 4.749999999999998668e-01 5.132255132719998336e-01 8.499999999999999778e-01 3.000000000000000000e+00
4.840000000000003189e-01 4.999999999999999445e-01 6.026666666666657957e-01 4.749999999999998668e-01 5.132255132719998336e-01 9.499999999999999556e-01 3.000000000000000000e+00
