4.840000000000003189e-01 4.999999999999999445e-01 6.026666666666657957e-01 4.749999999999998668e-01 5.132255132719998336e-01 1.666666666666666574e-01 0.000000000000000000e+00
4.840000000000003189e-01 4.999999999999999445e-01 6.026666666666657957e-01 4.749999999999998668e-01 5.132255132719998336e-01 3.333333333333333148e-01 0.000000000000000000e+00
4.840000000000003189e-01 4.999999999999999445e-01 6.026666666666657957e-01 4.749999999999998668e-01 5.132255132719998336e-01 5.000000000000000000e-01 0.000000000000000000e+00
4.840000000000003189e-01 4.999999999999999445e-01 6.026666666666657957e-01 4.749999999999998668e-01 5.132255132719998336e-01 6.666666666666666297e-01 0.000000000000000000e+00
4.840000000000003189e-01 4.999999999999999445e-01 6.026666666666657957e-01 4.749999999999998668e-01 5.132255132719998336e-01 8.333333333333333703e-01 0.000000000000000000e+00
4.840000000000003189e-01 4.999999999999999445e-01 6.026666666666657957e-01 4.749999999999998668e-01 5.132255132719998336e-01 1.000000000000000000e+00 0.000000000000000000e+00
4.840000000000003189e-01 4.999999999999999445e-01 6.026666666666657957e-01 4.749999999999998668e-01 5.132255132719998336e-01 -5.763148212499180634e-01 1.000000000000000000e+00
4.840000000000003189e-01 4.999999999999999445e-01 6.026666666666657957e-01 4.749999999999998668e-01 5.132255132719998336e-01 -3.798845101139940450e-01 1.000000000000000000e+00
4.840000000000003189e-01 4.999999999999999445e-01 6.026666666666657957e-01 4.749999999999998668e-01 5.132255132719998336e-01 -1.834541989780697768e-01 1.000000000000000000e+00
4.840000000000003189e-01 4.999999999999999445e-01 6.026666666666657957e-01 4.749999999999998668e-01 5.132255132719998336e-01 1.297611215785437512e-02 1.000000000000000000e+00
4.840000000000003189e-01 4.999999999999999445e-01 6.026666666666657957e-01 4.749999999999998668e-01 5.132255132719998336e-01 2.094064232937785375e-01 1.000000000000000000e+00
4.840000000000003189e-01 4.999999999999999445e-01 6.026666666666657957e-01 4.749999999999998668e-01 5.132255132719998336e-01 4.058367344297026946e-01 1.000000000000000000e+00
4.840000000000003189e-01 4.999999999999999445e-01 6.026666666666657957e-01 4.749999999999998668e-01 5.132255132719998336e-01 6.022670455656269350e-01 1.000000000000000000e+00
4.840000000000003189e-01 4.999999999999999445e-01 6.026666666666657957e-01 4.749999999999998668e-01 5.132255132719998336e-01 7.986973567015511755e-01 1.000000000000000000e+00
4.840000000000003189e-01 4.999999999999999445e-01 6.026666666666657957e-01 4.749999999999998668e-01 5.132255132719998336e-01 9.951276678374753049e-01 1.000000000000000000e+00
4.840000000000003189e-01 4.999999999999999445e-01 6.026666666666657957e-01 4.749999999999998668e-01 5.132255132719998336e-01 1.191557978973399434e+00 1.000000000000000000e+00
4.840000000000003189e-01 4.999999999999999445e-01 6.026666666666657957e-01 4.749999999999998668e-01 5.132255132719998336e-01 -6.208200343352761330e-02 2.000000000000000000e+00
4.840000000000003189e-01 4.999999999999999445e-01 6.026666666666657957e-01 4.749999999999998668e-01 5.132255132719998336e-01 1.432751039590905995e-01 2.000000000000000000e+00
4.840000000000003189e-01 4.999999999999999445e-01 6.026666666666657957e-01 4.749999999999998668e-01 5.132255132719998336e-01 3.486322113517088539e-01 2.000000000000000000e+00
4.840000000000003189e-01 4.999999999999999445e-01 6.026666666666657957e-01 4.749999999999998668e-01 5.132255132719998336e-01 5.539893187443271083e-01 2.000000000000000000e+00
4.840000000000003189e-01 4.999999999999999445e-01 6.026666666666657957e-01 4.749999999999998668e-01 5.132255132719998336e-01 7.593464261369453627e-01 2.000000000000000000e+00
4.840000000000003189e-01 4.999999999999999445e-01 6.026666666666657957e-01 4.749999999999998668e-01 5.132255132719998336e-01 9.647035335295636171e-01 2.000000000000000000e+00
4.840000000000003189e-01 4.999999999999999445e-01 6.026666666666657957e-01 4.749999999999998668e-01 5.132255132719998336e-01 1.170060640922181872e+00 2.000000000000000000e+00
4.840000000000003189e-01 4.999999999999999445e-01 6.026666666666657957e-01 4.749999999999998668e-01 5.132255132719998336e-01 1.375417748314800015e+00 2.000000000000000000e+00
4.840000000000003189e-01 4.999999999999999445e-01 6.026666666666657957e-01 4.749999999999998668e-01 5.132255132719998336e-01 1.580774855707418380e+00 2.000000000000000000e+00
4.840000000000003189e-01 4.999999999999999445e-01 6.026666666666657957e-01 4.749999999999998668e-01 5.132255132719998336e-01 1.786131963100036524e+00 2.000000000000000000e+00
4.840000000000003189e-01 4.999999999999999445e-01 6.026666666666657957e-01 4.749999999999998668e-01 5.132255132719998336e-01 5.000000000000000278e-02 3.000000000000000000e+00
4.840000000000003189e-01 4.999999999999999445e-01 6.026666666666657957e-01 4.749999999999998668e-01 5.132255132719998336e-01 1.500000000000000222e-01 3.000000000000000000e+00
4.840000000000003189e-01 4.999999999999999445e-01 6.026666666666657957e-01 4.749999999999998668e-01 5.132255132719998336e-01 2.500000000000000000e-01 3.000000000000000000e+00
4.840000000000003189e-01 4.999999999999999445e-01 6.026666666666657957e-01 4.749999999999998668e-01 5.132255132719998336e-01 3.499999999999999778e-01 3.000000000000000000e+00
4.840000000000003189e-01 4.999999999999999445e-01 6.026666666666657957e-01 4.749999999999998668e-01 5.132255132719998336e-01 4.500000000000000111e-01 3.000000000000000000e+00
4.840000000000003189e-01 4.999999999999999445e-01 6.026666666666657957e-01 4.749999999999998668e-01 5.132255132719998336e-01 5.500000000000000444e-01 3.000000000000000000e+00
4.840000000000003189e-01 4.999999999999999445e-01 6.026666666666657957e-01 4.749999999999998668e-01 5.132255132719998336e-01 6.500000000000000222e-01 3.000000000000000000e+00
4.840000000000003189e-01 4.999999999999999445e-01 6.026666666666657957e-01 4.749999999999998668e-01 5.132255132719998336e-01 7.500000000000000000e-01 3.000000000000000000e+00
4.840000000000003189e-01 4.999999999999999445e-01 6.026666666666657957e-01 4.749999999999998668e-01 5.132255132719998336e-01 8.499999999999999778e-01 3.000000000000000000e+00
4.840000000000003189e-01 4.999999999999999445e-01 6.026666666666657957e-01 4.749999999999998668e-01 5.132255132719998336e-01 9.499999999999999556e-01 3.000000000000000000e+00
