5.404662700873721803e+00
5.729988842812518079e+00
5.324829609686000609e+00
4.312621582586981361e+00
2.710963118995275867e+00
3.010299956639811980e-01
0.000000000000000000e+00
2.844477175745681485e+00
3.518908573691414077e+00
3.896085085423285133e+00
4.185768733433612887e+00
4.401882822321281807e+00
4.485735618879806985e+00
4.223729509364877011e+00
3.328787200354534459e+00
1.462397997898956081e+00
8.450980400142568127e-01
1.977723605288847830e+00
2.823474229170300998e+00
3.443262987458695079e+00
3.847634344318255017e+00
3.926033596678844440e+00
3.687796411381294437e+00
3.184407485412320327e+00
2.315970345456917823e+00
6.989700043360188575e-01
3.529173603261722914e+00
3.848804701051803612e+00
3.940117866747718356e+00
4.007107382974057330e+00
4.007961033336182588e+00
3.896471100479277361e+00
3.549371152333177015e+00
2.854306041801080607e+00
1.633468455579586642e+00
-inf
