3.897326666666666717e-01 7.550511249999999341e-01 4.955373333333330521e-01 1.289107500000000184e-01 4.429664605200001049e-01 1.666666666666666574e-01 0.000000000000000000e+00
3.897326666666666717e-01 7.550511249999999341e-01 4.955373333333330521e-01 1.289107500000000184e-01 4.429664605200001049e-01 3.333333333333333148e-01 0.000000000000000000e+00
3.897326666666666717e-01 7.550511249999999341e-01 4.955373333333330521e-01 1.289107500000000184e-01 4.429664605200001049e-01 5.000000000000000000e-01 0.000000000000000000e+00
3.897326666666666717e-01 7.550511249999999341e-01 4.955373333333330521e-01 1.289107500000000184e-01 4.429664605200001049e-01 6.666666666666666297e-01 0.000000000000000000e+00
3.897326666666666717e-01 7.550511249999999341e-01 4.955373333333330521e-01 1.289107500000000184e-01 4.429664605200001049e-01 8.333333333333333703e-01 0.000000000000000000e+00
3.897326666666666717e-01 7.550511249999999341e-01 4.955373333333330521e-01 1.289107500000000184e-01 4.429664605200001049e-01 1.000000000000000000e+00 0.000000000000000000e+00
3.897326666666666717e-01 7.550511249999999341e-01 4.955373333333330521e-01 1.289107500000000184e-01 4.429664605200001049e-01 -5.670845424290649195e-01 1.000000000000000000e+00
3.897326666666666717e-01 7.550511249999999341e-01 4.955373333333330521e-01 1.289107500000000184e-01 4.429664605200001049e-01 -3.711486036456400628e-01 1.000000000000000000e+00
3.897326666666666717e-01 7.550511249999999341e-01 4.955373333333330521e-01 1.289107500000000184e-01 4.429664605200001049e-01 -1.752126648622151228e-01 1.000000000000000000e+00
3.897326666666666717e-01 7.550511249999999341e-01 4.955373333333330521e-01 1.289107500000000184e-01 4.429664605200001049e-01 2.072327392120975817e-02 1.000000000000000000e+00
3.897326666666666717e-01 7.550511249999999341e-01 4.955373333333330521e-01 1.289107500000000184e-01 4.429664605200001049e-01 2.166592127046347016e-01 1.000000000000000000e+00
3.897326666666666717e-01 7.550511249999999341e-01 4.955373333333330521e-01 1.289107500000000184e-01 4.429664605200001049e-01 4.125951514880595861e-01 1.000000000000000000e+00
3.897326666666666717e-01 7.550511249999999341e-01 4.955373333333330521e-01 1.289107500000000184e-01 4.429664605200001049e-01 6.085310902714845538e-01 1.000000000000000000e+00
3.897326666666666717e-01 7.550511249999999341e-01 4.955373333333330521e-01 1.289107500000000184e-01 4.429664605200001049e-01 8.044670290549095215e-01 1.000000000000000000e+00
3.897326666666666717e-01 7.550511249999999341e-01 4.955373333333330521e-01 1.289107500000000184e-01 4.429664605200001049e-01 1.000402967838334600e+00 1.000000000000000000e+00
3.897326666666666717e-01 7.550511249999999341e-01 4.955373333333330521e-01 1.289107500000000184e-01 4.429664605200001049e-01 1.196338906621759346e+00 1.000000000000000000e+00
3.897326666666666717e-01 7.550511249999999341e-01 4.955373333333330521e-01 1.289107500000000184e-01 4.429664605200001049e-01 -8.558857453044028951e-02 2.000000000000000000e+00
3.897326666666666717e-01 7.550511249999999341e-01 4.955373333333330521e-01 1.289107500000000184e-01 4.429664605200001049e-01 1.300480512109052633e-01 2.000000000000000000e+00
3.897326666666666717e-01 7.550511249999999341e-01 4.955373333333330521e-01 1.289107500000000184e-01 4.429664605200001049e-01 3.456846769522509688e-01 2.000000000000000000e+00
3.897326666666666717e-01 7.550511249999999341e-01 4.955373333333330521e-01 1.289107500000000184e-01 4.429664605200001049e-01 5.613213026935964800e-01 2.000000000000000000e+00
3.897326666666666717e-01 7.550511249999999341e-01 4.955373333333330521e-01 1.289107500000000184e-01 4.429664605200001049e-01 7.769579284349420467e-01 2.000000000000000000e+00
3.897326666666666717e-01 7.550511249999999341e-01 4.955373333333330521e-01 1.289107500000000184e-01 4.429664605200001049e-01 9.925945541762875024e-01 2.000000000000000000e+00
3.897326666666666717e-01 7.550511249999999341e-01 4.955373333333330521e-01 1.289107500000000184e-01 4.429664605200001049e-01 1.208231179917633291e+00 2.000000000000000000e+00
3.897326666666666717e-01 7.550511249999999341e-01 4.955373333333330521e-01 1.289107500000000184e-01 4.429664605200001049e-01 1.423867805658978858e+00 2.000000000000000000e+00
3.897326666666666717e-01 7.550511249999999341e-01 4.955373333333330521e-01 1.289107500000000184e-01 4.429664605200001049e-01 1.639504431400324425e+00 2.000000000000000000e+00
3.897326666666666717e-01 7.550511249999999341e-01 4.955373333333330521e-01 1.289107500000000184e-01 4.429664605200001049e-01 1.855141057141669991e+00 2.000000000000000000e+00
3.897326666666666717e-01 7.550511249999999341e-01 4.955373333333330521e-01 1.289107500000000184e-01 4.429664605200001049e-01 5.000000000000000278e-02 3.000000000000000000e+00
3.897326666666666717e-01 7.550511249999999341e-01 4.955373333333330521e-01 1.289107500000000184e-01 4.429664605200001049e-01 1.500000000000000222e-01 3.000000000000000000e+00
3.897326666666666717e-01 7.550511249999999341e-01 4.955373333333330521e-01 1.289107500000000184e-01 4.429664605200001049e-01 2.500000000000000000e-01 3.000000000000000000e+00
3.897326666666666717e-01 7.550511249999999341e-01 4.955373333333330521e-01 1.289107500000000184e-01 4.429664605200001049e-01 3.499999999999999778e-01 3.000000000000000000e+00
3.897326666666666717e-01 7.550511249999999341e-01 4.955373333333330521e-01 1.289107500000000184e-01 4.429664605200001049e-01 4.500000000000000111e-01 3.000000000000000000e+00
3.897326666666666717e-01 7.550511249999999341e-01 4.955373333333330521e-01 1.289107500000000184e-01 4.429664605200001049e-01 5.500000000000000444e-01 3.000000000000000000e+00
3.897326666666666717e-01 7.550511249999999341e-01 4.955373333333330521e-01 1.289107500000000184e-01 4.429664605200001049e-01 6.500000000000000222e-01 3.000000000000000000e+00
3.897326666666666717e-01 7.550511249999999341e-01 4.955373333333330521e-01 1.289107500000000184e-01 4.429664605200001049e-01 7.500000000000000000e-01 3.000000000000000000e+00
3.897326666666666717e-01 7.550511249999999341e-01 4.955373333333330521e-01 1.289107500000000184e-01 4.429664605200001049e-01 8.499999999999999778e-01 3.000000000000000000e+00
3.897326666666666717e-01 7.550511249999999341e-01 4.955373333333330521e-01 1.289107500000000184e-01 4.429664605200001049e-01 9.499999999999999556e-01 3.000000000000000000e+00
