1.047519647286696909e-03
1.060370759454774608e-03
1.094250346040717085e-03
1.360713936518394241e-03
5.946338514831709179e-03
1.259881576697424177e-01
1.923935117219702576e-02
4.260294943236802440e-03
2.496400071405633758e-03
1.921949662333496262e-03
1.847180013399920412e-03
1.450001236512269863e-03
1.168951000846801683e-03
1.218933877873666291e-03
3.064208529687702676e-03
2.833008055743302389e-02
nan
1.927785354067940854e-02
7.833290728639205960e-03
4.319632193279627011e-03
3.033109115194531410e-03
2.038774936477386664e-03
2.076843664679225814e-03
4.636271167503241281e-03
1.017920510840770489e-02
6.021545458046632937e-02
2.596236799607526055e-03
2.225730342443687105e-03
2.124854873502841912e-03
2.131649799494267448e-03
2.708054802208494181e-03
2.539156637727090198e-03
3.677503378720861464e-03
6.927608118006496965e-03
2.417728073727298810e-02
nan
