1.037131502141467460e-03
1.076831594698951858e-03
1.056136613383366722e-03
1.506035358315917705e-03
5.117203051767557111e-03
8.837721210841303909e-02
3.732897422483975186e-02
4.638946010610192974e-03
2.432974513183007882e-03
2.015590384481760495e-03
1.828642590418889458e-03
1.410979331578158516e-03
1.168310791560310232e-03
1.102147864285833593e-03
3.019034144914461374e-03
3.073484062373818548e-02
4.529474910530199155e-02
1.455061776765754177e-02
5.557548653314734605e-03
3.061180413284048628e-03
2.592591891048510577e-03
2.017958041372943517e-03
2.874377432386191530e-03
7.193767869854982532e-03
1.581330231581314430e-02
1.304347826086956486e-01
2.753530159242135230e-03
2.394485683390193409e-03
2.163124229682684974e-03
1.998574633307569938e-03
2.583508861354229681e-03
2.300908001091110221e-03
3.575276516335952354e-03
7.415396876037669803e-03
3.796532375491882411e-02
nan
