5.379798635661773076e+00
5.704428607456433653e+00
5.299746423048845578e+00
4.289694141398681992e+00
2.660613528359648594e+00
5.952205667976568915e-01
-inf
2.172137522762863870e+00
3.351255638023543870e+00
3.802209117577461495e+00
4.124490469512504198e+00
4.373978601118782450e+00
4.487639620197611201e+00
4.254030805885959055e+00
3.299384707066473688e+00
1.292809665417290255e+00
-6.839424530305465537e-03
1.859869764496628664e+00
2.650671711398060904e+00
3.380530624742371426e+00
3.821261672673727627e+00
3.918152432161775334e+00
3.679825212378355026e+00
3.141812187482200258e+00
2.181352228745952360e+00
8.232296251188316871e-01
3.482167638780515162e+00
3.817490997698668398e+00
3.913135565395336801e+00
3.976103411362991835e+00
3.981028919456178095e+00
3.862545044600746991e+00
3.522556297671450842e+00
2.816551991180832104e+00
1.585813098275825617e+00
-inf
