2.714773333333331262e-01 7.596911250000000226e-01 7.510093333333327514e-01 3.398919999999999719e-01 6.366734105119999931e-01 1.666666666666666574e-01 0.000000000000000000e+00
2.714773333333331262e-01 7.596911250000000226e-01 7.510093333333327514e-01 3.398919999999999719e-01 6.366734105119999931e-01 3.333333333333333148e-01 0.000000000000000000e+00
2.714773333333331262e-01 7.596911250000000226e-01 7.510093333333327514e-01 3.398919999999999719e-01 6.366734105119999931e-01 5.000000000000000000e-01 0.000000000000000000e+00
2.714773333333331262e-01 7.596911250000000226e-01 7.510093333333327514e-01 3.398919999999999719e-01 6.366734105119999931e-01 6.666666666666666297e-01 0.000000000000000000e+00
2.714773333333331262e-01 7.596911250000000226e-01 7.510093333333327514e-01 3.398919999999999719e-01 6.366734105119999931e-01 8.333333333333333703e-01 0.000000000000000000e+00
2.714773333333331262e-01 7.596911250000000226e-01 7.510093333333327514e-01 3.398919999999999719e-01 6.366734105119999931e-01 1.000000000000000000e+00 0.000000000000000000e+00
2.714773333333331262e-01 7.596911250000000226e-01 7.510093333333327514e-01 3.398919999999999719e-01 6.366734105119999931e-01 -6.395054767314505284e-01 1.000000000000000000e+00
2.714773333333331262e-01 7.596911250000000226e-01 7.510093333333327514e-01 3.398919999999999719e-01 6.366734105119999931e-01 -4.348345764955103832e-01 1.000000000000000000e+00
2.714773333333331262e-01 7.596911250000000226e-01 7.510093333333327514e-01 3.398919999999999719e-01 6.366734105119999931e-01 -2.301636762595702657e-01 1.000000000000000000e+00
2.714773333333331262e-01 7.596911250000000226e-01 7.510093333333327514e-01 3.398919999999999719e-01 6.366734105119999931e-01 -2.549277602363008918e-02 1.000000000000000000e+00
2.714773333333331262e-01 7.596911250000000226e-01 7.510093333333327514e-01 3.398919999999999719e-01 6.366734105119999931e-01 1.791781242123101359e-01 1.000000000000000000e+00
2.714773333333331262e-01 7.596911250000000226e-01 7.510093333333327514e-01 3.398919999999999719e-01 6.366734105119999931e-01 3.838490244482501978e-01 1.000000000000000000e+00
2.714773333333331262e-01 7.596911250000000226e-01 7.510093333333327514e-01 3.398919999999999719e-01 6.366734105119999931e-01 5.885199246841903431e-01 1.000000000000000000e+00
2.714773333333331262e-01 7.596911250000000226e-01 7.510093333333327514e-01 3.398919999999999719e-01 6.366734105119999931e-01 7.931908249201304884e-01 1.000000000000000000e+00
2.714773333333331262e-01 7.596911250000000226e-01 7.510093333333327514e-01 3.398919999999999719e-01 6.366734105119999931e-01 9.978617251560707446e-01 1.000000000000000000e+00
2.714773333333331262e-01 7.596911250000000226e-01 7.510093333333327514e-01 3.398919999999999719e-01 6.366734105119999931e-01 1.202532625392010779e+00 1.000000000000000000e+00
2.714773333333331262e-01 7.596911250000000226e-01 7.510093333333327514e-01 3.398919999999999719e-01 6.366734105119999931e-01 -8.668763058139447586e-02 2.000000000000000000e+00
2.714773333333331262e-01 7.596911250000000226e-01 7.510093333333327514e-01 3.398919999999999719e-01 6.366734105119999931e-01 1.204932340818499620e-01 2.000000000000000000e+00
2.714773333333331262e-01 7.596911250000000226e-01 7.510093333333327514e-01 3.398919999999999719e-01 6.366734105119999931e-01 3.276740987450944553e-01 2.000000000000000000e+00
2.714773333333331262e-01 7.596911250000000226e-01 7.510093333333327514e-01 3.398919999999999719e-01 6.366734105119999931e-01 5.348549634083388238e-01 2.000000000000000000e+00
2.714773333333331262e-01 7.596911250000000226e-01 7.510093333333327514e-01 3.398919999999999719e-01 6.366734105119999931e-01 7.420358280715833033e-01 2.000000000000000000e+00
2.714773333333331262e-01 7.596911250000000226e-01 7.510093333333327514e-01 3.398919999999999719e-01 6.366734105119999931e-01 9.492166927348277827e-01 2.000000000000000000e+00
2.714773333333331262e-01 7.596911250000000226e-01 7.510093333333327514e-01 3.398919999999999719e-01 6.366734105119999931e-01 1.156397557398072040e+00 2.000000000000000000e+00
2.714773333333331262e-01 7.596911250000000226e-01 7.510093333333327514e-01 3.398919999999999719e-01 6.366734105119999931e-01 1.363578422061316520e+00 2.000000000000000000e+00
2.714773333333331262e-01 7.596911250000000226e-01 7.510093333333327514e-01 3.398919999999999719e-01 6.366734105119999931e-01 1.570759286724560999e+00 2.000000000000000000e+00
2.714773333333331262e-01 7.596911250000000226e-01 7.510093333333327514e-01 3.398919999999999719e-01 6.366734105119999931e-01 1.777940151387805479e+00 2.000000000000000000e+00
2.714773333333331262e-01 7.596911250000000226e-01 7.510093333333327514e-01 3.398919999999999719e-01 6.366734105119999931e-01 5.000000000000000278e-02 3.000000000000000000e+00
2.714773333333331262e-01 7.596911250000000226e-01 7.510093333333327514e-01 3.398919999999999719e-01 6.366734105119999931e-01 1.500000000000000222e-01 3.000000000000000000e+00
2.714773333333331262e-01 7.596911250000000226e-01 7.510093333333327514e-01 3.398919999999999719e-01 6.366734105119999931e-01 2.500000000000000000e-01 3.000000000000000000e+00
2.714773333333331262e-01 7.596911250000000226e-01 7.510093333333327514e-01 3.398919999999999719e-01 6.366734105119999931e-01 3.499999999999999778e-01 3.000000000000000000e+00
2.714773333333331262e-01 7.596911250000000226e-01 7.510093333333327514e-01 3.398919999999999719e-01 6.366734105119999931e-01 4.500000000000000111e-01 3.000000000000000000e+00
2.714773333333331262e-01 7.596911250000000226e-01 7.510093333333327514e-01 3.398919999999999719e-01 6.366734105119999931e-01 5.500000000000000444e-01 3.000000000000000000e+00
2.714773333333331262e-01 7.596911250000000226e-01 7.510093333333327514e-01 3.398919999999999719e-01 6.366734105119999931e-01 6.500000000000000222e-01 3.000000000000000000e+00
2.714773333333331262e-01 7.596911250000000226e-01 7.510093333333327514e-01 3.398919999999999719e-01 6.366734105119999931e-01 7.500000000000000000e-01 3.000000000000000000e+00
2.714773333333331262e-01 7.596911250000000226e-01 7.510093333333327514e-01 3.398919999999999719e-01 6.366734105119999931e-01 8.499999999999999778e-01 3.000000000000000000e+00
2.714773333333331262e-01 7.596911250000000226e-01 7.510093333333327514e-01 3.398919999999999719e-01 6.366734105119999931e-01 9.499999999999999556e-01 3.000000000000000000e+00
