1.051447514008547589e-03
1.088458519375819743e-03
1.068741686681456277e-03
1.612812923977942478e-03
5.388495541883076695e-03
8.837721210841303909e-02
nan
6.146877213017687934e-03
2.887209643157732757e-03
2.373158412323524927e-03
1.738879774421587653e-03
1.646335332776017318e-03
1.329594755427468324e-03
1.053534131130451617e-03
2.772817209342757442e-03
2.396841059494621284e-02
6.147592613027646341e-02
1.518795235619482473e-02
4.900397227388684183e-03
3.393922933761959419e-03
2.478567926405916486e-03
2.460662716966112960e-03
3.733216894282910450e-03
5.401375344853481635e-03
2.127864458716742513e-02
9.855262422571131609e-02
2.610415234578839037e-03
2.367261992105843069e-03
2.332505445799133194e-03
2.151007828758001814e-03
2.887721791227428406e-03
2.752303002704353883e-03
3.406924595673643634e-03
6.744522033871837817e-03
3.607413093845151381e-02
nan
