5.348538501257993794e+00
5.671739185912464620e+00
5.269405524772127869e+00
4.252561786206329408e+00
2.664641975556125697e+00
-inf
1.698970004336018746e+00
3.070037866607755017e+00
3.595165414790229441e+00
3.924175870301920721e+00
4.189181397180736788e+00
4.373316665173873297e+00
4.397140170748577326e+00
4.043283665570575280e+00
3.068927611682071621e+00
1.079181246047624887e+00
0.000000000000000000e+00
1.806179973983887077e+00
2.720985744153739283e+00
3.418963830703622531e+00
3.808075868091306937e+00
3.891202827260295649e+00
3.628082260990679320e+00
3.042575512440190533e+00
1.995635194597549900e+00
3.010299956639811980e-01
3.482158695411276206e+00
3.802500067764393421e+00
3.898066660641634762e+00
3.949048292315664010e+00
3.952986065197055421e+00
3.839415192683893530e+00
3.484014962667562720e+00
2.840106094456757990e+00
1.556302500767287267e+00
-inf
