5.391966599478315025e+00
5.715433258267389682e+00
5.311891575449012137e+00
4.300720790091430601e+00
2.706651118563637048e+00
6.921305798057133529e-01
8.382586154839513082e-01
2.963964813484758043e+00
3.550887322917338107e+00
3.917285549610228124e+00
4.201131584069687896e+00
4.411631278578665771e+00
4.470514310819506676e+00
4.123234864233693564e+00
3.102347936058878375e+00
7.713118258533381288e-01
5.952205667976568915e-01
1.854685504019982112e+00
2.785763467960533202e+00
3.423982729677175652e+00
3.820154233142048383e+00
3.909270127133271266e+00
3.685783710911807898e+00
3.169945232717277683e+00
2.291632433381401768e+00
8.857851287834731524e-01
3.514005791649207122e+00
3.842414200095044752e+00
3.937839043341092804e+00
3.990107741312588274e+00
3.985841006082881499e+00
3.880032517426334149e+00
3.522501287967413575e+00
2.824938967428574976e+00
1.716785621508099435e+00
-inf
