5.390372095946285746e+00
5.715429142188490630e+00
5.309722165841004760e+00
4.302492595345676740e+00
2.694728560525621930e+00
5.952205667976568915e-01
-inf
2.786939877120053755e+00
3.537325118983105199e+00
3.924174254235260673e+00
4.211614383861792099e+00
4.431499459983213818e+00
4.481001884488815534e+00
4.073063322609744574e+00
2.918906368216765301e+00
4.679778752797926766e-01
2.941905711336757490e-01
1.948550495039866437e+00
2.812558259290395490e+00
3.451112122831794249e+00
3.839227556614594139e+00
3.910851929726292475e+00
3.660546811333339701e+00
3.113044602667231597e+00
2.216042130523818710e+00
-2.802872360024354081e-02
3.504309416309169478e+00
3.836312245250743214e+00
3.927637383591822573e+00
3.984285346174115450e+00
3.979632300603918260e+00
3.876071631420940022e+00
3.530679846932922139e+00
2.808411441694861566e+00
1.629186532628773998e+00
-inf
