5.391444409234628310e+00
5.715106320122455230e+00
5.310459046049553322e+00
4.306204808551717278e+00
2.667102574103782153e+00
7.713118258533381288e-01
9.931605754696944954e-01
3.011438274485237265e+00
3.553625163576649371e+00
3.930227684337993299e+00
4.211683993859448805e+00
4.404275529027115610e+00
4.463191451234771456e+00
4.125760742663521441e+00
3.129820756852658370e+00
1.034553260627919524e+00
6.907496740893277476e-01
1.731261309424060535e+00
2.715676978186282398e+00
3.380598428076811768e+00
3.802784411540469645e+00
3.911488033065904535e+00
3.720598545861958595e+00
3.211224862234444366e+00
2.387389826338729648e+00
9.805714481616740752e-01
3.507805290976954371e+00
3.837953221762943290e+00
3.936002146224201859e+00
3.974907293862814939e+00
3.990276403813463268e+00
3.868496575329791298e+00
3.534153074185062415e+00
2.825142013148250530e+00
1.701136066092526544e+00
-inf
