5.403072454304505889e+00
5.725796512674295791e+00
5.322481860105255258e+00
4.315529533213848801e+00
2.694605198933568868e+00
-inf
-inf
2.385606273598312121e+00
3.377306251068199039e+00
3.815312043524359265e+00
4.139154658406904552e+00
4.380862195341201470e+00
4.500867417872138176e+00
4.300225806768157355e+00
3.431685344686011607e+00
1.724275869600789157e+00
3.010299956639811980e-01
2.075546961392531031e+00
2.816241299991783187e+00
3.431685344686011607e+00
3.846213363879387170e+00
3.921894470929102372e+00
3.688686724284123475e+00
3.197831693328903047e+00
2.322219294733919082e+00
4.771212547196624354e-01
3.519171463821658907e+00
3.851013606823669999e+00
3.936915680945253904e+00
3.998651595998373498e+00
4.002856926061120646e+00
3.892595422828898144e+00
3.550961752298176233e+00
2.882524537954880284e+00
1.568201724066994984e+00
-inf
