1.008132853197741966e-03
1.010600905107518184e-03
1.027917890067112181e-03
1.447796394315406391e-03
5.520119593404141344e-03
1.259881576697424177e-01
2.465858242906041053e-02
2.914130625382762088e-03
2.476287655483516616e-03
2.064436585983447751e-03
1.548315712552413752e-03
1.282148088151613494e-03
1.321899714128242512e-03
1.372301969901619121e-03
4.058491318345618971e-03
4.402110749329341682e-02
8.240390098313653267e-02
1.514172813852740843e-02
6.741401399188578190e-03
3.476820946006401510e-03
2.717464467341524151e-03
2.373595269897703624e-03
2.549157714850389198e-03
5.164937713396337317e-03
1.125882316219465121e-02
8.618406315774429505e-02
2.761397473489441735e-03
2.089138129261996872e-03
2.386141194577228505e-03
2.586758635163229070e-03
2.006763343013036761e-03
2.496289157380804629e-03
3.482256544647890136e-03
8.111842271656507369e-03
2.626807739869604919e-02
nan
