1.026109858657061995e-03
1.065262262794357652e-03
1.056791532322561532e-03
1.448307896180995322e-03
4.865129597111564341e-03
7.157539290195071013e-02
nan
5.533791389112397395e-03
2.796877368702382991e-03
2.173665656642624362e-03
1.692231592093456282e-03
1.567704518761229779e-03
1.430592588039667368e-03
1.195450699567908838e-03
3.321078616051580286e-03
2.887544454619326434e-02
nan
1.719186541066845125e-02
7.395896635636813043e-03
3.173830852977698336e-03
2.668052558038642823e-03
1.919489924948635830e-03
2.419018914768189359e-03
4.468004650098430196e-03
1.584562379242671418e-02
1.235665378339078357e-01
2.871081033602097387e-03
2.384291078073426818e-03
2.304047561218412060e-03
2.252546193136743813e-03
2.760653709528983375e-03
2.197383833540317299e-03
2.926182934802605377e-03
7.615495563723174814e-03
3.754731102650390312e-02
nan
