9.866623447816044376e-04
1.021009042403934336e-03
9.942340378071132159e-04
1.477348374472521207e-03
5.514324952639039837e-03
5.452560011846878385e-02
nan
2.424643224844359735e-02
3.889949732326419309e-03
2.266809366911875720e-03
1.855810239892418051e-03
1.693437887971384033e-03
1.241005844081479077e-03
9.152581653532196803e-04
2.779474476314345265e-03
3.018745588596977864e-02
4.566377379265047776e-02
1.517102006220714429e-02
6.095723791864025680e-03
3.329697207675739838e-03
2.804194808979976628e-03
2.609737565419101291e-03
2.510487848667886882e-03
5.158121564497782606e-03
1.201155779262173470e-02
8.995670837789250529e-02
3.142014351492979952e-03
2.211470868146687887e-03
2.310845418082946041e-03
2.033917972561863179e-03
2.303448799907968896e-03
2.431477587692789863e-03
3.451614757971914384e-03
6.312547535163131641e-03
2.739364584295533520e-02
nan
