5.390556506786849944e+00
5.715538616607036104e+00
5.310749686001395631e+00
4.299671381113077118e+00
2.659678556024575258e+00
4.702818301893569863e-01
8.962505624616381450e-01
2.959749228219253681e+00
3.549683231473147238e+00
3.903635057594134317e+00
4.189992273001077017e+00
4.392988070337097817e+00
4.460776196968617491e+00
4.185421736886462796e+00
3.258337913799350449e+00
1.391100584141732099e+00
-6.839424530305465537e-03
1.847803933390181674e+00
2.730908388418648247e+00
3.392345155361204068e+00
3.809334513284118540e+00
3.919270179414259481e+00
3.712946809741071608e+00
3.217944315480355311e+00
2.355876363376665061e+00
1.209598782405153727e+00
3.502704440438129119e+00
3.835816363946272567e+00
3.934493716902916383e+00
3.975421755279898495e+00
3.986233429695611896e+00
3.872118015257397072e+00
3.528116920281047175e+00
2.830077173479617070e+00
1.700595562622756241e+00
-inf
