0.000000000000000000e+00
1.869231719730976238e+00
2.659916200069850412e+00
3.390405156480080784e+00
3.831741833645638362e+00
3.929674317948587792e+00
3.693199145153717389e+00
3.157154439906281418e+00
2.198657086954422635e+00
8.450980400142568127e-01
4.771212547196624354e-01
1.819543935541868773e+00
2.741151598851784943e+00
3.434888120867316097e+00
3.834674974462743968e+00
3.902220528279314760e+00
3.633872262658332630e+00
3.040206627574711273e+00
1.968482948553935019e+00
3.010299956639811980e-01
0
1.857332496431268520e+00
2.718501688867274169e+00
3.374198257929082789e+00
3.817168572381055558e+00
3.944087679415434256e+00
3.750585527341008696e+00
3.245265839457461166e+00
2.426511261364575400e+00
8.450980400142568127e-01
0.000000000000000000e+00
1.913813852383716707e+00
2.762678563727436032e+00
3.481872410310663302e+00
3.882125919770031963e+00
3.939768775453349914e+00
3.652246341003323238e+00
3.051923916046106466e+00
1.995635194597549900e+00
0
6.020599913279623960e-01
2.143014800254094965e+00
2.892094602690480354e+00
3.500236474825638933e+00
3.867526411199743386e+00
3.920801381825654186e+00
3.691346764134821878e+00
3.188365926063148059e+00
2.290034611362517847e+00
8.450980400142568127e-01
0.000000000000000000e+00
1.869231719730976238e+00
2.803457115648413822e+00
3.448397103457767621e+00
3.863679667875898005e+00
3.940864975966721584e+00
3.713238461545661728e+00
3.142389466118836072e+00
2.149219112655379682e+00
3.010299956639811980e-01
6.989700043360188575e-01
1.963787827345555348e+00
2.838849090737255221e+00
3.483301952358166975e+00
3.869407749382201889e+00
3.899820502427096436e+00
3.625723909525755850e+00
3.051152522447381443e+00
2.096910013008056239e+00
4.771212547196624354e-01
9.030899869919435385e-01
2.049218022670181494e+00
2.878521795501206348e+00
3.498586208817517473e+00
3.868468099020986539e+00
3.899108858193399474e+00
3.613207352103759984e+00
3.020775488193558012e+00
2.021189299069938272e+00
6.020599913279623960e-01
6.989700043360188575e-01
1.908485018878649742e+00
2.755112266395071341e+00
3.411451342137937548e+00
3.820529848523519956e+00
3.897242102805365427e+00
3.623352681537991948e+00
3.039414119176137241e+00
2.068185861746161702e+00
0.000000000000000000e+00
0
1.806179973983887077e+00
2.625312450961673871e+00
3.339053735709139215e+00
3.788451207023455503e+00
3.943197630068926429e+00
3.764624397850981463e+00
3.306210508167761297e+00
2.518513939877887520e+00
1.230448921378273885e+00
3.010299956639811980e-01
1.755874855672491464e+00
2.632457292184724018e+00
3.350441856535061103e+00
3.792881745385396908e+00
3.945517822077839742e+00
3.758230408457749583e+00
3.256477206241676914e+00
2.396199347095736343e+00
6.989700043360188575e-01
8.450980400142568127e-01
1.973127853599698556e+00
2.822168079368017501e+00
3.475816413031318053e+00
3.867762024650200470e+00
3.927934681741179546e+00
3.684935082640889537e+00
3.128076012668715489e+00
2.164352855784437146e+00
4.771212547196624354e-01
0
1.698970004336018746e+00
2.631443769013172229e+00
3.347330015316950291e+00
3.796782411701308035e+00
3.919391926773859502e+00
3.745543201998024152e+00
3.238798562713916862e+00
2.376576957056511841e+00
9.030899869919435385e-01
3.010299956639811980e-01
1.778151250383643633e+00
2.675778341674085237e+00
3.344588742578713969e+00
3.804548308388056022e+00
3.919862253555538079e+00
3.728434950974254924e+00
3.233250009541100312e+00
2.394451680826216400e+00
8.450980400142568127e-01
9.030899869919435385e-01
2.184691430817598867e+00
2.968949680981342709e+00
3.565729787831127151e+00
3.912381498918800382e+00
3.929878523656783251e+00
3.651278013998144001e+00
3.073351702386900808e+00
2.071882007306125484e+00
0.000000000000000000e+00
3.010299956639811980e-01
1.913813852383716707e+00
2.820201459485640161e+00
3.454234895748265366e+00
3.844849800806638740e+00
3.907626304843266229e+00
3.635986111800832976e+00
3.052693941924967902e+00
2.093421685162235146e+00
3.010299956639811980e-01
8.450980400142568127e-01
1.977723605288847830e+00
2.823474229170300998e+00
3.443262987458695079e+00
3.847634344318255017e+00
3.926033596678844440e+00
3.687796411381294437e+00
3.184407485412320327e+00
2.315970345456917823e+00
6.989700043360188575e-01
0.000000000000000000e+00
1.806179973983887077e+00
2.720985744153739283e+00
3.418963830703622531e+00
3.808075868091306937e+00
3.891202827260295649e+00
3.628082260990679320e+00
3.042575512440190533e+00
1.995635194597549900e+00
3.010299956639811980e-01
3.010299956639811980e-01
2.075546961392531031e+00
2.816241299991783187e+00
3.431685344686011607e+00
3.846213363879387170e+00
3.921894470929102372e+00
3.688686724284123475e+00
3.197831693328903047e+00
2.322219294733919082e+00
4.771212547196624354e-01
0
1.819543935541868773e+00
2.689308859123620277e+00
3.371437317404101019e+00
3.824060717418653166e+00
3.953952883231923288e+00
3.742803658469165740e+00
3.234517283512686525e+00
2.296665190261530931e+00
6.020599913279623960e-01
4.771212547196624354e-01
2.021189299069938272e+00
2.833147111912785121e+00
3.466422722433792014e+00
3.849542252005016874e+00
3.893650816985963381e+00
3.629103650177136320e+00
3.044931546149160173e+00
2.071882007306125484e+00
6.020599913279623960e-01
1.113943352306836720e+00
2.164352855784437146e+00
2.958563883221967394e+00
3.538448051710217257e+00
3.875928984922926812e+00
3.904011883597388266e+00
3.646893624167744985e+00
3.113274692464350402e+00
2.240549248282599493e+00
7.781512503836436334e-01
0.000000000000000000e+00
2.053078443483419946e+00
2.811575005870593280e+00
3.436798510231803494e+00
3.832253370197007847e+00
3.921894470929102372e+00
3.725666660314178813e+00
3.233757362965510307e+00
2.378397900948137522e+00
8.450980400142568127e-01
4.771212547196624354e-01
2.008600171761917519e+00
2.790285164033241561e+00
3.456973013635817882e+00
3.843357378437955774e+00
3.907142531003140462e+00
3.649237472349607270e+00
3.077367905284156713e+00
2.190331698170291386e+00
3.010299956639811980e-01
1.041392685158224918e+00
2.068185861746161702e+00
2.906335041805090835e+00
3.539076098792776737e+00
3.908592238847569345e+00
3.932980821923198089e+00
3.648750212698019357e+00
3.019116290447072970e+00
2.025305865264770411e+00
3.010299956639811980e-01
6.989700043360188575e-01
2.089905111439398055e+00
2.822168079368017501e+00
3.450864692379766119e+00
3.847078862065715477e+00
3.876564213983845431e+00
3.612783856719735454e+00
3.036229544086294752e+00
2.093421685162235146e+00
6.020599913279623960e-01
9.542425094393248708e-01
1.944482672150168678e+00
2.820201459485640161e+00
3.438384107034714088e+00
3.840419777736486129e+00
3.920018916028914724e+00
3.698013503939181490e+00
3.205475036740891071e+00
2.372912002970106737e+00
7.781512503836436334e-01
6.020599913279623960e-01
1.826074802700826449e+00
2.794488046659169722e+00
3.423081958297231164e+00
3.818687663441513891e+00
3.879783780090415579e+00
3.615002614524588154e+00
3.055378331375000034e+00
2.079181246047624665e+00
3.010299956639811980e-01
9.542425094393248708e-01
1.959041392321093644e+00
2.818225893613955702e+00
3.485153349903652220e+00
3.842484424411570121e+00
3.887279634530023120e+00
3.606381365110604698e+00
3.013258665283516713e+00
2.075546961392531031e+00
0.000000000000000000e+00
4.771212547196624354e-01
2.000000000000000000e+00
2.814247595731920182e+00
3.456517857805262661e+00
3.831229693867063357e+00
3.909983694939843879e+00
3.687082844604370635e+00
3.174059807725025273e+00
2.324282455297692618e+00
4.771212547196624354e-01
4.771212547196624354e-01
1.875061263391700095e+00
2.741939077729198981e+00
3.386320573894046060e+00
3.792251571903264118e+00
3.897901874268227651e+00
3.672928690442722299e+00
3.184691430817598867e+00
2.361727836017593063e+00
8.450980400142568127e-01
0.000000000000000000e+00
1.732393759822968615e+00
2.666517980554880651e+00
3.393399695293101814e+00
3.844663528240239270e+00
3.959470702075106985e+00
3.741702983957739814e+00
3.188928483760853361e+00
2.214843848047697961e+00
3.010299956639811980e-01
0
1.602059991327962507e+00
2.622214022966295133e+00
3.320769228338686485e+00
3.773932647467645118e+00
3.899656380305635661e+00
3.658297650308189652e+00
3.127104798364807703e+00
2.164352855784437146e+00
4.771212547196624354e-01
4.771212547196624354e-01
1.954242509439324760e+00
2.759667844689630556e+00
3.424228070695980009e+00
3.818423855092078600e+00
3.910250772300147837e+00
3.676144680356206340e+00
3.181271771559461392e+00
2.240549248282599493e+00
6.989700043360188575e-01
0.000000000000000000e+00
1.934498451243567674e+00
2.784617292632875163e+00
3.433129517580485679e+00
3.835056101720116128e+00
3.927883410330706759e+00
3.729569726301969812e+00
3.213783299335304378e+00
2.326335860928751664e+00
6.989700043360188575e-01
6.020599913279623960e-01
1.995635194597549900e+00
2.898725181589493438e+00
3.553276046137099353e+00
3.936815231197632770e+00
3.943890048248472890e+00
3.601190532615333506e+00
2.901458321396112261e+00
1.568201724066994984e+00
0.000000000000000000e+00
3.010299956639811980e-01
2.045322978786657586e+00
2.856728890382882469e+00
3.477410687907251496e+00
3.856184926727169948e+00
3.888516461074945418e+00
3.611935625040122666e+00
3.039414119176137241e+00
2.033423755486949869e+00
4.771212547196624354e-01
6.020599913279623960e-01
2.017033339298780259e+00
2.866877814337498886e+00
3.471291711058938745e+00
3.867231714518894137e+00
3.920801381825654186e+00
3.670524157782079744e+00
3.129689892199301049e+00
2.158362492095249774e+00
6.020599913279623960e-01
3.010299956639811980e-01
1.897627091290441381e+00
2.720985744153739283e+00
3.392521089931932465e+00
3.815378484965918027e+00
3.949243590568265017e+00
3.737113094305961170e+00
3.222456336679246469e+00
2.307496037913213005e+00
3.010299956639811980e-01
6.989700043360188575e-01
2.198657086954422635e+00
2.946943270697825579e+00
3.516006230386047537e+00
3.871164132802949354e+00
3.895256753144894724e+00
3.653887558070977537e+00
3.114610984232172974e+00
2.201397124320451315e+00
4.771212547196624354e-01
6.020599913279623960e-01
2.075546961392531031e+00
2.909020854211155971e+00
3.516403148447403204e+00
3.878349422217775455e+00
3.895974732359064330e+00
3.597256282925141768e+00
3.000434077479318784e+00
1.934498451243567674e+00
0
