3.492201451392539902e+00
3.827950528302630051e+00
3.924072429910362647e+00
3.987621582125483677e+00
3.993083360698062023e+00
3.875061263391700095e+00
3.535673803425749995e+00
2.831229693867063357e+00
1.602059991327962507e+00
0
3.498586208817517473e+00
3.824711443464734462e+00
3.914396052129786252e+00
3.971090213137115299e+00
3.964353929292193435e+00
3.859618578772180619e+00
3.518777068926774998e+00
2.826074802700826449e+00
1.716003343634799228e+00
0
3.526597709103452161e+00
3.851686315442427677e+00
3.938919812244771723e+00
4.006979190574276650e+00
4.005523692673279790e+00
3.898834838068274244e+00
3.550228353055094210e+00
2.836956737059550537e+00
1.623249290397900557e+00
0
3.516006230386047537e+00
3.844477175745681485e+00
3.944433317700214658e+00
4.002900068611387141e+00
4.007619774517403144e+00
3.891035415315310608e+00
3.550595207489327887e+00
2.821513528404773208e+00
1.518513939877887520e+00
0
3.527758752520972152e+00
3.857694257786549841e+00
3.958038016098337053e+00
4.019282495761731688e+00
4.024567757196037654e+00
3.913601949729157425e+00
3.557747741641468231e+00
2.860936620700093691e+00
1.681241237375587172e+00
0
3.514149134475437197e+00
3.852052808697850494e+00
3.955350957367659959e+00
4.026042721005138603e+00
4.026247181477773829e+00
3.907088745074295488e+00
3.546172368316942602e+00
2.850646235183066590e+00
1.643452676486187425e+00
0
3.506369717095504157e+00
3.834102655712793517e+00
3.934144811792477103e+00
3.976899950982937693e+00
3.978728177138491695e+00
3.873378736409140988e+00
3.515211304327801933e+00
2.827369273053825349e+00
1.681241237375587172e+00
0
3.504062882678691704e+00
3.828273112052069660e+00
3.927626962444954017e+00
3.982904117792628096e+00
3.975937042483110417e+00
3.886490725172481842e+00
3.520745471519482361e+00
2.846955325019823846e+00
1.690196080028513625e+00
0
3.494988973683168076e+00
3.811709026696191049e+00
3.902601130666531137e+00
3.951628893836638401e+00
3.958085848521085026e+00
3.840357059203356460e+00
3.503109436671369092e+00
2.802089257881732465e+00
1.633468455579586642e+00
0
3.515873843711679214e+00
3.845098040014256924e+00
3.945567053442388339e+00
4.010469569796391909e+00
4.005780899954652696e+00
3.897627091290441381e+00
3.546542663478131185e+00
2.836956737059550537e+00
1.707570176097936265e+00
0
3.517987203025078280e+00
3.849357981661298833e+00
3.932423026376739017e+00
3.998956440470486040e+00
3.999913132416571315e+00
3.891648943870559041e+00
3.558828524817011729e+00
2.858537197569638977e+00
1.612783856719735454e+00
0
3.524915147539867011e+00
3.848435455331471022e+00
3.943395576508954559e+00
4.006037954997316852e+00
4.006252051369364686e+00
3.893983567211847241e+00
3.554246808166110494e+00
2.859738566197147058e+00
1.662757831681574094e+00
0
3.516138576717074304e+00
3.831357785442067510e+00
3.937417581477137940e+00
3.986054780769695327e+00
3.989316304989951600e+00
3.882296800937651948e+00
3.547282307963303349e+00
2.845098040014256924e+00
1.740362689494243886e+00
0
3.515343893088380689e+00
3.827175348298692548e+00
3.927883410330706759e+00
3.979275147591023298e+00
3.982587790701662467e+00
3.875292825371007943e+00
3.528145078253106526e+00
2.842609239610562000e+00
1.724275869600789157e+00
0
3.514414920580369195e+00
3.852967691028818198e+00
3.971415023384995191e+00
4.037904357312403825e+00
4.042023927248867388e+00
3.940616082337407455e+00
3.591175950311791265e+00
2.876794976200700571e+00
1.690196080028513625e+00
0
3.506775536606643318e+00
3.829368107988820213e+00
3.920853496121259329e+00
3.984077033902830856e+00
3.973774193970580182e+00
3.872389388417820655e+00
3.515343893088380689e+00
2.837588438235511212e+00
1.633468455579586642e+00
0
3.529173603261722914e+00
3.848804701051803612e+00
3.940117866747718356e+00
4.007107382974057330e+00
4.007961033336182588e+00
3.896471100479277361e+00
3.549371152333177015e+00
2.854306041801080607e+00
1.633468455579586642e+00
0
3.482158695411276206e+00
3.802500067764393421e+00
3.898066660641634762e+00
3.949048292315664010e+00
3.952986065197055421e+00
3.839415192683893530e+00
3.484014962667562720e+00
2.840106094456757990e+00
1.556302500767287267e+00
0
3.519171463821658907e+00
3.851013606823669999e+00
3.936915680945253904e+00
3.998651595998373498e+00
4.002856926061120646e+00
3.892595422828898144e+00
3.550961752298176233e+00
2.882524537954880284e+00
1.568201724066994984e+00
0
3.525174427835271462e+00
3.849849195605258068e+00
3.944877305963695235e+00
4.006209240537657479e+00
4.008940661377087267e+00
3.893095666096228147e+00
3.544564097496043065e+00
2.840733234611806601e+00
1.633468455579586642e+00
0
3.505285674144132280e+00
3.830139387425342878e+00
3.922621671523199183e+00
3.972480549876475919e+00
3.974879973006930634e+00
3.869583707713423859e+00
3.523486332343227723e+00
2.840733234611806601e+00
1.724275869600789157e+00
0
3.519565500880509124e+00
3.854791694053985474e+00
3.944482672150168678e+00
4.010045412636098483e+00
4.011950866059398102e+00
3.898505785534358559e+00
3.549248556854056158e+00
2.822168079368017501e+00
1.505149978319906046e+00
0
3.494293768665332589e+00
3.841609712168435387e+00
3.946894195102326641e+00
4.019780730403646807e+00
4.021313365484695090e+00
3.901458321396112261e+00
3.555940437818510880e+00
2.838219221907625656e+00
1.653212513775343728e+00
0
3.503926804193510325e+00
3.828337600059004586e+00
3.920645001406787511e+00
3.970811610872517772e+00
3.977906427637118547e+00
3.874133778827972385e+00
3.524136376592568620e+00
2.853698211776174443e+00
1.740362689494243886e+00
0
3.524136376592568620e+00
3.854913022307855375e+00
3.967079734144497216e+00
4.030478280622408427e+00
4.029018329546481425e+00
3.923347656497825575e+00
3.563836918664544662e+00
2.841359470454854819e+00
1.672097857935717524e+00
0
3.496098992132571137e+00
3.813981075636471818e+00
3.915452601688478751e+00
3.963315511386111378e+00
3.961610908091280692e+00
3.853880650124542395e+00
3.517327882294373431e+00
2.838849090737255221e+00
1.681241237375587172e+00
0
3.514946005308004384e+00
3.855458580386036171e+00
3.932067692200721609e+00
3.999478533679309944e+00
4.000173683058465102e+00
3.897021956060363390e+00
3.548266545170745356e+00
2.866287339084194752e+00
1.662757831681574094e+00
0
3.481299273332855826e+00
3.804412059137713964e+00
3.901676231326375532e+00
3.949682690795204287e+00
3.950802822964658567e+00
3.833147111912785121e+00
3.491361693834272639e+00
2.802089257881732465e+00
1.724275869600789157e+00
0
3.494850021680094176e+00
3.819478128362122415e+00
3.910677754742705403e+00
3.971785937879114492e+00
3.970904498153783546e+00
3.866346422749601608e+00
3.511080845539118478e+00
2.783903579272735129e+00
1.633468455579586642e+00
0
3.505692507412200065e+00
3.839603729470836946e+00
3.936865458975622456e+00
3.999174055588484933e+00
3.999956568380192312e+00
3.882809041392440097e+00
3.540454613671411899e+00
2.814247595731920182e+00
1.556302500767287267e+00
0
3.491221576239282864e+00
3.821513528404773208e+00
3.916506587115155646e+00
3.969509098596566865e+00
3.960661007270982026e+00
3.864095573424247476e+00
3.509605704611556298e+00
2.808885867359812050e+00
1.672097857935717524e+00
0
3.522965595491986512e+00
3.846646328577117302e+00
3.959470702075106985e+00
4.018866863150907243e+00
4.020112569565466920e+00
3.916506587115155646e+00
3.563481085394410552e+00
2.851258348719075464e+00
1.602059991327962507e+00
0
3.475089803389006526e+00
3.814647069451856165e+00
3.894205259142083708e+00
3.940864975966721584e+00
3.948412965778600903e+00
3.831165633909442647e+00
3.487845120111435548e+00
2.799340549453581684e+00
1.633468455579586642e+00
0
3.523226041965701327e+00
3.845098040014256924e+00
3.932778070060550579e+00
3.986995539724381477e+00
3.982858942312075268e+00
3.878119484697167607e+00
3.534280005205081565e+00
2.862131379313037183e+00
1.770852011642144230e+00
0
3.518250651308500121e+00
3.834102655712793517e+00
3.956840490159233337e+00
4.021106568432121442e+00
4.019199401055288057e+00
3.898066660641634762e+00
3.540454613671411899e+00
2.826722520168992059e+00
1.623249290397900557e+00
0
3.521922244883500586e+00
3.841984804590113711e+00
3.967594772671889647e+00
4.030073230712518217e+00
4.040641891544536790e+00
3.935305690289925273e+00
3.581608366032057678e+00
2.884228769632604106e+00
1.698970004336018746e+00
0
3.505963518018126113e+00
3.828015064223976971e+00
3.923036668670786042e+00
3.973451144024934489e+00
3.968015713993641835e+00
3.871047261305499365e+00
3.510008512940234748e+00
2.837588438235511212e+00
1.662757831681574094e+00
0
3.510410948010176835e+00
3.856366323659247808e+00
3.938119269194311656e+00
4.004751155591001144e+00
4.006423252507643085e+00
3.893095666096228147e+00
3.542078146335625455e+00
2.853089529851865702e+00
1.591064607026499100e+00
0
3.520352504083318124e+00
3.857151502687492961e+00
3.948755180168269874e+00
4.013300786856887292e+00
4.014898386946205378e+00
3.906873534722070218e+00
3.550350672301615607e+00
2.838849090737255221e+00
1.643452676486187425e+00
0
3.516006230386047537e+00
3.846646328577117302e+00
3.950948714399400430e+00
4.010808597512206752e+00
4.005395031886705759e+00
3.898944466866509195e+00
3.547651658359969318e+00
2.854306041801080607e+00
1.707570176097936265e+00
0
3.505014240084106891e+00
3.835056101720116128e+00
3.916822284595911974e+00
3.982768577251011966e+00
3.989405318001515877e+00
3.877198515271789603e+00
3.536432175822013413e+00
2.843232778098009561e+00
1.602059991327962507e+00
0
