5.345514877835252143e+00
5.669129917007121655e+00
5.266224638759055665e+00
4.251419193218939796e+00
2.632457292184724018e+00
0.000000000000000000e+00
-inf
2.846955325019823846e+00
3.465382851448418400e+00
3.845779967111889519e+00
4.138081546495746110e+00
4.346646317576889906e+00
4.416557301191478935e+00
4.176322821034989197e+00
3.265289625860829936e+00
1.414973347970817974e+00
-inf
1.602059991327962507e+00
2.622214022966295133e+00
3.320769228338686485e+00
3.773932647467645118e+00
3.899656380305635661e+00
3.658297650308189652e+00
3.127104798364807703e+00
2.164352855784437146e+00
4.771212547196624354e-01
3.475089803389006526e+00
3.814647069451856165e+00
3.894205259142083708e+00
3.940864975966721584e+00
3.948412965778600903e+00
3.831165633909442647e+00
3.487845120111435548e+00
2.799340549453581684e+00
1.633468455579586642e+00
-inf
