9.383208974249586474e-04
9.631932786564826460e-04
9.464306217652682356e-04
1.511395621283414484e-03
4.965449699056398089e-03
1.259881576697424177e-01
nan
5.452560011846878385e-02
4.080995306911500142e-03
2.056400787163719952e-03
1.762483257980883636e-03
1.624374940690032857e-03
1.317900498970776477e-03
8.973046953443831195e-04
2.433454779111843876e-03
1.855539358827756544e-02
1.259881576697424177e-01
1.477699841200177250e-02
7.187410329836111528e-03
3.214858629835101300e-03
2.531231690578875440e-03
2.358507556173149340e-03
2.731467992804303187e-03
6.129048621691692705e-03
2.336721850993962388e-02
nan
2.394671014798108611e-03
2.293588556567504808e-03
2.037864985101599160e-03
1.849879484692910393e-03
2.508280864132473795e-03
2.821155834486208970e-03
3.363323504561263957e-03
9.120385740148858819e-03
3.374374074129207757e-02
nan
