9.792931444346849191e-04
9.973136525529130696e-04
1.012153596152983327e-03
1.389064829492127080e-03
5.543577071446273430e-03
8.837721210841303909e-02
1.973593219470255039e-02
3.229918341213358374e-03
2.648725169188531018e-03
2.094920954509730919e-03
2.078017426072042810e-03
1.488444849261398627e-03
1.202426250116047377e-03
1.041694178420842680e-03
3.153262109319462762e-03
2.725132436275258530e-02
7.461903242471051856e-02
1.529867500418272130e-02
5.047423083452819842e-03
2.598306471626658613e-03
2.547466416718423190e-03
2.138289305900337427e-03
4.092748244062806642e-03
6.391178462858335824e-03
3.066364124631987265e-02
2.581988897471611533e-01
2.406575165101672992e-03
2.245696684353187551e-03
1.970520088023137734e-03
2.297052059776724317e-03
2.358155807526847274e-03
2.985960547896654872e-03
3.317258511249971190e-03
7.283897110494761892e-03
2.752600879559604155e-02
nan
