1.062766938371232641e-03
1.089616128874654937e-03
1.089287165988086104e-03
1.486544013790657001e-03
5.501354525102477959e-03
7.157539290195071013e-02
nan
1.104854312660670870e-02
3.211213827714368054e-03
2.036209555492324644e-03
2.194312196692132979e-03
1.737662243359578427e-03
1.513744561992250073e-03
9.815213208537525939e-04
2.753899925819243075e-03
2.673699448855583471e-02
5.452560011846878385e-02
1.459441342209931089e-02
6.131354986714276575e-03
3.307663514003286297e-03
2.547214335808908794e-03
2.381651124627330845e-03
2.848187517325827863e-03
5.527025356139852498e-03
2.547295679299475812e-02
1.002943984203098493e-01
3.297270441220126122e-03
2.269352505283977941e-03
1.964521638875425542e-03
2.209480041086911428e-03
2.066570592544047028e-03
2.636685419342331849e-03
2.874898997482739499e-03
9.077612578236478325e-03
2.945536004211645603e-02
nan
