3.001146666666670848e-01 8.219846249999999133e-01 6.252906666666665503e-01 2.488660000000000871e-01 5.989940334159999935e-01 1.666666666666666574e-01 0.000000000000000000e+00
3.001146666666670848e-01 8.219846249999999133e-01 6.252906666666665503e-01 2.488660000000000871e-01 5.989940334159999935e-01 3.333333333333333148e-01 0.000000000000000000e+00
3.001146666666670848e-01 8.219846249999999133e-01 6.252906666666665503e-01 2.488660000000000871e-01 5.989940334159999935e-01 5.000000000000000000e-01 0.000000000000000000e+00
3.001146666666670848e-01 8.219846249999999133e-01 6.252906666666665503e-01 2.488660000000000871e-01 5.989940334159999935e-01 6.666666666666666297e-01 0.000000000000000000e+00
3.001146666666670848e-01 8.219846249999999133e-01 6.252906666666665503e-01 2.488660000000000871e-01 5.989940334159999935e-01 8.333333333333333703e-01 0.000000000000000000e+00
3.001146666666670848e-01 8.219846249999999133e-01 6.252906666666665503e-01 2.488660000000000871e-01 5.989940334159999935e-01 1.000000000000000000e+00 0.000000000000000000e+00
3.001146666666670848e-01 8.219846249999999133e-01 6.252906666666665503e-01 2.488660000000000871e-01 5.989940334159999935e-01 -5.239311943684370476e-01 1.000000000000000000e+00
3.001146666666670848e-01 8.219846249999999133e-01 6.252906666666665503e-01 2.488660000000000871e-01 5.989940334159999935e-01 -3.345397345818708068e-01 1.000000000000000000e+00
3.001146666666670848e-01 8.219846249999999133e-01 6.252906666666665503e-01 2.488660000000000871e-01 5.989940334159999935e-01 -1.451482747953045105e-01 1.000000000000000000e+00
3.001146666666670848e-01 8.219846249999999133e-01 6.252906666666665503e-01 2.488660000000000871e-01 5.989940334159999935e-01 4.424318499126182747e-02 1.000000000000000000e+00
3.001146666666670848e-01 8.219846249999999133e-01 6.252906666666665503e-01 2.488660000000000871e-01 5.989940334159999935e-01 2.336346447778280822e-01 1.000000000000000000e+00
3.001146666666670848e-01 8.219846249999999133e-01 6.252906666666665503e-01 2.488660000000000871e-01 5.989940334159999935e-01 4.230261045643943785e-01 1.000000000000000000e+00
3.001146666666670848e-01 8.219846249999999133e-01 6.252906666666665503e-01 2.488660000000000871e-01 5.989940334159999935e-01 6.124175643509606193e-01 1.000000000000000000e+00
3.001146666666670848e-01 8.219846249999999133e-01 6.252906666666665503e-01 2.488660000000000871e-01 5.989940334159999935e-01 8.018090241375269711e-01 1.000000000000000000e+00
3.001146666666670848e-01 8.219846249999999133e-01 6.252906666666665503e-01 2.488660000000000871e-01 5.989940334159999935e-01 9.912004839240931009e-01 1.000000000000000000e+00
3.001146666666670848e-01 8.219846249999999133e-01 6.252906666666665503e-01 2.488660000000000871e-01 5.989940334159999935e-01 1.180591943710659564e+00 1.000000000000000000e+00
3.001146666666670848e-01 8.219846249999999133e-01 6.252906666666665503e-01 2.488660000000000871e-01 5.989940334159999935e-01 -4.919188970155700946e-02 2.000000000000000000e+00
3.001146666666670848e-01 8.219846249999999133e-01 6.252906666666665503e-01 2.488660000000000871e-01 5.989940334159999935e-01 1.608947375499003851e-01 2.000000000000000000e+00
3.001146666666670848e-01 8.219846249999999133e-01 6.252906666666665503e-01 2.488660000000000871e-01 5.989940334159999935e-01 3.709813648013579046e-01 2.000000000000000000e+00
3.001146666666670848e-01 8.219846249999999133e-01 6.252906666666665503e-01 2.488660000000000871e-01 5.989940334159999935e-01 5.810679920528153408e-01 2.000000000000000000e+00
3.001146666666670848e-01 8.219846249999999133e-01 6.252906666666665503e-01 2.488660000000000871e-01 5.989940334159999935e-01 7.911546193042727770e-01 2.000000000000000000e+00
3.001146666666670848e-01 8.219846249999999133e-01 6.252906666666665503e-01 2.488660000000000871e-01 5.989940334159999935e-01 1.001241246555730324e+00 2.000000000000000000e+00
3.001146666666670848e-01 8.219846249999999133e-01 6.252906666666665503e-01 2.488660000000000871e-01 5.989940334159999935e-01 1.211327873807187760e+00 2.000000000000000000e+00
3.001146666666670848e-01 8.219846249999999133e-01 6.252906666666665503e-01 2.488660000000000871e-01 5.989940334159999935e-01 1.421414501058645197e+00 2.000000000000000000e+00
3.001146666666670848e-01 8.219846249999999133e-01 6.252906666666665503e-01 2.488660000000000871e-01 5.989940334159999935e-01 1.631501128310102633e+00 2.000000000000000000e+00
3.001146666666670848e-01 8.219846249999999133e-01 6.252906666666665503e-01 2.488660000000000871e-01 5.989940334159999935e-01 1.841587755561560069e+00 2.000000000000000000e+00
3.001146666666670848e-01 8.219846249999999133e-01 6.252906666666665503e-01 2.488660000000000871e-01 5.989940334159999935e-01 5.000000000000000278e-02 3.000000000000000000e+00
3.001146666666670848e-01 8.219846249999999133e-01 6.252906666666665503e-01 2.488660000000000871e-01 5.989940334159999935e-01 1.500000000000000222e-01 3.000000000000000000e+00
3.001146666666670848e-01 8.219846249999999133e-01 6.252906666666665503e-01 2.488660000000000871e-01 5.989940334159999935e-01 2.500000000000000000e-01 3.000000000000000000e+00
3.001146666666670848e-01 8.219846249999999133e-01 6.252906666666665503e-01 2.488660000000000871e-01 5.989940334159999935e-01 3.499999999999999778e-01 3.000000000000000000e+00
3.001146666666670848e-01 8.219846249999999133e-01 6.252906666666665503e-01 2.488660000000000871e-01 5.989940334159999935e-01 4.500000000000000111e-01 3.000000000000000000e+00
3.001146666666670848e-01 8.219846249999999133e-01 6.252906666666665503e-01 2.488660000000000871e-01 5.989940334159999935e-01 5.500000000000000444e-01 3.000000000000000000e+00
3.001146666666670848e-01 8.219846249999999133e-01 6.252906666666665503e-01 2.488660000000000871e-01 5.989940334159999935e-01 6.500000000000000222e-01 3.000000000000000000e+00
3.001146666666670848e-01 8.219846249999999133e-01 6.252906666666665503e-01 2.488660000000000871e-01 5.989940334159999935e-01 7.500000000000000000e-01 3.000000000000000000e+00
3.001146666666670848e-01 8.219846249999999133e-01 6.252906666666665503e-01 2.488660000000000871e-01 5.989940334159999935e-01 8.499999999999999778e-01 3.000000000000000000e+00
3.001146666666670848e-01 8.219846249999999133e-01 6.252906666666665503e-01 2.488660000000000871e-01 5.989940334159999935e-01 9.499999999999999556e-01 3.000000000000000000e+00
