1.096713491346496070e-03
1.118954149634359936e-03
1.124157720911053704e-03
1.464383820358446196e-03
5.969123488484127937e-03
7.157539290195071013e-02
2.317793678119279069e-02
3.258382141601998128e-03
2.699716745696372280e-03
2.114669102785956406e-03
1.822590247787620084e-03
1.647144015167029000e-03
1.167377570610179157e-03
1.070502606974090649e-03
3.238109289090415101e-03
2.083031344457177830e-02
8.837721210841303909e-02
1.659964794285967091e-02
6.156213805829553916e-03
3.941669974346539290e-03
2.551429138077588882e-03
2.600226828588699576e-03
2.274138471245879759e-03
5.079279239750848426e-03
1.062905397555258778e-02
1.763834207376393792e-01
2.906437281017930710e-03
1.916215023252158204e-03
2.292837284764961871e-03
2.069956701381033513e-03
2.879498480289719754e-03
2.513148503405603865e-03
3.534064272872432504e-03
8.208890264335650527e-03
2.999423243289873336e-02
nan
