1.036992792165333799e-03
1.062200114870540286e-03
1.084790221168484758e-03
1.445956702945787277e-03
6.260664293171738608e-03
1.259881576697424177e-01
nan
4.633571313009843262e-03
2.516125023114987487e-03
2.018617216365812747e-03
1.819970554848513453e-03
1.583191819282325644e-03
1.325437698046478532e-03
1.064709984493796219e-03
3.494258331164224601e-03
2.761791291712693830e-02
nan
2.257077756746541514e-02
7.380316120067197984e-03
4.263702271029607901e-03
2.522215895116736335e-03
2.371387388789989326e-03
3.050042918994814480e-03
4.582646460764436269e-03
2.152709915903538648e-02
1.079728884077739287e-01
3.534985486031068727e-03
2.715452355076937180e-03
2.340478285352710647e-03
2.775466732591141267e-03
2.640793403492314000e-03
3.008422540784025379e-03
3.605981648804112722e-03
9.139846064800402972e-03
3.591548686716607847e-02
nan
