5.417752274697971160e+00
5.741702196763838195e+00
5.337555095015743767e+00
4.326458757071222294e+00
2.755112266395071341e+00
-inf
6.020599913279623960e-01
2.987666264926274629e+00
3.562530768862261166e+00
3.931864513492031588e+00
4.214923284894897648e+00
4.423900918528416604e+00
4.493346500366718566e+00
4.203549596750741024e+00
3.282395504742525727e+00
1.579783596616810115e+00
6.020599913279623960e-01
2.143014800254094965e+00
2.892094602690480354e+00
3.500236474825638933e+00
3.867526411199743386e+00
3.920801381825654186e+00
3.691346764134821878e+00
3.188365926063148059e+00
2.290034611362517847e+00
8.450980400142568127e-01
3.527758752520972152e+00
3.857694257786549841e+00
3.958038016098337053e+00
4.019282495761731688e+00
4.024567757196037654e+00
3.913601949729157425e+00
3.557747741641468231e+00
2.860936620700093691e+00
1.681241237375587172e+00
-inf
