5.430478187932044065e+00
5.752732019464235513e+00
5.349778571557760820e+00
4.341375163644694446e+00
2.775246259740236532e+00
3.010299956639811980e-01
-inf
1.278753600952828862e+00
3.187802638718419512e+00
3.752125307297898171e+00
4.115210976704168466e+00
4.391005718351710385e+00
4.549530474736012131e+00
4.392081119798159961e+00
3.500236474825638933e+00
1.556302500767287267e+00
9.030899869919435385e-01
2.184691430817598867e+00
2.968949680981342709e+00
3.565729787831127151e+00
3.912381498918800382e+00
3.929878523656783251e+00
3.651278013998144001e+00
3.073351702386900808e+00
2.071882007306125484e+00
0.000000000000000000e+00
3.514414920580369195e+00
3.852967691028818198e+00
3.971415023384995191e+00
4.037904357312403825e+00
4.042023927248867388e+00
3.940616082337407455e+00
3.591175950311791265e+00
2.876794976200700571e+00
1.690196080028513625e+00
-inf
