8.821260000000005208e-01 6.282249999999989232e-02 5.635626666666663231e-01 8.464947499999999625e-01 2.902998292720000428e-01 1.666666666666666574e-01 0.000000000000000000e+00
8.821260000000005208e-01 6.282249999999989232e-02 5.635626666666663231e-01 8.464947499999999625e-01 2.902998292720000428e-01 3.333333333333333148e-01 0.000000000000000000e+00
8.821260000000005208e-01 6.282249999999989232e-02 5.635626666666663231e-01 8.464947499999999625e-01 2.902998292720000428e-01 5.000000000000000000e-01 0.000000000000000000e+00
8.821260000000005208e-01 6.282249999999989232e-02 5.635626666666663231e-01 8.464947499999999625e-01 2.902998292720000428e-01 6.666666666666666297e-01 0.000000000000000000e+00
8.821260000000005208e-01 6.282249999999989232e-02 5.635626666666663231e-01 8.464947499999999625e-01 2.902998292720000428e-01 8.333333333333333703e-01 0.000000000000000000e+00
8.821260000000005208e-01 6.282249999999989232e-02 5.635626666666663231e-01 8.464947499999999625e-01 2.902998292720000428e-01 1.000000000000000000e+00 0.000000000000000000e+00
8.821260000000005208e-01 6.282249999999989232e-02 5.635626666666663231e-01 8.464947499999999625e-01 2.902998292720000428e-01 -5.361481303074556726e-01 1.000000000000000000e+00
8.821260000000005208e-01 6.282249999999989232e-02 5.635626666666663231e-01 8.464947499999999625e-01 2.902998292720000428e-01 -3.482626989104671278e-01 1.000000000000000000e+00
8.821260000000005208e-01 6.282249999999989232e-02 5.635626666666663231e-01 8.464947499999999625e-01 2.902998292720000428e-01 -1.603772675134786663e-01 1.000000000000000000e+00
8.821260000000005208e-01 6.282249999999989232e-02 5.635626666666663231e-01 8.464947499999999625e-01 2.902998292720000428e-01 2.750816388350985423e-02 1.000000000000000000e+00
8.821260000000005208e-01 6.282249999999989232e-02 5.635626666666663231e-01 8.464947499999999625e-01 2.902998292720000428e-01 2.153935952804983678e-01 1.000000000000000000e+00
8.821260000000005208e-01 6.282249999999989232e-02 5.635626666666663231e-01 8.464947499999999625e-01 2.902998292720000428e-01 4.032790266774869403e-01 1.000000000000000000e+00
8.821260000000005208e-01 6.282249999999989232e-02 5.635626666666663231e-01 8.464947499999999625e-01 2.902998292720000428e-01 5.911644580744753741e-01 1.000000000000000000e+00
8.821260000000005208e-01 6.282249999999989232e-02 5.635626666666663231e-01 8.464947499999999625e-01 2.902998292720000428e-01 7.790498894714639189e-01 1.000000000000000000e+00
8.821260000000005208e-01 6.282249999999989232e-02 5.635626666666663231e-01 8.464947499999999625e-01 2.902998292720000428e-01 9.669353208684524636e-01 1.000000000000000000e+00
8.821260000000005208e-01 6.282249999999989232e-02 5.635626666666663231e-01 8.464947499999999625e-01 2.902998292720000428e-01 1.154820752265440786e+00 1.000000000000000000e+00
8.821260000000005208e-01 6.282249999999989232e-02 5.635626666666663231e-01 8.464947499999999625e-01 2.902998292720000428e-01 -9.436047058145485833e-02 2.000000000000000000e+00
8.821260000000005208e-01 6.282249999999989232e-02 5.635626666666663231e-01 8.464947499999999625e-01 2.902998292720000428e-01 1.281557217923487979e-01 2.000000000000000000e+00
8.821260000000005208e-01 6.282249999999989232e-02 5.635626666666663231e-01 8.464947499999999625e-01 2.902998292720000428e-01 3.506719141661523431e-01 2.000000000000000000e+00
8.821260000000005208e-01 6.282249999999989232e-02 5.635626666666663231e-01 8.464947499999999625e-01 2.902998292720000428e-01 5.731881065399559994e-01 2.000000000000000000e+00
8.821260000000005208e-01 6.282249999999989232e-02 5.635626666666663231e-01 8.464947499999999625e-01 2.902998292720000428e-01 7.957042989137596001e-01 2.000000000000000000e+00
8.821260000000005208e-01 6.282249999999989232e-02 5.635626666666663231e-01 8.464947499999999625e-01 2.902998292720000428e-01 1.018220491287563423e+00 2.000000000000000000e+00
8.821260000000005208e-01 6.282249999999989232e-02 5.635626666666663231e-01 8.464947499999999625e-01 2.902998292720000428e-01 1.240736683661366913e+00 2.000000000000000000e+00
8.821260000000005208e-01 6.282249999999989232e-02 5.635626666666663231e-01 8.464947499999999625e-01 2.902998292720000428e-01 1.463252876035170624e+00 2.000000000000000000e+00
8.821260000000005208e-01 6.282249999999989232e-02 5.635626666666663231e-01 8.464947499999999625e-01 2.902998292720000428e-01 1.685769068408974114e+00 2.000000000000000000e+00
8.821260000000005208e-01 6.282249999999989232e-02 5.635626666666663231e-01 8.464947499999999625e-01 2.902998292720000428e-01 1.908285260782777826e+00 2.000000000000000000e+00
8.821260000000005208e-01 6.282249999999989232e-02 5.635626666666663231e-01 8.464947499999999625e-01 2.902998292720000428e-01 5.000000000000000278e-02 3.000000000000000000e+00
8.821260000000005208e-01 6.282249999999989232e-02 5.635626666666663231e-01 8.464947499999999625e-01 2.902998292720000428e-01 1.500000000000000222e-01 3.000000000000000000e+00
8.821260000000005208e-01 6.282249999999989232e-02 5.635626666666663231e-01 8.464947499999999625e-01 2.902998292720000428e-01 2.500000000000000000e-01 3.000000000000000000e+00
8.821260000000005208e-01 6.282249999999989232e-02 5.635626666666663231e-01 8.464947499999999625e-01 2.902998292720000428e-01 3.499999999999999778e-01 3.000000000000000000e+00
8.821260000000005208e-01 6.282249999999989232e-02 5.635626666666663231e-01 8.464947499999999625e-01 2.902998292720000428e-01 4.500000000000000111e-01 3.000000000000000000e+00
8.821260000000005208e-01 6.282249999999989232e-02 5.635626666666663231e-01 8.464947499999999625e-01 2.902998292720000428e-01 5.500000000000000444e-01 3.000000000000000000e+00
8.821260000000005208e-01 6.282249999999989232e-02 5.635626666666663231e-01 8.464947499999999625e-01 2.902998292720000428e-01 6.500000000000000222e-01 3.000000000000000000e+00
8.821260000000005208e-01 6.282249999999989232e-02 5.635626666666663231e-01 8.464947499999999625e-01 2.902998292720000428e-01 7.500000000000000000e-01 3.000000000000000000e+00
8.821260000000005208e-01 6.282249999999989232e-02 5.635626666666663231e-01 8.464947499999999625e-01 2.902998292720000428e-01 8.499999999999999778e-01 3.000000000000000000e+00
8.821260000000005208e-01 6.282249999999989232e-02 5.635626666666663231e-01 8.464947499999999625e-01 2.902998292720000428e-01 9.499999999999999556e-01 3.000000000000000000e+00
