1.049724187229008699e-03
1.072978921584924515e-03
1.105747855823883139e-03
1.357210818136733244e-03
5.234931828868424376e-03
nan
7.612430989385268743e-02
4.462941100327748496e-03
2.747156346426491823e-03
2.166547411379651702e-03
1.921752517485825554e-03
1.658978309130715355e-03
1.245643516071266504e-03
1.102121951659717353e-03
3.008505814130245717e-03
2.392919064307632085e-02
6.842854198134529220e-02
1.135971622039821070e-02
6.113816937728350047e-03
3.791953436836229766e-03
2.941128472842461251e-03
2.317419824867899495e-03
2.767452568005379816e-03
6.278734232712250736e-03
1.288943085891913753e-02
7.536140031977593690e-02
2.998924683940127223e-03
2.359466253628083113e-03
1.927836929009187116e-03
2.204646598523935051e-03
2.102431943124856949e-03
2.751613178304029936e-03
3.364382038114714472e-03
6.759717371841168256e-03
3.261018016177876649e-02
nan
