5.371185804563780586e+00
5.696935012349170435e+00
5.291900153064543311e+00
4.276574886970889722e+00
2.671678954509808523e+00
-6.839424530305465537e-03
-inf
2.001760747231612125e+00
3.305539451323744160e+00
3.767568620828042114e+00
4.108881475773313419e+00
4.367061670731020584e+00
4.482382000938391897e+00
4.260818307511194725e+00
3.299684314434952803e+00
1.293845756123975343e+00
2.941905711336757490e-01
1.904275890351537326e+00
2.810914768720234047e+00
3.444315657295366151e+00
3.834211016960698881e+00
3.896013531554419984e+00
3.622413180089084417e+00
3.037426497940623804e+00
2.076344563970993207e+00
2.801798566908610399e-01
3.496765373474026273e+00
3.818899830427271436e+00
3.909952803524119780e+00
3.972627289180069354e+00
3.961776927336582599e+00
3.859854772411088764e+00
3.502254238423888832e+00
2.822893069443040748e+00
1.618538363347679976e+00
-inf
