8.645252747488998404e-04
8.322365039655787739e-04
9.050631912193466766e-04
1.271287083215909925e-03
5.864023568724498377e-03
5.452560011846878385e-02
1.923935117219702576e-02
3.918866410789281947e-03
2.361743791832226005e-03
1.807088119963350115e-03
1.535993122138070094e-03
1.454017015584763671e-03
1.290999987894201262e-03
1.078829952857158093e-03
3.846719239487763134e-03
3.389830508474576259e-02
6.948224276838034508e-02
1.759472754937738484e-02
6.999258308793292541e-03
3.301832711652220431e-03
2.537099123242876966e-03
2.554804265900045401e-03
2.564310670591247229e-03
5.355695079444690136e-03
1.537651211935332773e-02
8.903447532988369162e-02
2.720570578018495760e-03
2.192877268772593351e-03
1.787720895502782842e-03
1.706403160405714969e-03
2.666718987929210007e-03
3.190156858707644903e-03
3.667965300589336869e-03
7.096543092478167780e-03
2.661951391294800975e-02
nan
