9.679139999999999411e-01 2.548024999999998208e-01 4.094946666666656743e-01 6.146730000000000249e-01 2.360288486400019536e-02 1.666666666666666574e-01 0.000000000000000000e+00
9.679139999999999411e-01 2.548024999999998208e-01 4.094946666666656743e-01 6.146730000000000249e-01 2.360288486400019536e-02 3.333333333333333148e-01 0.000000000000000000e+00
9.679139999999999411e-01 2.548024999999998208e-01 4.094946666666656743e-01 6.146730000000000249e-01 2.360288486400019536e-02 5.000000000000000000e-01 0.000000000000000000e+00
9.679139999999999411e-01 2.548024999999998208e-01 4.094946666666656743e-01 6.146730000000000249e-01 2.360288486400019536e-02 6.666666666666666297e-01 0.000000000000000000e+00
9.679139999999999411e-01 2.548024999999998208e-01 4.094946666666656743e-01 6.146730000000000249e-01 2.360288486400019536e-02 8.333333333333333703e-01 0.000000000000000000e+00
9.679139999999999411e-01 2.548024999999998208e-01 4.094946666666656743e-01 6.146730000000000249e-01 2.360288486400019536e-02 1.000000000000000000e+00 0.000000000000000000e+00
9.679139999999999411e-01 2.548024999999998208e-01 4.094946666666656743e-01 6.146730000000000249e-01 2.360288486400019536e-02 -5.597050660529829802e-01 1.000000000000000000e+00
9.679139999999999411e-01 2.548024999999998208e-01 4.094946666666656743e-01 6.146730000000000249e-01 2.360288486400019536e-02 -3.687791699323589856e-01 1.000000000000000000e+00
9.679139999999999411e-01 2.548024999999998208e-01 4.094946666666656743e-01 6.146730000000000249e-01 2.360288486400019536e-02 -1.778532738117349632e-01 1.000000000000000000e+00
9.679139999999999411e-01 2.548024999999998208e-01 4.094946666666656743e-01 6.146730000000000249e-01 2.360288486400019536e-02 1.307262230888902622e-02 1.000000000000000000e+00
9.679139999999999411e-01 2.548024999999998208e-01 4.094946666666656743e-01 6.146730000000000249e-01 2.360288486400019536e-02 2.039985184295131093e-01 1.000000000000000000e+00
9.679139999999999411e-01 2.548024999999998208e-01 4.094946666666656743e-01 6.146730000000000249e-01 2.360288486400019536e-02 3.949244145501372705e-01 1.000000000000000000e+00
9.679139999999999411e-01 2.548024999999998208e-01 4.094946666666656743e-01 6.146730000000000249e-01 2.360288486400019536e-02 5.858503106707612096e-01 1.000000000000000000e+00
9.679139999999999411e-01 2.548024999999998208e-01 4.094946666666656743e-01 6.146730000000000249e-01 2.360288486400019536e-02 7.767762067913852597e-01 1.000000000000000000e+00
9.679139999999999411e-01 2.548024999999998208e-01 4.094946666666656743e-01 6.146730000000000249e-01 2.360288486400019536e-02 9.677021029120093099e-01 1.000000000000000000e+00
9.679139999999999411e-01 2.548024999999998208e-01 4.094946666666656743e-01 6.146730000000000249e-01 2.360288486400019536e-02 1.158627999032633360e+00 1.000000000000000000e+00
9.679139999999999411e-01 2.548024999999998208e-01 4.094946666666656743e-01 6.146730000000000249e-01 2.360288486400019536e-02 -1.193940957170862155e-01 2.000000000000000000e+00
9.679139999999999411e-01 2.548024999999998208e-01 4.094946666666656743e-01 6.146730000000000249e-01 2.360288486400019536e-02 9.250168391375429566e-02 2.000000000000000000e+00
9.679139999999999411e-01 2.548024999999998208e-01 4.094946666666656743e-01 6.146730000000000249e-01 2.360288486400019536e-02 3.043974635445948485e-01 2.000000000000000000e+00
9.679139999999999411e-01 2.548024999999998208e-01 4.094946666666656743e-01 6.146730000000000249e-01 2.360288486400019536e-02 5.162932431754353457e-01 2.000000000000000000e+00
9.679139999999999411e-01 2.548024999999998208e-01 4.094946666666656743e-01 6.146730000000000249e-01 2.360288486400019536e-02 7.281890228062759540e-01 2.000000000000000000e+00
9.679139999999999411e-01 2.548024999999998208e-01 4.094946666666656743e-01 6.146730000000000249e-01 2.360288486400019536e-02 9.400848024371163403e-01 2.000000000000000000e+00
9.679139999999999411e-01 2.548024999999998208e-01 4.094946666666656743e-01 6.146730000000000249e-01 2.360288486400019536e-02 1.151980582067956949e+00 2.000000000000000000e+00
9.679139999999999411e-01 2.548024999999998208e-01 4.094946666666656743e-01 6.146730000000000249e-01 2.360288486400019536e-02 1.363876361698797446e+00 2.000000000000000000e+00
9.679139999999999411e-01 2.548024999999998208e-01 4.094946666666656743e-01 6.146730000000000249e-01 2.360288486400019536e-02 1.575772141329637943e+00 2.000000000000000000e+00
9.679139999999999411e-01 2.548024999999998208e-01 4.094946666666656743e-01 6.146730000000000249e-01 2.360288486400019536e-02 1.787667920960478440e+00 2.000000000000000000e+00
9.679139999999999411e-01 2.548024999999998208e-01 4.094946666666656743e-01 6.146730000000000249e-01 2.360288486400019536e-02 5.000000000000000278e-02 3.000000000000000000e+00
9.679139999999999411e-01 2.548024999999998208e-01 4.094946666666656743e-01 6.146730000000000249e-01 2.360288486400019536e-02 1.500000000000000222e-01 3.000000000000000000e+00
9.679139999999999411e-01 2.548024999999998208e-01 4.094946666666656743e-01 6.146730000000000249e-01 2.360288486400019536e-02 2.500000000000000000e-01 3.000000000000000000e+00
9.679139999999999411e-01 2.548024999999998208e-01 4.094946666666656743e-01 6.146730000000000249e-01 2.360288486400019536e-02 3.499999999999999778e-01 3.000000000000000000e+00
9.679139999999999411e-01 2.548024999999998208e-01 4.094946666666656743e-01 6.146730000000000249e-01 2.360288486400019536e-02 4.500000000000000111e-01 3.000000000000000000e+00
9.679139999999999411e-01 2.548024999999998208e-01 4.094946666666656743e-01 6.146730000000000249e-01 2.360288486400019536e-02 5.500000000000000444e-01 3.000000000000000000e+00
9.679139999999999411e-01 2.548024999999998208e-01 4.094946666666656743e-01 6.146730000000000249e-01 2.360288486400019536e-02 6.500000000000000222e-01 3.000000000000000000e+00
9.679139999999999411e-01 2.548024999999998208e-01 4.094946666666656743e-01 6.146730000000000249e-01 2.360288486400019536e-02 7.500000000000000000e-01 3.000000000000000000e+00
9.679139999999999411e-01 2.548024999999998208e-01 4.094946666666656743e-01 6.146730000000000249e-01 2.360288486400019536e-02 8.499999999999999778e-01 3.000000000000000000e+00
9.679139999999999411e-01 2.548024999999998208e-01 4.094946666666656743e-01 6.146730000000000249e-01 2.360288486400019536e-02 9.499999999999999556e-01 3.000000000000000000e+00
