8.224569170942663604e-04
8.490312144190618072e-04
8.448139003806899583e-04
1.227842290341196220e-03
5.949451309246737291e-03
8.837721210841303909e-02
1.660643276284652636e-02
3.705433891963303729e-03
2.217141560444713805e-03
1.935686344100556689e-03
1.605874897087837148e-03
1.283589603060035847e-03
1.325669079286084448e-03
1.205267268617077683e-03
2.997706232331187430e-03
3.061341578426709370e-02
7.157539290195071013e-02
1.732005306332236316e-02
5.826924411736269897e-03
3.789243222862439739e-03
2.251231219715357258e-03
2.528937056070177346e-03
2.335793417634541604e-03
6.347221155904306071e-03
1.995108088115405201e-02
1.301189169376028298e-01
2.618713722715847615e-03
2.338704955022954859e-03
2.094271731211151504e-03
2.275436591517882457e-03
2.803027089434555284e-03
2.622341745476858884e-03
3.445094647135388786e-03
5.997980994795008500e-03
2.635735166301255913e-02
nan
