4.840000000000003189e-01 4.999999999999999445e-01 6.026666666666657957e-01 4.749999999999998668e-01 5.132255132719998336e-01 1.666666666666666574e-01 0.000000000000000000e+00
4.840000000000003189e-01 4.999999999999999445e-01 6.026666666666657957e-01 4.749999999999998668e-01 5.132255132719998336e-01 3.333333333333333148e-01 0.000000000000000000e+00
4.840000000000003189e-01 4.999999999999999445e-01 6.026666666666657957e-01 4.749999999999998668e-01 5.132255132719998336e-01 5.000000000000000000e-01 0.000000000000000000e+00
4.840000000000003189e-01 4.999999999999999445e-01 6.026666666666657957e-01 4.749999999999998668e-01 5.132255132719998336e-01 6.666666666666666297e-01 0.000000000000000000e+00
4.840000000000003189e-01 4.999999999999999445e-01 6.026666666666657957e-01 4.749999999999998668e-01 5.132255132719998336e-01 8.333333333333333703e-01 0.000000000000000000e+00
4.840000000000003189e-01 4.999999999999999445e-01 6.026666666666657957e-01 4.749999999999998668e-01 5.132255132719998336e-01 1.000000000000000000e+00 0.000000000000000000e+00
4.840000000000003189e-01 4.999999999999999445e-01 6.026666666666657957e-01 4.749999999999998668e-01 5.132255132719998336e-01 -7.235236894222477622e-01 1.000000000000000000e+00
4.840000000000003189e-01 4.999999999999999445e-01 6.026666666666657957e-01 4.749999999999998668e-01 5.132255132719998336e-01 -5.133724573618655418e-01 1.000000000000000000e+00
4.840000000000003189e-01 4.999999999999999445e-01 6.026666666666657957e-01 4.749999999999998668e-01 5.132255132719998336e-01 -3.032212253014833214e-01 1.000000000000000000e+00
4.840000000000003189e-01 4.999999999999999445e-01 6.026666666666657957e-01 4.749999999999998668e-01 5.132255132719998336e-01 -9.306999324110107330e-02 1.000000000000000000e+00
4.840000000000003189e-01 4.999999999999999445e-01 6.026666666666657957e-01 4.749999999999998668e-01 5.132255132719998336e-01 1.170812388192810916e-01 1.000000000000000000e+00
4.840000000000003189e-01 4.999999999999999445e-01 6.026666666666657957e-01 4.749999999999998668e-01 5.132255132719998336e-01 3.272324708796633952e-01 1.000000000000000000e+00
4.840000000000003189e-01 4.999999999999999445e-01 6.026666666666657957e-01 4.749999999999998668e-01 5.132255132719998336e-01 5.373837029400455600e-01 1.000000000000000000e+00
4.840000000000003189e-01 4.999999999999999445e-01 6.026666666666657957e-01 4.749999999999998668e-01 5.132255132719998336e-01 7.475349350004277804e-01 1.000000000000000000e+00
4.840000000000003189e-01 4.999999999999999445e-01 6.026666666666657957e-01 4.749999999999998668e-01 5.132255132719998336e-01 9.576861670608100008e-01 1.000000000000000000e+00
4.840000000000003189e-01 4.999999999999999445e-01 6.026666666666657957e-01 4.749999999999998668e-01 5.132255132719998336e-01 1.167837399121192110e+00 1.000000000000000000e+00
4.840000000000003189e-01 4.999999999999999445e-01 6.026666666666657957e-01 4.749999999999998668e-01 5.132255132719998336e-01 -4.390589978172404484e-02 2.000000000000000000e+00
4.840000000000003189e-01 4.999999999999999445e-01 6.026666666666657957e-01 4.749999999999998668e-01 5.132255132719998336e-01 1.601840828831591623e-01 2.000000000000000000e+00
4.840000000000003189e-01 4.999999999999999445e-01 6.026666666666657957e-01 4.749999999999998668e-01 5.132255132719998336e-01 3.642740655480424250e-01 2.000000000000000000e+00
4.840000000000003189e-01 4.999999999999999445e-01 6.026666666666657957e-01 4.749999999999998668e-01 5.132255132719998336e-01 5.683640482129255211e-01 2.000000000000000000e+00
4.840000000000003189e-01 4.999999999999999445e-01 6.026666666666657957e-01 4.749999999999998668e-01 5.132255132719998336e-01 7.724540308778088393e-01 2.000000000000000000e+00
4.840000000000003189e-01 4.999999999999999445e-01 6.026666666666657957e-01 4.749999999999998668e-01 5.132255132719998336e-01 9.765440135426920465e-01 2.000000000000000000e+00
4.840000000000003189e-01 4.999999999999999445e-01 6.026666666666657957e-01 4.749999999999998668e-01 5.132255132719998336e-01 1.180633996207575365e+00 2.000000000000000000e+00
4.840000000000003189e-01 4.999999999999999445e-01 6.026666666666657957e-01 4.749999999999998668e-01 5.132255132719998336e-01 1.384723978872458572e+00 2.000000000000000000e+00
4.840000000000003189e-01 4.999999999999999445e-01 6.026666666666657957e-01 4.749999999999998668e-01 5.132255132719998336e-01 1.588813961537341779e+00 2.000000000000000000e+00
4.840000000000003189e-01 4.999999999999999445e-01 6.026666666666657957e-01 4.749999999999998668e-01 5.132255132719998336e-01 1.792903944202224986e+00 2.000000000000000000e+00
4.840000000000003189e-01 4.999999999999999445e-01 6.026666666666657957e-01 4.749999999999998668e-01 5.132255132719998336e-01 5.000000000000000278e-02 3.000000000000000000e+00
4.840000000000003189e-01 4.999999999999999445e-01 6.026666666666657957e-01 4.749999999999998668e-01 5.132255132719998336e-01 1.500000000000000222e-01 3.000000000000000000e+00
4.840000000000003189e-01 4.999999999999999445e-01 6.026666666666657957e-01 4.749999999999998668e-01 5.132255132719998336e-01 2.500000000000000000e-01 3.000000000000000000e+00
4.840000000000003189e-01 4.999999999999999445e-01 6.026666666666657957e-01 4.749999999999998668e-01 5.132255132719998336e-01 3.499999999999999778e-01 3.000000000000000000e+00
4.840000000000003189e-01 4.999999999999999445e-01 6.026666666666657957e-01 4.749999999999998668e-01 5.132255132719998336e-01 4.500000000000000111e-01 3.000000000000000000e+00
4.840000000000003189e-01 4.999999999999999445e-01 6.026666666666657957e-01 4.749999999999998668e-01 5.132255132719998336e-01 5.500000000000000444e-01 3.000000000000000000e+00
4.840000000000003189e-01 4.999999999999999445e-01 6.026666666666657957e-01 4.749999999999998668e-01 5.132255132719998336e-01 6.500000000000000222e-01 3.000000000000000000e+00
4.840000000000003189e-01 4.999999999999999445e-01 6.026666666666657957e-01 4.749999999999998668e-01 5.132255132719998336e-01 7.500000000000000000e-01 3.000000000000000000e+00
4.840000000000003189e-01 4.999999999999999445e-01 6.026666666666657957e-01 4.749999999999998668e-01 5.132255132719998336e-01 8.499999999999999778e-01 3.000000000000000000e+00
4.840000000000003189e-01 4.999999999999999445e-01 6.026666666666657957e-01 4.749999999999998668e-01 5.132255132719998336e-01 9.499999999999999556e-01 3.000000000000000000e+00
