5.397273860319172556e+00
5.718828869388030256e+00
5.316860182750182240e+00
4.306711446803199728e+00
2.742896891038755669e+00
-6.839424530305465537e-03
-inf
6.921305798057133529e-01
3.062440956630916755e+00
3.676173287555988711e+00
4.051992551886275606e+00
4.342612951419607903e+00
4.510035563235467393e+00
4.399690212679007395e+00
3.560084179885028455e+00
1.756350794878374089e+00
-6.839424530305465537e-03
1.904445041076909595e+00
2.753080112129222989e+00
3.472022409042891944e+00
3.871592088736010240e+00
3.928066837934332867e+00
3.638699801295377956e+00
3.036591471775824669e+00
1.979078659373813887e+00
-inf
3.506065103410636929e+00
3.834010179322862921e+00
3.933518922366831649e+00
3.991407455467944398e+00
3.995568016328852501e+00
3.878546927556530299e+00
3.537557416769615326e+00
2.806963880132786304e+00
1.502597799680833957e+00
-inf
