6.749366666666664072e-01 2.222874999999999435e-01 2.845839999999990044e-01 6.639044999999998975e-01 4.638218960880000630e-01 1.666666666666666574e-01 0.000000000000000000e+00
6.749366666666664072e-01 2.222874999999999435e-01 2.845839999999990044e-01 6.639044999999998975e-01 4.638218960880000630e-01 3.333333333333333148e-01 0.000000000000000000e+00
6.749366666666664072e-01 2.222874999999999435e-01 2.845839999999990044e-01 6.639044999999998975e-01 4.638218960880000630e-01 5.000000000000000000e-01 0.000000000000000000e+00
6.749366666666664072e-01 2.222874999999999435e-01 2.845839999999990044e-01 6.639044999999998975e-01 4.638218960880000630e-01 6.666666666666666297e-01 0.000000000000000000e+00
6.749366666666664072e-01 2.222874999999999435e-01 2.845839999999990044e-01 6.639044999999998975e-01 4.638218960880000630e-01 8.333333333333333703e-01 0.000000000000000000e+00
6.749366666666664072e-01 2.222874999999999435e-01 2.845839999999990044e-01 6.639044999999998975e-01 4.638218960880000630e-01 1.000000000000000000e+00 0.000000000000000000e+00
6.749366666666664072e-01 2.222874999999999435e-01 2.845839999999990044e-01 6.639044999999998975e-01 4.638218960880000630e-01 -5.892070684276269343e-01 1.000000000000000000e+00
6.749366666666664072e-01 2.222874999999999435e-01 2.845839999999990044e-01 6.639044999999998975e-01 4.638218960880000630e-01 -3.947388855767723914e-01 1.000000000000000000e+00
6.749366666666664072e-01 2.222874999999999435e-01 2.845839999999990044e-01 6.639044999999998975e-01 4.638218960880000630e-01 -2.002707027259178763e-01 1.000000000000000000e+00
6.749366666666664072e-01 2.222874999999999435e-01 2.845839999999990044e-01 6.639044999999998975e-01 4.638218960880000630e-01 -5.802519875063309913e-03 1.000000000000000000e+00
6.749366666666664072e-01 2.222874999999999435e-01 2.845839999999990044e-01 6.639044999999998975e-01 4.638218960880000630e-01 1.886656629757912096e-01 1.000000000000000000e+00
6.749366666666664072e-01 2.222874999999999435e-01 2.845839999999990044e-01 6.639044999999998975e-01 4.638218960880000630e-01 3.831338458266457803e-01 1.000000000000000000e+00
6.749366666666664072e-01 2.222874999999999435e-01 2.845839999999990044e-01 6.639044999999998975e-01 4.638218960880000630e-01 5.776020286775003232e-01 1.000000000000000000e+00
6.749366666666664072e-01 2.222874999999999435e-01 2.845839999999990044e-01 6.639044999999998975e-01 4.638218960880000630e-01 7.720702115283548661e-01 1.000000000000000000e+00
6.749366666666664072e-01 2.222874999999999435e-01 2.845839999999990044e-01 6.639044999999998975e-01 4.638218960880000630e-01 9.665383943792092980e-01 1.000000000000000000e+00
6.749366666666664072e-01 2.222874999999999435e-01 2.845839999999990044e-01 6.639044999999998975e-01 4.638218960880000630e-01 1.161006577230063730e+00 1.000000000000000000e+00
6.749366666666664072e-01 2.222874999999999435e-01 2.845839999999990044e-01 6.639044999999998975e-01 4.638218960880000630e-01 -7.479314633293950021e-02 2.000000000000000000e+00
6.749366666666664072e-01 2.222874999999999435e-01 2.845839999999990044e-01 6.639044999999998975e-01 4.638218960880000630e-01 1.317610917087724542e-01 2.000000000000000000e+00
6.749366666666664072e-01 2.222874999999999435e-01 2.845839999999990044e-01 6.639044999999998975e-01 4.638218960880000630e-01 3.383153297504842838e-01 2.000000000000000000e+00
6.749366666666664072e-01 2.222874999999999435e-01 2.845839999999990044e-01 6.639044999999998975e-01 4.638218960880000630e-01 5.448695677921961966e-01 2.000000000000000000e+00
6.749366666666664072e-01 2.222874999999999435e-01 2.845839999999990044e-01 6.639044999999998975e-01 4.638218960880000630e-01 7.514238058339081094e-01 2.000000000000000000e+00
6.749366666666664072e-01 2.222874999999999435e-01 2.845839999999990044e-01 6.639044999999998975e-01 4.638218960880000630e-01 9.579780438756201333e-01 2.000000000000000000e+00
6.749366666666664072e-01 2.222874999999999435e-01 2.845839999999990044e-01 6.639044999999998975e-01 4.638218960880000630e-01 1.164532281917332046e+00 2.000000000000000000e+00
6.749366666666664072e-01 2.222874999999999435e-01 2.845839999999990044e-01 6.639044999999998975e-01 4.638218960880000630e-01 1.371086519959043848e+00 2.000000000000000000e+00
6.749366666666664072e-01 2.222874999999999435e-01 2.845839999999990044e-01 6.639044999999998975e-01 4.638218960880000630e-01 1.577640758000755650e+00 2.000000000000000000e+00
6.749366666666664072e-01 2.222874999999999435e-01 2.845839999999990044e-01 6.639044999999998975e-01 4.638218960880000630e-01 1.784194996042467452e+00 2.000000000000000000e+00
6.749366666666664072e-01 2.222874999999999435e-01 2.845839999999990044e-01 6.639044999999998975e-01 4.638218960880000630e-01 5.000000000000000278e-02 3.000000000000000000e+00
6.749366666666664072e-01 2.222874999999999435e-01 2.845839999999990044e-01 6.639044999999998975e-01 4.638218960880000630e-01 1.500000000000000222e-01 3.000000000000000000e+00
6.749366666666664072e-01 2.222874999999999435e-01 2.845839999999990044e-01 6.639044999999998975e-01 4.638218960880000630e-01 2.500000000000000000e-01 3.000000000000000000e+00
6.749366666666664072e-01 2.222874999999999435e-01 2.845839999999990044e-01 6.639044999999998975e-01 4.638218960880000630e-01 3.499999999999999778e-01 3.000000000000000000e+00
6.749366666666664072e-01 2.222874999999999435e-01 2.845839999999990044e-01 6.639044999999998975e-01 4.638218960880000630e-01 4.500000000000000111e-01 3.000000000000000000e+00
6.749366666666664072e-01 2.222874999999999435e-01 2.845839999999990044e-01 6.639044999999998975e-01 4.638218960880000630e-01 5.500000000000000444e-01 3.000000000000000000e+00
6.749366666666664072e-01 2.222874999999999435e-01 2.845839999999990044e-01 6.639044999999998975e-01 4.638218960880000630e-01 6.500000000000000222e-01 3.000000000000000000e+00
6.749366666666664072e-01 2.222874999999999435e-01 2.845839999999990044e-01 6.639044999999998975e-01 4.638218960880000630e-01 7.500000000000000000e-01 3.000000000000000000e+00
6.749366666666664072e-01 2.222874999999999435e-01 2.845839999999990044e-01 6.639044999999998975e-01 4.638218960880000630e-01 8.499999999999999778e-01 3.000000000000000000e+00
6.749366666666664072e-01 2.222874999999999435e-01 2.845839999999990044e-01 6.639044999999998975e-01 4.638218960880000630e-01 9.499999999999999556e-01 3.000000000000000000e+00
