5.422875336466625562e+00
5.745623561669674473e+00
5.342248928276618791e+00
4.334292871548460546e+00
2.745074791582057472e+00
3.010299956639811980e-01
1.278753600952828862e+00
3.048053173115608860e+00
3.598024072334189860e+00
3.963693405238018830e+00
4.247482260677053922e+00
4.434951936087752955e+00
4.495502709882288173e+00
4.145538235712233011e+00
3.152594077927469929e+00
1.380211241711605918e+00
1.041392685158224918e+00
2.068185861746161702e+00
2.906335041805090835e+00
3.539076098792776737e+00
3.908592238847569345e+00
3.932980821923198089e+00
3.648750212698019357e+00
3.019116290447072970e+00
2.025305865264770411e+00
3.010299956639811980e-01
3.524136376592568620e+00
3.854913022307855375e+00
3.967079734144497216e+00
4.030478280622408427e+00
4.029018329546481425e+00
3.923347656497825575e+00
3.563836918664544662e+00
2.841359470454854819e+00
1.672097857935717524e+00
-inf
