6.526706666666665102e-01 3.267224999999998603e-01 7.591226666666662792e-01 6.262219999999998343e-01 3.807167643280000568e-01 1.666666666666666574e-01 0.000000000000000000e+00
6.526706666666665102e-01 3.267224999999998603e-01 7.591226666666662792e-01 6.262219999999998343e-01 3.807167643280000568e-01 3.333333333333333148e-01 0.000000000000000000e+00
6.526706666666665102e-01 3.267224999999998603e-01 7.591226666666662792e-01 6.262219999999998343e-01 3.807167643280000568e-01 5.000000000000000000e-01 0.000000000000000000e+00
6.526706666666665102e-01 3.267224999999998603e-01 7.591226666666662792e-01 6.262219999999998343e-01 3.807167643280000568e-01 6.666666666666666297e-01 0.000000000000000000e+00
6.526706666666665102e-01 3.267224999999998603e-01 7.591226666666662792e-01 6.262219999999998343e-01 3.807167643280000568e-01 8.333333333333333703e-01 0.000000000000000000e+00
6.526706666666665102e-01 3.267224999999998603e-01 7.591226666666662792e-01 6.262219999999998343e-01 3.807167643280000568e-01 1.000000000000000000e+00 0.000000000000000000e+00
6.526706666666665102e-01 3.267224999999998603e-01 7.591226666666662792e-01 6.262219999999998343e-01 3.807167643280000568e-01 -5.439722634323692629e-01 1.000000000000000000e+00
6.526706666666665102e-01 3.267224999999998603e-01 7.591226666666662792e-01 6.262219999999998343e-01 3.807167643280000568e-01 -3.543224113925366181e-01 1.000000000000000000e+00
6.526706666666665102e-01 3.267224999999998603e-01 7.591226666666662792e-01 6.262219999999998343e-01 3.807167643280000568e-01 -1.646725593527039733e-01 1.000000000000000000e+00
6.526706666666665102e-01 3.267224999999998603e-01 7.591226666666662792e-01 6.262219999999998343e-01 3.807167643280000568e-01 2.497729268712867504e-02 1.000000000000000000e+00
6.526706666666665102e-01 3.267224999999998603e-01 7.591226666666662792e-01 6.262219999999998343e-01 3.807167643280000568e-01 2.146271447269613164e-01 1.000000000000000000e+00
6.526706666666665102e-01 3.267224999999998603e-01 7.591226666666662792e-01 6.262219999999998343e-01 3.807167643280000568e-01 4.042769967667939612e-01 1.000000000000000000e+00
6.526706666666665102e-01 3.267224999999998603e-01 7.591226666666662792e-01 6.262219999999998343e-01 3.807167643280000568e-01 5.939268488066266061e-01 1.000000000000000000e+00
6.526706666666665102e-01 3.267224999999998603e-01 7.591226666666662792e-01 6.262219999999998343e-01 3.807167643280000568e-01 7.835767008464592509e-01 1.000000000000000000e+00
6.526706666666665102e-01 3.267224999999998603e-01 7.591226666666662792e-01 6.262219999999998343e-01 3.807167643280000568e-01 9.732265528862918957e-01 1.000000000000000000e+00
6.526706666666665102e-01 3.267224999999998603e-01 7.591226666666662792e-01 6.262219999999998343e-01 3.807167643280000568e-01 1.162876404926124652e+00 1.000000000000000000e+00
6.526706666666665102e-01 3.267224999999998603e-01 7.591226666666662792e-01 6.262219999999998343e-01 3.807167643280000568e-01 -1.255365838383985244e-01 2.000000000000000000e+00
6.526706666666665102e-01 3.267224999999998603e-01 7.591226666666662792e-01 6.262219999999998343e-01 3.807167643280000568e-01 8.955496350958055962e-02 2.000000000000000000e+00
6.526706666666665102e-01 3.267224999999998603e-01 7.591226666666662792e-01 6.262219999999998343e-01 3.807167643280000568e-01 3.046465108575596714e-01 2.000000000000000000e+00
6.526706666666665102e-01 3.267224999999998603e-01 7.591226666666662792e-01 6.262219999999998343e-01 3.807167643280000568e-01 5.197380582055387555e-01 2.000000000000000000e+00
6.526706666666665102e-01 3.267224999999998603e-01 7.591226666666662792e-01 6.262219999999998343e-01 3.807167643280000568e-01 7.348296055535178395e-01 2.000000000000000000e+00
6.526706666666665102e-01 3.267224999999998603e-01 7.591226666666662792e-01 6.262219999999998343e-01 3.807167643280000568e-01 9.499211529014969235e-01 2.000000000000000000e+00
6.526706666666665102e-01 3.267224999999998603e-01 7.591226666666662792e-01 6.262219999999998343e-01 3.807167643280000568e-01 1.165012700249475897e+00 2.000000000000000000e+00
6.526706666666665102e-01 3.267224999999998603e-01 7.591226666666662792e-01 6.262219999999998343e-01 3.807167643280000568e-01 1.380104247597454981e+00 2.000000000000000000e+00
6.526706666666665102e-01 3.267224999999998603e-01 7.591226666666662792e-01 6.262219999999998343e-01 3.807167643280000568e-01 1.595195794945434065e+00 2.000000000000000000e+00
6.526706666666665102e-01 3.267224999999998603e-01 7.591226666666662792e-01 6.262219999999998343e-01 3.807167643280000568e-01 1.810287342293413593e+00 2.000000000000000000e+00
6.526706666666665102e-01 3.267224999999998603e-01 7.591226666666662792e-01 6.262219999999998343e-01 3.807167643280000568e-01 5.000000000000000278e-02 3.000000000000000000e+00
6.526706666666665102e-01 3.267224999999998603e-01 7.591226666666662792e-01 6.262219999999998343e-01 3.807167643280000568e-01 1.500000000000000222e-01 3.000000000000000000e+00
6.526706666666665102e-01 3.267224999999998603e-01 7.591226666666662792e-01 6.262219999999998343e-01 3.807167643280000568e-01 2.500000000000000000e-01 3.000000000000000000e+00
6.526706666666665102e-01 3.267224999999998603e-01 7.591226666666662792e-01 6.262219999999998343e-01 3.807167643280000568e-01 3.499999999999999778e-01 3.000000000000000000e+00
6.526706666666665102e-01 3.267224999999998603e-01 7.591226666666662792e-01 6.262219999999998343e-01 3.807167643280000568e-01 4.500000000000000111e-01 3.000000000000000000e+00
6.526706666666665102e-01 3.267224999999998603e-01 7.591226666666662792e-01 6.262219999999998343e-01 3.807167643280000568e-01 5.500000000000000444e-01 3.000000000000000000e+00
6.526706666666665102e-01 3.267224999999998603e-01 7.591226666666662792e-01 6.262219999999998343e-01 3.807167643280000568e-01 6.500000000000000222e-01 3.000000000000000000e+00
6.526706666666665102e-01 3.267224999999998603e-01 7.591226666666662792e-01 6.262219999999998343e-01 3.807167643280000568e-01 7.500000000000000000e-01 3.000000000000000000e+00
6.526706666666665102e-01 3.267224999999998603e-01 7.591226666666662792e-01 6.262219999999998343e-01 3.807167643280000568e-01 8.499999999999999778e-01 3.000000000000000000e+00
6.526706666666665102e-01 3.267224999999998603e-01 7.591226666666662792e-01 6.262219999999998343e-01 3.807167643280000568e-01 9.499999999999999556e-01 3.000000000000000000e+00
