5.391390596002462843e+00
5.714895367949258009e+00
5.310590799049304422e+00
4.304787307340200542e+00
2.685125678237054725e+00
-6.839424530305465537e-03
-inf
-inf
3.016413035103405971e+00
3.666610106263739510e+00
4.041589430273638150e+00
4.335733322033716419e+00
4.512914628965430275e+00
4.395689154855569214e+00
3.548251183605849679e+00
1.583694584407098205e+00
4.656616325526117817e-01
2.069980110841740828e+00
2.823769608708997403e+00
3.458137177767421466e+00
3.838177854806385625e+00
3.904472099080214420e+00
3.675811267552384631e+00
3.154100490452754979e+00
2.229329811105671411e+00
8.282972961768444442e-01
3.521656932149872521e+00
3.834978712310702420e+00
3.938184211946381907e+00
3.983433168051138562e+00
3.994084707726654582e+00
3.879542064215679709e+00
3.531433010328007605e+00
2.816717602310882196e+00
1.527871466363004638e+00
-inf
