5.366592905895620547e+00
5.691413940662365611e+00
5.287248435686007220e+00
4.272027361236466092e+00
2.673941998634087991e+00
0.000000000000000000e+00
1.477121254719662380e+00
3.085647288296856416e+00
3.577951127729755321e+00
3.928190948038757124e+00
4.206367061944969343e+00
4.394556739363656206e+00
4.420302385178690230e+00
4.068074489907647973e+00
3.060320028688285010e+00
9.542425094393248708e-01
4.771212547196624354e-01
1.875061263391700095e+00
2.741939077729198981e+00
3.386320573894046060e+00
3.792251571903264118e+00
3.897901874268227651e+00
3.672928690442722299e+00
3.184691430817598867e+00
2.361727836017593063e+00
8.450980400142568127e-01
3.491221576239282864e+00
3.821513528404773208e+00
3.916506587115155646e+00
3.969509098596566865e+00
3.960661007270982026e+00
3.864095573424247476e+00
3.509605704611556298e+00
2.808885867359812050e+00
1.672097857935717524e+00
-inf
