5.397823303494117653e+00
5.722198947624734799e+00
5.317831869238133002e+00
4.305739870375833611e+00
2.726357840576263847e+00
2.941905711336757490e-01
1.717436445070483542e+00
3.136462925591603224e+00
3.629320386261493780e+00
3.960955104856383802e+00
4.214689897796453089e+00
4.405077030752427625e+00
4.456020196680494649e+00
4.132245176774762996e+00
3.210799075111447021e+00
1.470051983937946449e+00
6.907496740893277476e-01
2.189806023929912193e+00
2.937118079384489100e+00
3.505946584808965039e+00
3.860365149127916506e+00
3.883402342383966310e+00
3.640372725518788766e+00
3.099178694420134050e+00
2.183447796761263771e+00
4.562711157465423328e-01
3.506046057959429252e+00
3.836069819145740745e+00
3.939930109206839948e+00
3.999265149538073327e+00
3.993270169295535688e+00
3.886277403178376666e+00
3.534486189022146618e+00
2.839654777435061117e+00
1.691302563383483060e+00
-inf
