9.173839290538567635e-04
9.530724405784395201e-04
9.766293725383954401e-04
1.212358669773855487e-03
5.986003263724737518e-03
7.157539290195071013e-02
2.060319451313531378e-02
3.998404268740939765e-03
2.431600504627600030e-03
2.188849982132260157e-03
1.630464540666330155e-03
1.556566014006887776e-03
1.244033620632188945e-03
1.051968082020164879e-03
3.107977471610897952e-03
2.026158183777616514e-02
7.157539290195071013e-02
1.451867749484172035e-02
5.732072046691415873e-03
3.373441487137003505e-03
2.551019417218510464e-03
2.012711789123997411e-03
2.155309656380382122e-03
6.548666091740745938e-03
1.593438243646250196e-02
1.529078533293248554e-01
3.008674672795718253e-03
2.233476769714760543e-03
1.835506202427799986e-03
2.114932205042613020e-03
2.279715295717557079e-03
2.492374093244639766e-03
3.011699125351405965e-03
7.475921148676616113e-03
2.667175878293121319e-02
nan
