4.146366666666665424e-01 5.218892499999998602e-01 7.389106666666660495e-01 5.452972499999999556e-01 6.347824201760001728e-01 1.666666666666666574e-01 0.000000000000000000e+00
4.146366666666665424e-01 5.218892499999998602e-01 7.389106666666660495e-01 5.452972499999999556e-01 6.347824201760001728e-01 3.333333333333333148e-01 0.000000000000000000e+00
4.146366666666665424e-01 5.218892499999998602e-01 7.389106666666660495e-01 5.452972499999999556e-01 6.347824201760001728e-01 5.000000000000000000e-01 0.000000000000000000e+00
4.146366666666665424e-01 5.218892499999998602e-01 7.389106666666660495e-01 5.452972499999999556e-01 6.347824201760001728e-01 6.666666666666666297e-01 0.000000000000000000e+00
4.146366666666665424e-01 5.218892499999998602e-01 7.389106666666660495e-01 5.452972499999999556e-01 6.347824201760001728e-01 8.333333333333333703e-01 0.000000000000000000e+00
4.146366666666665424e-01 5.218892499999998602e-01 7.389106666666660495e-01 5.452972499999999556e-01 6.347824201760001728e-01 1.000000000000000000e+00 0.000000000000000000e+00
4.146366666666665424e-01 5.218892499999998602e-01 7.389106666666660495e-01 5.452972499999999556e-01 6.347824201760001728e-01 -7.885824588615555353e-01 1.000000000000000000e+00
4.146366666666665424e-01 5.218892499999998602e-01 7.389106666666660495e-01 5.452972499999999556e-01 6.347824201760001728e-01 -5.735541510157668998e-01 1.000000000000000000e+00
4.146366666666665424e-01 5.218892499999998602e-01 7.389106666666660495e-01 5.452972499999999556e-01 6.347824201760001728e-01 -3.585258431699782644e-01 1.000000000000000000e+00
4.146366666666665424e-01 5.218892499999998602e-01 7.389106666666660495e-01 5.452972499999999556e-01 6.347824201760001728e-01 -1.434975353241896290e-01 1.000000000000000000e+00
4.146366666666665424e-01 5.218892499999998602e-01 7.389106666666660495e-01 5.452972499999999556e-01 6.347824201760001728e-01 7.153077252159903421e-02 1.000000000000000000e+00
4.146366666666665424e-01 5.218892499999998602e-01 7.389106666666660495e-01 5.452972499999999556e-01 6.347824201760001728e-01 2.865590803673875864e-01 1.000000000000000000e+00
4.146366666666665424e-01 5.218892499999998602e-01 7.389106666666660495e-01 5.452972499999999556e-01 6.347824201760001728e-01 5.015873882131762773e-01 1.000000000000000000e+00
4.146366666666665424e-01 5.218892499999998602e-01 7.389106666666660495e-01 5.452972499999999556e-01 6.347824201760001728e-01 7.166156960589649128e-01 1.000000000000000000e+00
4.146366666666665424e-01 5.218892499999998602e-01 7.389106666666660495e-01 5.452972499999999556e-01 6.347824201760001728e-01 9.316440039047535482e-01 1.000000000000000000e+00
4.146366666666665424e-01 5.218892499999998602e-01 7.389106666666660495e-01 5.452972499999999556e-01 6.347824201760001728e-01 1.146672311750542406e+00 1.000000000000000000e+00
4.146366666666665424e-01 5.218892499999998602e-01 7.389106666666660495e-01 5.452972499999999556e-01 6.347824201760001728e-01 -8.257658030340429833e-02 2.000000000000000000e+00
4.146366666666665424e-01 5.218892499999998602e-01 7.389106666666660495e-01 5.452972499999999556e-01 6.347824201760001728e-01 1.323047947230670818e-01 2.000000000000000000e+00
4.146366666666665424e-01 5.218892499999998602e-01 7.389106666666660495e-01 5.452972499999999556e-01 6.347824201760001728e-01 3.471861697495383647e-01 2.000000000000000000e+00
4.146366666666665424e-01 5.218892499999998602e-01 7.389106666666660495e-01 5.452972499999999556e-01 6.347824201760001728e-01 5.620675447760097310e-01 2.000000000000000000e+00
4.146366666666665424e-01 5.218892499999998602e-01 7.389106666666660495e-01 5.452972499999999556e-01 6.347824201760001728e-01 7.769489198024810417e-01 2.000000000000000000e+00
4.146366666666665424e-01 5.218892499999998602e-01 7.389106666666660495e-01 5.452972499999999556e-01 6.347824201760001728e-01 9.918302948289524634e-01 2.000000000000000000e+00
4.146366666666665424e-01 5.218892499999998602e-01 7.389106666666660495e-01 5.452972499999999556e-01 6.347824201760001728e-01 1.206711669855423885e+00 2.000000000000000000e+00
4.146366666666665424e-01 5.218892499999998602e-01 7.389106666666660495e-01 5.452972499999999556e-01 6.347824201760001728e-01 1.421593044881895196e+00 2.000000000000000000e+00
4.146366666666665424e-01 5.218892499999998602e-01 7.389106666666660495e-01 5.452972499999999556e-01 6.347824201760001728e-01 1.636474419908366507e+00 2.000000000000000000e+00
4.146366666666665424e-01 5.218892499999998602e-01 7.389106666666660495e-01 5.452972499999999556e-01 6.347824201760001728e-01 1.851355794934837817e+00 2.000000000000000000e+00
4.146366666666665424e-01 5.218892499999998602e-01 7.389106666666660495e-01 5.452972499999999556e-01 6.347824201760001728e-01 5.000000000000000278e-02 3.000000000000000000e+00
4.146366666666665424e-01 5.218892499999998602e-01 7.389106666666660495e-01 5.452972499999999556e-01 6.347824201760001728e-01 1.500000000000000222e-01 3.000000000000000000e+00
4.146366666666665424e-01 5.218892499999998602e-01 7.389106666666660495e-01 5.452972499999999556e-01 6.347824201760001728e-01 2.500000000000000000e-01 3.000000000000000000e+00
4.146366666666665424e-01 5.218892499999998602e-01 7.389106666666660495e-01 5.452972499999999556e-01 6.347824201760001728e-01 3.499999999999999778e-01 3.000000000000000000e+00
4.146366666666665424e-01 5.218892499999998602e-01 7.389106666666660495e-01 5.452972499999999556e-01 6.347824201760001728e-01 4.500000000000000111e-01 3.000000000000000000e+00
4.146366666666665424e-01 5.218892499999998602e-01 7.389106666666660495e-01 5.452972499999999556e-01 6.347824201760001728e-01 5.500000000000000444e-01 3.000000000000000000e+00
4.146366666666665424e-01 5.218892499999998602e-01 7.389106666666660495e-01 5.452972499999999556e-01 6.347824201760001728e-01 6.500000000000000222e-01 3.000000000000000000e+00
4.146366666666665424e-01 5.218892499999998602e-01 7.389106666666660495e-01 5.452972499999999556e-01 6.347824201760001728e-01 7.500000000000000000e-01 3.000000000000000000e+00
4.146366666666665424e-01 5.218892499999998602e-01 7.389106666666660495e-01 5.452972499999999556e-01 6.347824201760001728e-01 8.499999999999999778e-01 3.000000000000000000e+00
4.146366666666665424e-01 5.218892499999998602e-01 7.389106666666660495e-01 5.452972499999999556e-01 6.347824201760001728e-01 9.499999999999999556e-01 3.000000000000000000e+00
