0
2.178976947293169264e+00
3.358125285276648775e+00
3.809088131346346273e+00
4.131394081817372665e+00
4.380916397460698164e+00
4.494627605962075556e+00
4.261120063568900385e+00
3.306639441024261661e+00
1.301029995663981254e+00
1.838849090737255221e+00
3.168792020314181723e+00
3.629205657102303917e+00
3.965530943622860516e+00
4.220892249219518888e+00
4.398963736125520718e+00
4.409459704087447918e+00
4.025756314534413960e+00
2.979548374704095171e+00
6.989700043360188575e-01
1.612783856719735454e+00
3.129689892199301049e+00
3.623972512016996550e+00
3.954001167681570283e+00
4.225128287982087727e+00
4.417405256843686345e+00
4.463250773392775983e+00
4.147923538980606395e+00
3.225567713439470907e+00
1.414973347970817974e+00
0
6.989700043360188575e-01
3.069298012115529328e+00
3.683047038238849602e+00
4.058881339349561301e+00
4.349530063796263946e+00
4.517011052455844222e+00
4.406761529046542947e+00
3.567261692353874469e+00
1.763427993562937335e+00
6.020599913279623960e-01
2.987666264926274629e+00
3.562530768862261166e+00
3.931864513492031588e+00
4.214923284894897648e+00
4.423900918528416604e+00
4.493346500366718566e+00
4.203549596750741024e+00
3.282395504742525727e+00
1.579783596616810115e+00
0
2.281033367247727650e+00
3.340642377560705256e+00
3.815046176064630590e+00
4.129077324252736325e+00
4.374913236658887428e+00
4.511361894658184823e+00
4.353050239642589858e+00
3.522444233506319744e+00
1.785329835010767141e+00
0
2.113943352306836942e+00
3.294466226161592903e+00
3.784902449886654807e+00
4.116175891100349205e+00
4.367691297964658048e+00
4.482058517091312311e+00
4.285804763848632071e+00
3.396896449142523977e+00
1.414973347970817974e+00
1.785329835010767141e+00
3.179838928023186906e+00
3.642563437104387791e+00
3.964495339555092812e+00
4.233909453487780361e+00
4.412225275871112018e+00
4.429445420870020911e+00
4.049760551762475735e+00
3.038620161949702858e+00
8.450980400142568127e-01
1.041392685158224918e+00
3.011570443597278324e+00
3.545059584694002730e+00
3.901349325415642166e+00
4.180211922348941123e+00
4.377870612780742299e+00
4.420219877725148017e+00
4.110892600802217522e+00
3.157456768134225822e+00
8.450980400142568127e-01
1.556302500767287267e+00
3.104145550554008093e+00
3.628797485566710002e+00
3.962937288430001814e+00
4.226238917075984425e+00
4.410135859419269444e+00
4.463654135971827586e+00
4.140822180109310580e+00
3.224533062606085743e+00
1.462397997898956081e+00
1.462397997898956081e+00
3.070776462843434640e+00
3.600319329751660913e+00
3.929163383205064530e+00
4.207041620935394022e+00
4.402673981154293870e+00
4.460627263651389285e+00
4.158272004652084242e+00
3.231214647962600939e+00
1.531478917042255139e+00
1.146128035678237955e+00
2.985875357308393596e+00
3.595496221825574157e+00
3.939668983522326418e+00
4.219820207147237490e+00
4.424473273195334677e+00
4.478205636011882262e+00
4.146221088811880229e+00
3.170555058521208558e+00
1.204119982655924792e+00
7.781512503836436334e-01
2.980911937776843601e+00
3.556061159009532346e+00
3.919757780501894384e+00
4.202106711390236171e+00
4.407016791185453641e+00
4.466956545273077950e+00
4.148016208239872604e+00
3.178689239775589925e+00
1.361727836017592841e+00
0
2.603144372620182168e+00
3.441380884916511285e+00
3.854366778040869690e+00
4.164561029265557046e+00
4.404765318402314556e+00
4.479330527707677589e+00
4.173244559061566328e+00
3.131618664349125503e+00
7.781512503836436334e-01
0
1.278753600952828862e+00
3.187802638718419512e+00
3.752125307297898171e+00
4.115210976704168466e+00
4.391005718351710385e+00
4.549530474736012131e+00
4.392081119798159961e+00
3.500236474825638933e+00
1.556302500767287267e+00
0
2.008600171761917519e+00
3.312388949370591806e+00
3.774443968924964921e+00
4.115776876158963482e+00
4.373996384262326842e+00
4.489367774704733804e+00
4.267922291531117907e+00
3.306853748693008743e+00
1.301029995663981254e+00
0.000000000000000000e+00
2.844477175745681485e+00
3.518908573691414077e+00
3.896085085423285133e+00
4.185768733433612887e+00
4.401882822321281807e+00
4.485735618879806985e+00
4.223729509364877011e+00
3.328787200354534459e+00
1.462397997898956081e+00
1.698970004336018746e+00
3.070037866607755017e+00
3.595165414790229441e+00
3.924175870301920721e+00
4.189181397180736788e+00
4.373316665173873297e+00
4.397140170748577326e+00
4.043283665570575280e+00
3.068927611682071621e+00
1.079181246047624887e+00
0
2.385606273598312121e+00
3.377306251068199039e+00
3.815312043524359265e+00
4.139154658406904552e+00
4.380862195341201470e+00
4.500867417872138176e+00
4.300225806768157355e+00
3.431685344686011607e+00
1.724275869600789157e+00
0
2.749736315569061063e+00
3.498723970747904755e+00
3.885643871835763985e+00
4.190779770928019232e+00
4.410777233377209505e+00
4.499838234770692225e+00
4.213544318537667088e+00
3.250907699700856135e+00
1.322219294733919304e+00
1.568201724066994984e+00
3.088136088700551340e+00
3.604765884703887480e+00
3.929827481230691255e+00
4.201014558213372219e+00
4.388971051219082931e+00
4.431090233364610498e+00
4.107955772547713380e+00
3.172018809424556274e+00
1.322219294733919304e+00
1.447158031342219209e+00
3.049218022670181494e+00
3.596047007545438934e+00
3.946648733906676476e+00
4.209541822016600321e+00
4.417172649517774552e+00
4.475772850718035656e+00
4.172515363010772305e+00
3.237794993273922728e+00
1.556302500767287267e+00
1.838849090737255221e+00
3.174641192660448308e+00
3.653887558070977537e+00
3.976670880624811222e+00
4.233326150349856931e+00
4.414605712464549470e+00
4.466689715873474853e+00
4.126196367920530683e+00
3.188084373714938025e+00
1.531478917042255139e+00
1.623249290397900557e+00
3.064083435963596003e+00
3.592176757395866726e+00
3.920227711456928610e+00
4.186984572160061369e+00
4.377105817269053567e+00
4.435573643566113056e+00
4.152624639447618726e+00
3.260309945794920061e+00
1.568201724066994984e+00
1.278753600952828862e+00
3.048053173115608860e+00
3.598024072334189860e+00
3.963693405238018830e+00
4.247482260677053922e+00
4.434951936087752955e+00
4.495502709882288173e+00
4.145538235712233011e+00
3.152594077927469929e+00
1.380211241711605918e+00
0
2.250420002308894052e+00
3.341434524578140053e+00
3.802500067764393421e+00
4.123328866926347480e+00
4.373794416714731348e+00
4.467889159261119403e+00
4.220578754632828833e+00
3.215901813204031789e+00
1.146128035678237955e+00
0
1.380211241711605918e+00
3.197556213153536664e+00
3.748420622467568464e+00
4.103358939866562416e+00
4.380301710305184670e+00
4.524461034215449651e+00
4.341236623238692083e+00
3.401745082237062956e+00
1.342422680822206171e+00
0.000000000000000000e+00
2.706717782336758749e+00
3.426836453803507876e+00
3.830396176483469084e+00
4.138523737279157899e+00
4.357934847000453971e+00
4.430574884046865058e+00
4.169733197942518288e+00
3.219846386024360463e+00
1.204119982655924792e+00
0
1.623249290397900557e+00
3.234010817587179343e+00
3.747334109615905184e+00
4.083215862155997300e+00
4.344372621906474663e+00
4.485565279482858436e+00
4.311414767162358608e+00
3.414639146737008968e+00
1.505149978319906046e+00
0
2.143014800254094965e+00
3.325515663363148189e+00
3.779235631675863516e+00
4.108463541203595248e+00
4.364194408606937969e+00
4.495447200122582920e+00
4.318230339187816291e+00
3.462098381135155556e+00
1.690196080028513625e+00
1.477121254719662380e+00
3.085647288296856416e+00
3.577951127729755321e+00
3.928190948038757124e+00
4.206367061944969343e+00
4.394556739363656206e+00
4.420302385178690230e+00
4.068074489907647973e+00
3.060320028688285010e+00
9.542425094393248708e-01
1.477121254719662380e+00
3.097951070994149791e+00
3.602277084300192556e+00
3.958229314188382197e+00
4.225231722214646268e+00
4.418533295093212132e+00
4.480739735593566309e+00
4.160708572292429075e+00
3.201943063401650136e+00
1.591064607026499100e+00
0
2.846955325019823846e+00
3.465382851448418400e+00
3.845779967111889519e+00
4.138081546495746110e+00
4.346646317576889906e+00
4.416557301191478935e+00
4.176322821034989197e+00
3.265289625860829936e+00
1.414973347970817974e+00
1.643452676486187425e+00
3.156549151331781378e+00
3.638389407665335806e+00
3.968202668142849721e+00
4.235578943330128077e+00
4.416257626999022357e+00
4.436734965790706475e+00
4.033463966077404983e+00
2.970346876230093525e+00
6.020599913279623960e-01
3.010299956639811980e-01
2.905256048748451114e+00
3.552911450216508893e+00
3.922984815708882689e+00
4.194736288728694973e+00
4.407322907839638759e+00
4.483473181621222103e+00
4.205988850752451214e+00
3.288025535388362730e+00
1.568201724066994984e+00
1.732393759822968615e+00
3.157154439906281418e+00
3.637689819118401058e+00
3.984707294482673134e+00
4.233884108765885834e+00
4.429719989249435663e+00
4.489789788615992983e+00
4.171316824656572386e+00
3.236537261488694028e+00
1.447158031342219209e+00
0
0
2.944482672150168678e+00
3.618675538885139709e+00
4.013553430541676015e+00
4.311245120878207437e+00
4.493903967206502870e+00
4.400969479225655512e+00
3.569022586029563460e+00
1.681241237375587172e+00
0
2.547774705387822358e+00
3.431202884556516786e+00
3.831037485640025331e+00
4.148016208239872604e+00
4.384837088203684452e+00
4.496292954006042564e+00
4.287936027044702669e+00
3.425044874551388840e+00
1.612783856719735454e+00
1.568201724066994984e+00
3.124830149413859282e+00
3.623249290397900335e+00
3.961610908091280692e+00
4.222039797161015962e+00
4.412628520544375377e+00
4.467282447618141639e+00
4.168615322211017826e+00
3.282168778304641599e+00
1.623249290397900557e+00
1.724275869600789157e+00
3.143327129992046221e+00
3.636186895198724400e+00
3.967828679330155150e+00
4.221596785740262980e+00
4.412023513041976486e+00
4.463026521086426612e+00
4.139343756152374709e+00
3.218010042984363217e+00
1.477121254719662380e+00
0
0
3.039017321997412147e+00
3.657724954205108236e+00
4.036868329981055048e+00
4.333769600873474737e+00
4.504389297186280672e+00
4.393083602089456363e+00
3.536305872351033663e+00
1.662757831681574094e+00
