8.847546666666669113e-01 1.252562499999998469e-01 2.257146666666662582e-01 7.080284999999999496e-01 2.139084422800001661e-01 1.666666666666666574e-01 0.000000000000000000e+00
8.847546666666669113e-01 1.252562499999998469e-01 2.257146666666662582e-01 7.080284999999999496e-01 2.139084422800001661e-01 3.333333333333333148e-01 0.000000000000000000e+00
8.847546666666669113e-01 1.252562499999998469e-01 2.257146666666662582e-01 7.080284999999999496e-01 2.139084422800001661e-01 5.000000000000000000e-01 0.000000000000000000e+00
8.847546666666669113e-01 1.252562499999998469e-01 2.257146666666662582e-01 7.080284999999999496e-01 2.139084422800001661e-01 6.666666666666666297e-01 0.000000000000000000e+00
8.847546666666669113e-01 1.252562499999998469e-01 2.257146666666662582e-01 7.080284999999999496e-01 2.139084422800001661e-01 8.333333333333333703e-01 0.000000000000000000e+00
8.847546666666669113e-01 1.252562499999998469e-01 2.257146666666662582e-01 7.080284999999999496e-01 2.139084422800001661e-01 1.000000000000000000e+00 0.000000000000000000e+00
8.847546666666669113e-01 1.252562499999998469e-01 2.257146666666662582e-01 7.080284999999999496e-01 2.139084422800001661e-01 -5.347001602350411886e-01 1.000000000000000000e+00
8.847546666666669113e-01 1.252562499999998469e-01 2.257146666666662582e-01 7.080284999999999496e-01 2.139084422800001661e-01 -3.455726691460236366e-01 1.000000000000000000e+00
8.847546666666669113e-01 1.252562499999998469e-01 2.257146666666662582e-01 7.080284999999999496e-01 2.139084422800001661e-01 -1.564451780570060013e-01 1.000000000000000000e+00
8.847546666666669113e-01 1.252562499999998469e-01 2.257146666666662582e-01 7.080284999999999496e-01 2.139084422800001661e-01 3.268231303201157151e-02 1.000000000000000000e+00
8.847546666666669113e-01 1.252562499999998469e-01 2.257146666666662582e-01 7.080284999999999496e-01 2.139084422800001661e-01 2.218098041210291305e-01 1.000000000000000000e+00
8.847546666666669113e-01 1.252562499999998469e-01 2.257146666666662582e-01 7.080284999999999496e-01 2.139084422800001661e-01 4.109372952100467380e-01 1.000000000000000000e+00
8.847546666666669113e-01 1.252562499999998469e-01 2.257146666666662582e-01 7.080284999999999496e-01 2.139084422800001661e-01 6.000647862990642345e-01 1.000000000000000000e+00
8.847546666666669113e-01 1.252562499999998469e-01 2.257146666666662582e-01 7.080284999999999496e-01 2.139084422800001661e-01 7.891922773880818420e-01 1.000000000000000000e+00
8.847546666666669113e-01 1.252562499999998469e-01 2.257146666666662582e-01 7.080284999999999496e-01 2.139084422800001661e-01 9.783197684770994496e-01 1.000000000000000000e+00
8.847546666666669113e-01 1.252562499999998469e-01 2.257146666666662582e-01 7.080284999999999496e-01 2.139084422800001661e-01 1.167447259566116946e+00 1.000000000000000000e+00
8.847546666666669113e-01 1.252562499999998469e-01 2.257146666666662582e-01 7.080284999999999496e-01 2.139084422800001661e-01 -6.685496596020013005e-02 2.000000000000000000e+00
8.847546666666669113e-01 1.252562499999998469e-01 2.257146666666662582e-01 7.080284999999999496e-01 2.139084422800001661e-01 1.364186442115611353e-01 2.000000000000000000e+00
8.847546666666669113e-01 1.252562499999998469e-01 2.257146666666662582e-01 7.080284999999999496e-01 2.139084422800001661e-01 3.396922543833222896e-01 2.000000000000000000e+00
8.847546666666669113e-01 1.252562499999998469e-01 2.257146666666662582e-01 7.080284999999999496e-01 2.139084422800001661e-01 5.429658645550835550e-01 2.000000000000000000e+00
8.847546666666669113e-01 1.252562499999998469e-01 2.257146666666662582e-01 7.080284999999999496e-01 2.139084422800001661e-01 7.462394747268447093e-01 2.000000000000000000e+00
8.847546666666669113e-01 1.252562499999998469e-01 2.257146666666662582e-01 7.080284999999999496e-01 2.139084422800001661e-01 9.495130848986059746e-01 2.000000000000000000e+00
8.847546666666669113e-01 1.252562499999998469e-01 2.257146666666662582e-01 7.080284999999999496e-01 2.139084422800001661e-01 1.152786695070367129e+00 2.000000000000000000e+00
8.847546666666669113e-01 1.252562499999998469e-01 2.257146666666662582e-01 7.080284999999999496e-01 2.139084422800001661e-01 1.356060305242128283e+00 2.000000000000000000e+00
8.847546666666669113e-01 1.252562499999998469e-01 2.257146666666662582e-01 7.080284999999999496e-01 2.139084422800001661e-01 1.559333915413889438e+00 2.000000000000000000e+00
8.847546666666669113e-01 1.252562499999998469e-01 2.257146666666662582e-01 7.080284999999999496e-01 2.139084422800001661e-01 1.762607525585650814e+00 2.000000000000000000e+00
8.847546666666669113e-01 1.252562499999998469e-01 2.257146666666662582e-01 7.080284999999999496e-01 2.139084422800001661e-01 5.000000000000000278e-02 3.000000000000000000e+00
8.847546666666669113e-01 1.252562499999998469e-01 2.257146666666662582e-01 7.080284999999999496e-01 2.139084422800001661e-01 1.500000000000000222e-01 3.000000000000000000e+00
8.847546666666669113e-01 1.252562499999998469e-01 2.257146666666662582e-01 7.080284999999999496e-01 2.139084422800001661e-01 2.500000000000000000e-01 3.000000000000000000e+00
8.847546666666669113e-01 1.252562499999998469e-01 2.257146666666662582e-01 7.080284999999999496e-01 2.139084422800001661e-01 3.499999999999999778e-01 3.000000000000000000e+00
8.847546666666669113e-01 1.252562499999998469e-01 2.257146666666662582e-01 7.080284999999999496e-01 2.139084422800001661e-01 4.500000000000000111e-01 3.000000000000000000e+00
8.847546666666669113e-01 1.252562499999998469e-01 2.257146666666662582e-01 7.080284999999999496e-01 2.139084422800001661e-01 5.500000000000000444e-01 3.000000000000000000e+00
8.847546666666669113e-01 1.252562499999998469e-01 2.257146666666662582e-01 7.080284999999999496e-01 2.139084422800001661e-01 6.500000000000000222e-01 3.000000000000000000e+00
8.847546666666669113e-01 1.252562499999998469e-01 2.257146666666662582e-01 7.080284999999999496e-01 2.139084422800001661e-01 7.500000000000000000e-01 3.000000000000000000e+00
8.847546666666669113e-01 1.252562499999998469e-01 2.257146666666662582e-01 7.080284999999999496e-01 2.139084422800001661e-01 8.499999999999999778e-01 3.000000000000000000e+00
8.847546666666669113e-01 1.252562499999998469e-01 2.257146666666662582e-01 7.080284999999999496e-01 2.139084422800001661e-01 9.499999999999999556e-01 3.000000000000000000e+00
