7.031073333333334174e-01 4.468062500000000714e-01 7.076839999999999797e-01 4.625052499999998679e-01 1.805905939359999657e-01 1.666666666666666574e-01 0.000000000000000000e+00
7.031073333333334174e-01 4.468062500000000714e-01 7.076839999999999797e-01 4.625052499999998679e-01 1.805905939359999657e-01 3.333333333333333148e-01 0.000000000000000000e+00
7.031073333333334174e-01 4.468062500000000714e-01 7.076839999999999797e-01 4.625052499999998679e-01 1.805905939359999657e-01 5.000000000000000000e-01 0.000000000000000000e+00
7.031073333333334174e-01 4.468062500000000714e-01 7.076839999999999797e-01 4.625052499999998679e-01 1.805905939359999657e-01 6.666666666666666297e-01 0.000000000000000000e+00
7.031073333333334174e-01 4.468062500000000714e-01 7.076839999999999797e-01 4.625052499999998679e-01 1.805905939359999657e-01 8.333333333333333703e-01 0.000000000000000000e+00
7.031073333333334174e-01 4.468062500000000714e-01 7.076839999999999797e-01 4.625052499999998679e-01 1.805905939359999657e-01 1.000000000000000000e+00 0.000000000000000000e+00
7.031073333333334174e-01 4.468062500000000714e-01 7.076839999999999797e-01 4.625052499999998679e-01 1.805905939359999657e-01 -6.778339913577755560e-01 1.000000000000000000e+00
7.031073333333334174e-01 4.468062500000000714e-01 7.076839999999999797e-01 4.625052499999998679e-01 1.805905939359999657e-01 -4.740251474095520390e-01 1.000000000000000000e+00
7.031073333333334174e-01 4.468062500000000714e-01 7.076839999999999797e-01 4.625052499999998679e-01 1.805905939359999657e-01 -2.702163034613285220e-01 1.000000000000000000e+00
7.031073333333334174e-01 4.468062500000000714e-01 7.076839999999999797e-01 4.625052499999998679e-01 1.805905939359999657e-01 -6.640745951310504658e-02 1.000000000000000000e+00
7.031073333333334174e-01 4.468062500000000714e-01 7.076839999999999797e-01 4.625052499999998679e-01 1.805905939359999657e-01 1.374013844351183733e-01 1.000000000000000000e+00
7.031073333333334174e-01 4.468062500000000714e-01 7.076839999999999797e-01 4.625052499999998679e-01 1.805905939359999657e-01 3.412102283833419736e-01 1.000000000000000000e+00
7.031073333333334174e-01 4.468062500000000714e-01 7.076839999999999797e-01 4.625052499999998679e-01 1.805905939359999657e-01 5.450190723315654351e-01 1.000000000000000000e+00
7.031073333333334174e-01 4.468062500000000714e-01 7.076839999999999797e-01 4.625052499999998679e-01 1.805905939359999657e-01 7.488279162797889521e-01 1.000000000000000000e+00
7.031073333333334174e-01 4.468062500000000714e-01 7.076839999999999797e-01 4.625052499999998679e-01 1.805905939359999657e-01 9.526367602280124691e-01 1.000000000000000000e+00
7.031073333333334174e-01 4.468062500000000714e-01 7.076839999999999797e-01 4.625052499999998679e-01 1.805905939359999657e-01 1.156445604176235875e+00 1.000000000000000000e+00
7.031073333333334174e-01 4.468062500000000714e-01 7.076839999999999797e-01 4.625052499999998679e-01 1.805905939359999657e-01 -6.761207447894618250e-02 2.000000000000000000e+00
7.031073333333334174e-01 4.468062500000000714e-01 7.076839999999999797e-01 4.625052499999998679e-01 1.805905939359999657e-01 1.417648529682070113e-01 2.000000000000000000e+00
7.031073333333334174e-01 4.468062500000000714e-01 7.076839999999999797e-01 4.625052499999998679e-01 1.805905939359999657e-01 3.511417804153601496e-01 2.000000000000000000e+00
7.031073333333334174e-01 4.468062500000000714e-01 7.076839999999999797e-01 4.625052499999998679e-01 1.805905939359999657e-01 5.605187078625133434e-01 2.000000000000000000e+00
7.031073333333334174e-01 4.468062500000000714e-01 7.076839999999999797e-01 4.625052499999998679e-01 1.805905939359999657e-01 7.698956353096665373e-01 2.000000000000000000e+00
7.031073333333334174e-01 4.468062500000000714e-01 7.076839999999999797e-01 4.625052499999998679e-01 1.805905939359999657e-01 9.792725627568197311e-01 2.000000000000000000e+00
7.031073333333334174e-01 4.468062500000000714e-01 7.076839999999999797e-01 4.625052499999998679e-01 1.805905939359999657e-01 1.188649490203973036e+00 2.000000000000000000e+00
7.031073333333334174e-01 4.468062500000000714e-01 7.076839999999999797e-01 4.625052499999998679e-01 1.805905939359999657e-01 1.398026417651126119e+00 2.000000000000000000e+00
7.031073333333334174e-01 4.468062500000000714e-01 7.076839999999999797e-01 4.625052499999998679e-01 1.805905939359999657e-01 1.607403345098279202e+00 2.000000000000000000e+00
7.031073333333334174e-01 4.468062500000000714e-01 7.076839999999999797e-01 4.625052499999998679e-01 1.805905939359999657e-01 1.816780272545432284e+00 2.000000000000000000e+00
7.031073333333334174e-01 4.468062500000000714e-01 7.076839999999999797e-01 4.625052499999998679e-01 1.805905939359999657e-01 5.000000000000000278e-02 3.000000000000000000e+00
7.031073333333334174e-01 4.468062500000000714e-01 7.076839999999999797e-01 4.625052499999998679e-01 1.805905939359999657e-01 1.500000000000000222e-01 3.000000000000000000e+00
7.031073333333334174e-01 4.468062500000000714e-01 7.076839999999999797e-01 4.625052499999998679e-01 1.805905939359999657e-01 2.500000000000000000e-01 3.000000000000000000e+00
7.031073333333334174e-01 4.468062500000000714e-01 7.076839999999999797e-01 4.625052499999998679e-01 1.805905939359999657e-01 3.499999999999999778e-01 3.000000000000000000e+00
7.031073333333334174e-01 4.468062500000000714e-01 7.076839999999999797e-01 4.625052499999998679e-01 1.805905939359999657e-01 4.500000000000000111e-01 3.000000000000000000e+00
7.031073333333334174e-01 4.468062500000000714e-01 7.076839999999999797e-01 4.625052499999998679e-01 1.805905939359999657e-01 5.500000000000000444e-01 3.000000000000000000e+00
7.031073333333334174e-01 4.468062500000000714e-01 7.076839999999999797e-01 4.625052499999998679e-01 1.805905939359999657e-01 6.500000000000000222e-01 3.000000000000000000e+00
7.031073333333334174e-01 4.468062500000000714e-01 7.076839999999999797e-01 4.625052499999998679e-01 1.805905939359999657e-01 7.500000000000000000e-01 3.000000000000000000e+00
7.031073333333334174e-01 4.468062500000000714e-01 7.076839999999999797e-01 4.625052499999998679e-01 1.805905939359999657e-01 8.499999999999999778e-01 3.000000000000000000e+00
7.031073333333334174e-01 4.468062500000000714e-01 7.076839999999999797e-01 4.625052499999998679e-01 1.805905939359999657e-01 9.499999999999999556e-01 3.000000000000000000e+00
