5.380156951508159757e+00
5.707784715665935593e+00
5.301001765605170668e+00
4.284656282788515291e+00
2.683947130751512145e+00
4.771212547196624354e-01
-inf
2.113943352306836942e+00
3.294466226161592903e+00
3.784902449886654807e+00
4.116175891100349205e+00
4.367691297964658048e+00
4.482058517091312311e+00
4.285804763848632071e+00
3.396896449142523977e+00
1.414973347970817974e+00
6.989700043360188575e-01
1.963787827345555348e+00
2.838849090737255221e+00
3.483301952358166975e+00
3.869407749382201889e+00
3.899820502427096436e+00
3.625723909525755850e+00
3.051152522447381443e+00
2.096910013008056239e+00
4.771212547196624354e-01
3.506369717095504157e+00
3.834102655712793517e+00
3.934144811792477103e+00
3.976899950982937693e+00
3.978728177138491695e+00
3.873378736409140988e+00
3.515211304327801933e+00
2.827369273053825349e+00
1.681241237375587172e+00
-inf
