8.190413333333329549e-01 3.958049999999999624e-01 6.729666666666660468e-01 5.275682500000000719e-01 8.677343263199999157e-02 1.666666666666666574e-01 0.000000000000000000e+00
8.190413333333329549e-01 3.958049999999999624e-01 6.729666666666660468e-01 5.275682500000000719e-01 8.677343263199999157e-02 3.333333333333333148e-01 0.000000000000000000e+00
8.190413333333329549e-01 3.958049999999999624e-01 6.729666666666660468e-01 5.275682500000000719e-01 8.677343263199999157e-02 5.000000000000000000e-01 0.000000000000000000e+00
8.190413333333329549e-01 3.958049999999999624e-01 6.729666666666660468e-01 5.275682500000000719e-01 8.677343263199999157e-02 6.666666666666666297e-01 0.000000000000000000e+00
8.190413333333329549e-01 3.958049999999999624e-01 6.729666666666660468e-01 5.275682500000000719e-01 8.677343263199999157e-02 8.333333333333333703e-01 0.000000000000000000e+00
8.190413333333329549e-01 3.958049999999999624e-01 6.729666666666660468e-01 5.275682500000000719e-01 8.677343263199999157e-02 1.000000000000000000e+00 0.000000000000000000e+00
8.190413333333329549e-01 3.958049999999999624e-01 6.729666666666660468e-01 5.275682500000000719e-01 8.677343263199999157e-02 -5.504171026139327294e-01 1.000000000000000000e+00
8.190413333333329549e-01 3.958049999999999624e-01 6.729666666666660468e-01 5.275682500000000719e-01 8.677343263199999157e-02 -3.597914418394245750e-01 1.000000000000000000e+00
8.190413333333329549e-01 3.958049999999999624e-01 6.729666666666660468e-01 5.275682500000000719e-01 8.677343263199999157e-02 -1.691657810649165594e-01 1.000000000000000000e+00
8.190413333333329549e-01 3.958049999999999624e-01 6.729666666666660468e-01 5.275682500000000719e-01 8.677343263199999157e-02 2.145987970959161578e-02 1.000000000000000000e+00
8.190413333333329549e-01 3.958049999999999624e-01 6.729666666666660468e-01 5.275682500000000719e-01 8.677343263199999157e-02 2.120855404840996938e-01 1.000000000000000000e+00
8.190413333333329549e-01 3.958049999999999624e-01 6.729666666666660468e-01 5.275682500000000719e-01 8.677343263199999157e-02 4.027112012586078760e-01 1.000000000000000000e+00
8.190413333333329549e-01 3.958049999999999624e-01 6.729666666666660468e-01 5.275682500000000719e-01 8.677343263199999157e-02 5.933368620331158638e-01 1.000000000000000000e+00
8.190413333333329549e-01 3.958049999999999624e-01 6.729666666666660468e-01 5.275682500000000719e-01 8.677343263199999157e-02 7.839625228076239072e-01 1.000000000000000000e+00
8.190413333333329549e-01 3.958049999999999624e-01 6.729666666666660468e-01 5.275682500000000719e-01 8.677343263199999157e-02 9.745881835821319505e-01 1.000000000000000000e+00
8.190413333333329549e-01 3.958049999999999624e-01 6.729666666666660468e-01 5.275682500000000719e-01 8.677343263199999157e-02 1.165213844356640216e+00 1.000000000000000000e+00
8.190413333333329549e-01 3.958049999999999624e-01 6.729666666666660468e-01 5.275682500000000719e-01 8.677343263199999157e-02 -1.246082381075810097e-01 2.000000000000000000e+00
8.190413333333329549e-01 3.958049999999999624e-01 6.729666666666660468e-01 5.275682500000000719e-01 8.677343263199999157e-02 8.733880443429802021e-02 2.000000000000000000e+00
8.190413333333329549e-01 3.958049999999999624e-01 6.729666666666660468e-01 5.275682500000000719e-01 8.677343263199999157e-02 2.992858469761769391e-01 2.000000000000000000e+00
8.190413333333329549e-01 3.958049999999999624e-01 6.729666666666660468e-01 5.275682500000000719e-01 8.677343263199999157e-02 5.112328895180560107e-01 2.000000000000000000e+00
8.190413333333329549e-01 3.958049999999999624e-01 6.729666666666660468e-01 5.275682500000000719e-01 8.677343263199999157e-02 7.231799320599350267e-01 2.000000000000000000e+00
8.190413333333329549e-01 3.958049999999999624e-01 6.729666666666660468e-01 5.275682500000000719e-01 8.677343263199999157e-02 9.351269746018139317e-01 2.000000000000000000e+00
8.190413333333329549e-01 3.958049999999999624e-01 6.729666666666660468e-01 5.275682500000000719e-01 8.677343263199999157e-02 1.147074017143692837e+00 2.000000000000000000e+00
8.190413333333329549e-01 3.958049999999999624e-01 6.729666666666660468e-01 5.275682500000000719e-01 8.677343263199999157e-02 1.359021059685571853e+00 2.000000000000000000e+00
8.190413333333329549e-01 3.958049999999999624e-01 6.729666666666660468e-01 5.275682500000000719e-01 8.677343263199999157e-02 1.570968102227450869e+00 2.000000000000000000e+00
8.190413333333329549e-01 3.958049999999999624e-01 6.729666666666660468e-01 5.275682500000000719e-01 8.677343263199999157e-02 1.782915144769329885e+00 2.000000000000000000e+00
8.190413333333329549e-01 3.958049999999999624e-01 6.729666666666660468e-01 5.275682500000000719e-01 8.677343263199999157e-02 5.000000000000000278e-02 3.000000000000000000e+00
8.190413333333329549e-01 3.958049999999999624e-01 6.729666666666660468e-01 5.275682500000000719e-01 8.677343263199999157e-02 1.500000000000000222e-01 3.000000000000000000e+00
8.190413333333329549e-01 3.958049999999999624e-01 6.729666666666660468e-01 5.275682500000000719e-01 8.677343263199999157e-02 2.500000000000000000e-01 3.000000000000000000e+00
8.190413333333329549e-01 3.958049999999999624e-01 6.729666666666660468e-01 5.275682500000000719e-01 8.677343263199999157e-02 3.499999999999999778e-01 3.000000000000000000e+00
8.190413333333329549e-01 3.958049999999999624e-01 6.729666666666660468e-01 5.275682500000000719e-01 8.677343263199999157e-02 4.500000000000000111e-01 3.000000000000000000e+00
8.190413333333329549e-01 3.958049999999999624e-01 6.729666666666660468e-01 5.275682500000000719e-01 8.677343263199999157e-02 5.500000000000000444e-01 3.000000000000000000e+00
8.190413333333329549e-01 3.958049999999999624e-01 6.729666666666660468e-01 5.275682500000000719e-01 8.677343263199999157e-02 6.500000000000000222e-01 3.000000000000000000e+00
8.190413333333329549e-01 3.958049999999999624e-01 6.729666666666660468e-01 5.275682500000000719e-01 8.677343263199999157e-02 7.500000000000000000e-01 3.000000000000000000e+00
8.190413333333329549e-01 3.958049999999999624e-01 6.729666666666660468e-01 5.275682500000000719e-01 8.677343263199999157e-02 8.499999999999999778e-01 3.000000000000000000e+00
8.190413333333329549e-01 3.958049999999999624e-01 6.729666666666660468e-01 5.275682500000000719e-01 8.677343263199999157e-02 9.499999999999999556e-01 3.000000000000000000e+00
