7.682386666666664032e-01 1.376237499999999336e-01 4.547453333333324466e-01 6.823265000000000580e-01 3.497791733760000632e-01 1.666666666666666574e-01 0.000000000000000000e+00
7.682386666666664032e-01 1.376237499999999336e-01 4.547453333333324466e-01 6.823265000000000580e-01 3.497791733760000632e-01 3.333333333333333148e-01 0.000000000000000000e+00
7.682386666666664032e-01 1.376237499999999336e-01 4.547453333333324466e-01 6.823265000000000580e-01 3.497791733760000632e-01 5.000000000000000000e-01 0.000000000000000000e+00
7.682386666666664032e-01 1.376237499999999336e-01 4.547453333333324466e-01 6.823265000000000580e-01 3.497791733760000632e-01 6.666666666666666297e-01 0.000000000000000000e+00
7.682386666666664032e-01 1.376237499999999336e-01 4.547453333333324466e-01 6.823265000000000580e-01 3.497791733760000632e-01 8.333333333333333703e-01 0.000000000000000000e+00
7.682386666666664032e-01 1.376237499999999336e-01 4.547453333333324466e-01 6.823265000000000580e-01 3.497791733760000632e-01 1.000000000000000000e+00 0.000000000000000000e+00
7.682386666666664032e-01 1.376237499999999336e-01 4.547453333333324466e-01 6.823265000000000580e-01 3.497791733760000632e-01 -7.022895527444572572e-01 1.000000000000000000e+00
7.682386666666664032e-01 1.376237499999999336e-01 4.547453333333324466e-01 6.823265000000000580e-01 3.497791733760000632e-01 -4.979223009460572724e-01 1.000000000000000000e+00
7.682386666666664032e-01 1.376237499999999336e-01 4.547453333333324466e-01 6.823265000000000580e-01 3.497791733760000632e-01 -2.935550491476572321e-01 1.000000000000000000e+00
7.682386666666664032e-01 1.376237499999999336e-01 4.547453333333324466e-01 6.823265000000000580e-01 3.497791733760000632e-01 -8.918779734925723346e-02 1.000000000000000000e+00
7.682386666666664032e-01 1.376237499999999336e-01 4.547453333333324466e-01 6.823265000000000580e-01 3.497791733760000632e-01 1.151794544491427097e-01 1.000000000000000000e+00
7.682386666666664032e-01 1.376237499999999336e-01 4.547453333333324466e-01 6.823265000000000580e-01 3.497791733760000632e-01 3.195467062475426667e-01 1.000000000000000000e+00
7.682386666666664032e-01 1.376237499999999336e-01 4.547453333333324466e-01 6.823265000000000580e-01 3.497791733760000632e-01 5.239139580459426515e-01 1.000000000000000000e+00
7.682386666666664032e-01 1.376237499999999336e-01 4.547453333333324466e-01 6.823265000000000580e-01 3.497791733760000632e-01 7.282812098443425253e-01 1.000000000000000000e+00
7.682386666666664032e-01 1.376237499999999336e-01 4.547453333333324466e-01 6.823265000000000580e-01 3.497791733760000632e-01 9.326484616427425101e-01 1.000000000000000000e+00
7.682386666666664032e-01 1.376237499999999336e-01 4.547453333333324466e-01 6.823265000000000580e-01 3.497791733760000632e-01 1.137015713441142495e+00 1.000000000000000000e+00
7.682386666666664032e-01 1.376237499999999336e-01 4.547453333333324466e-01 6.823265000000000580e-01 3.497791733760000632e-01 -9.059851371256948116e-02 2.000000000000000000e+00
7.682386666666664032e-01 1.376237499999999336e-01 4.547453333333324466e-01 6.823265000000000580e-01 3.497791733760000632e-01 1.210619875874759249e-01 2.000000000000000000e+00
7.682386666666664032e-01 1.376237499999999336e-01 4.547453333333324466e-01 6.823265000000000580e-01 3.497791733760000632e-01 3.327224888875213171e-01 2.000000000000000000e+00
7.682386666666664032e-01 1.376237499999999336e-01 4.547453333333324466e-01 6.823265000000000580e-01 3.497791733760000632e-01 5.443829901875667510e-01 2.000000000000000000e+00
7.682386666666664032e-01 1.376237499999999336e-01 4.547453333333324466e-01 6.823265000000000580e-01 3.497791733760000632e-01 7.560434914876121848e-01 2.000000000000000000e+00
7.682386666666664032e-01 1.376237499999999336e-01 4.547453333333324466e-01 6.823265000000000580e-01 3.497791733760000632e-01 9.677039927876576186e-01 2.000000000000000000e+00
7.682386666666664032e-01 1.376237499999999336e-01 4.547453333333324466e-01 6.823265000000000580e-01 3.497791733760000632e-01 1.179364494087703052e+00 2.000000000000000000e+00
7.682386666666664032e-01 1.376237499999999336e-01 4.547453333333324466e-01 6.823265000000000580e-01 3.497791733760000632e-01 1.391024995387748486e+00 2.000000000000000000e+00
7.682386666666664032e-01 1.376237499999999336e-01 4.547453333333324466e-01 6.823265000000000580e-01 3.497791733760000632e-01 1.602685496687793698e+00 2.000000000000000000e+00
7.682386666666664032e-01 1.376237499999999336e-01 4.547453333333324466e-01 6.823265000000000580e-01 3.497791733760000632e-01 1.814345997987839354e+00 2.000000000000000000e+00
7.682386666666664032e-01 1.376237499999999336e-01 4.547453333333324466e-01 6.823265000000000580e-01 3.497791733760000632e-01 5.000000000000000278e-02 3.000000000000000000e+00
7.682386666666664032e-01 1.376237499999999336e-01 4.547453333333324466e-01 6.823265000000000580e-01 3.497791733760000632e-01 1.500000000000000222e-01 3.000000000000000000e+00
7.682386666666664032e-01 1.376237499999999336e-01 4.547453333333324466e-01 6.823265000000000580e-01 3.497791733760000632e-01 2.500000000000000000e-01 3.000000000000000000e+00
7.682386666666664032e-01 1.376237499999999336e-01 4.547453333333324466e-01 6.823265000000000580e-01 3.497791733760000632e-01 3.499999999999999778e-01 3.000000000000000000e+00
7.682386666666664032e-01 1.376237499999999336e-01 4.547453333333324466e-01 6.823265000000000580e-01 3.497791733760000632e-01 4.500000000000000111e-01 3.000000000000000000e+00
7.682386666666664032e-01 1.376237499999999336e-01 4.547453333333324466e-01 6.823265000000000580e-01 3.497791733760000632e-01 5.500000000000000444e-01 3.000000000000000000e+00
7.682386666666664032e-01 1.376237499999999336e-01 4.547453333333324466e-01 6.823265000000000580e-01 3.497791733760000632e-01 6.500000000000000222e-01 3.000000000000000000e+00
7.682386666666664032e-01 1.376237499999999336e-01 4.547453333333324466e-01 6.823265000000000580e-01 3.497791733760000632e-01 7.500000000000000000e-01 3.000000000000000000e+00
7.682386666666664032e-01 1.376237499999999336e-01 4.547453333333324466e-01 6.823265000000000580e-01 3.497791733760000632e-01 8.499999999999999778e-01 3.000000000000000000e+00
7.682386666666664032e-01 1.376237499999999336e-01 4.547453333333324466e-01 6.823265000000000580e-01 3.497791733760000632e-01 9.499999999999999556e-01 3.000000000000000000e+00
