9.640189012339253497e-04
9.445830523886246128e-04
1.012757649724263086e-03
1.310612313583179450e-03
6.057487584384671150e-03
8.837721210841303909e-02
1.850529700178319206e-02
3.429855896287118192e-03
2.364283352361860619e-03
1.828045564278435540e-03
1.614430464079897373e-03
1.405712126300083607e-03
1.347585651338708982e-03
1.472288883024970400e-03
4.169400296928195762e-03
5.894221503130653295e-02
1.796053020267748823e-01
2.324632200650136177e-02
8.407631825900707678e-03
3.612450295149328278e-03
3.358126865706347660e-03
3.449576843907085476e-03
4.995247880521419201e-03
8.433482412151728502e-03
1.591859664715921524e-02
6.310194374476199575e-02
3.374378565148467447e-03
3.018821398833638949e-03
3.116318497668057672e-03
3.623213734609154885e-03
3.918718732325823101e-03
4.985780080027935220e-03
6.641325318029337246e-03
8.162616009370021394e-03
3.702045386416836364e-02
nan
