5.399485082516514822e+00
5.721752101008531710e+00
5.319428796171580487e+00
4.308713776639003790e+00
2.702430536445525444e+00
3.010299956639811980e-01
1.462397997898956081e+00
3.070776462843434640e+00
3.600319329751660913e+00
3.929163383205064530e+00
4.207041620935394022e+00
4.402673981154293870e+00
4.460627263651389285e+00
4.158272004652084242e+00
3.231214647962600939e+00
1.531478917042255139e+00
3.010299956639811980e-01
1.755874855672491464e+00
2.632457292184724018e+00
3.350441856535061103e+00
3.792881745385396908e+00
3.945517822077839742e+00
3.758230408457749583e+00
3.256477206241676914e+00
2.396199347095736343e+00
6.989700043360188575e-01
3.517987203025078280e+00
3.849357981661298833e+00
3.932423026376739017e+00
3.998956440470486040e+00
3.999913132416571315e+00
3.891648943870559041e+00
3.558828524817011729e+00
2.858537197569638977e+00
1.612783856719735454e+00
-inf
