1.065342984938743133e-03
1.109828640493714259e-03
1.090914721337126652e-03
1.539802101548617876e-03
5.581559544593218437e-03
7.157539290195071013e-02
2.162137360502237871e-02
3.960425115000732951e-03
2.536705174062779591e-03
2.275025451617505943e-03
1.768282317109307706e-03
1.571509769237382790e-03
1.234436646934224720e-03
1.007033307061597563e-03
3.214277702356488700e-03
2.747573139162983250e-02
nan
1.749353073143180073e-02
7.032527097781458500e-03
3.337760730083814530e-03
2.412211578168990591e-03
2.089238649927561628e-03
2.453310175507008445e-03
5.580060314755603927e-03
1.478879709783818656e-02
8.306723754500550116e-02
2.703987949362415648e-03
2.143472541584142983e-03
2.380660214998871291e-03
2.416933623008282132e-03
2.652423793233380997e-03
2.234590646102471278e-03
3.171179243823621114e-03
8.785951452651086929e-03
3.147698196603948562e-02
nan
