1.038858722012971471e-03
1.082828958315412357e-03
1.081872902414583596e-03
1.413051367668116242e-03
5.146357001788223924e-03
8.837721210841303909e-02
1.259881576697424177e-01
4.680415306744754866e-03
2.975776707573122778e-03
2.176270832404316163e-03
1.706203933355163660e-03
1.598578760726561193e-03
1.320391316224466720e-03
1.212098586162436292e-03
2.875475080677808784e-03
2.626413758659758638e-02
5.454545454545454281e-02
1.752362369979204235e-02
7.226861799711774455e-03
3.293745667303910746e-03
2.600342742794513242e-03
2.213734524434675562e-03
2.719952108281979610e-03
3.781226899833095567e-03
1.486677091499775082e-02
1.234319936795639366e-01
2.425052993644333504e-03
2.251991598600082325e-03
2.346629322998587761e-03
1.893498178829930651e-03
2.032174998108529293e-03
2.583859934398425370e-03
3.651166765944827922e-03
7.988809124745081813e-03
3.300371816344328801e-02
nan
