4.445900000000004293e-01 7.651462499999999167e-01 8.982480000000004905e-01 2.339544999999998431e-01 3.317787659919999577e-01 1.666666666666666574e-01 0.000000000000000000e+00
4.445900000000004293e-01 7.651462499999999167e-01 8.982480000000004905e-01 2.339544999999998431e-01 3.317787659919999577e-01 3.333333333333333148e-01 0.000000000000000000e+00
4.445900000000004293e-01 7.651462499999999167e-01 8.982480000000004905e-01 2.339544999999998431e-01 3.317787659919999577e-01 5.000000000000000000e-01 0.000000000000000000e+00
4.445900000000004293e-01 7.651462499999999167e-01 8.982480000000004905e-01 2.339544999999998431e-01 3.317787659919999577e-01 6.666666666666666297e-01 0.000000000000000000e+00
4.445900000000004293e-01 7.651462499999999167e-01 8.982480000000004905e-01 2.339544999999998431e-01 3.317787659919999577e-01 8.333333333333333703e-01 0.000000000000000000e+00
4.445900000000004293e-01 7.651462499999999167e-01 8.982480000000004905e-01 2.339544999999998431e-01 3.317787659919999577e-01 1.000000000000000000e+00 0.000000000000000000e+00
4.445900000000004293e-01 7.651462499999999167e-01 8.982480000000004905e-01 2.339544999999998431e-01 3.317787659919999577e-01 -5.259907869657564072e-01 1.000000000000000000e+00
4.445900000000004293e-01 7.651462499999999167e-01 8.982480000000004905e-01 2.339544999999998431e-01 3.317787659919999577e-01 -3.339818049354021379e-01 1.000000000000000000e+00
4.445900000000004293e-01 7.651462499999999167e-01 8.982480000000004905e-01 2.339544999999998431e-01 3.317787659919999577e-01 -1.419728229050478685e-01 1.000000000000000000e+00
4.445900000000004293e-01 7.651462499999999167e-01 8.982480000000004905e-01 2.339544999999998431e-01 3.317787659919999577e-01 5.003615912530633841e-02 1.000000000000000000e+00
4.445900000000004293e-01 7.651462499999999167e-01 8.982480000000004905e-01 2.339544999999998431e-01 3.317787659919999577e-01 2.420451411556605592e-01 1.000000000000000000e+00
4.445900000000004293e-01 7.651462499999999167e-01 8.982480000000004905e-01 2.339544999999998431e-01 3.317787659919999577e-01 4.340541231860147731e-01 1.000000000000000000e+00
4.445900000000004293e-01 7.651462499999999167e-01 8.982480000000004905e-01 2.339544999999998431e-01 3.317787659919999577e-01 6.260631052163689869e-01 1.000000000000000000e+00
4.445900000000004293e-01 7.651462499999999167e-01 8.982480000000004905e-01 2.339544999999998431e-01 3.317787659919999577e-01 8.180720872467233118e-01 1.000000000000000000e+00
4.445900000000004293e-01 7.651462499999999167e-01 8.982480000000004905e-01 2.339544999999998431e-01 3.317787659919999577e-01 1.010081069277077415e+00 1.000000000000000000e+00
4.445900000000004293e-01 7.651462499999999167e-01 8.982480000000004905e-01 2.339544999999998431e-01 3.317787659919999577e-01 1.202090051307431740e+00 1.000000000000000000e+00
4.445900000000004293e-01 7.651462499999999167e-01 8.982480000000004905e-01 2.339544999999998431e-01 3.317787659919999577e-01 -4.477495229143036576e-02 2.000000000000000000e+00
4.445900000000004293e-01 7.651462499999999167e-01 8.982480000000004905e-01 2.339544999999998431e-01 3.317787659919999577e-01 1.650126787641748860e-01 2.000000000000000000e+00
4.445900000000004293e-01 7.651462499999999167e-01 8.982480000000004905e-01 2.339544999999998431e-01 3.317787659919999577e-01 3.748003098197801308e-01 2.000000000000000000e+00
4.445900000000004293e-01 7.651462499999999167e-01 8.982480000000004905e-01 2.339544999999998431e-01 3.317787659919999577e-01 5.845879408753853479e-01 2.000000000000000000e+00
4.445900000000004293e-01 7.651462499999999167e-01 8.982480000000004905e-01 2.339544999999998431e-01 3.317787659919999577e-01 7.943755719309906205e-01 2.000000000000000000e+00
4.445900000000004293e-01 7.651462499999999167e-01 8.982480000000004905e-01 2.339544999999998431e-01 3.317787659919999577e-01 1.004163202986595671e+00 2.000000000000000000e+00
4.445900000000004293e-01 7.651462499999999167e-01 8.982480000000004905e-01 2.339544999999998431e-01 3.317787659919999577e-01 1.213950834042200944e+00 2.000000000000000000e+00
4.445900000000004293e-01 7.651462499999999167e-01 8.982480000000004905e-01 2.339544999999998431e-01 3.317787659919999577e-01 1.423738465097806216e+00 2.000000000000000000e+00
4.445900000000004293e-01 7.651462499999999167e-01 8.982480000000004905e-01 2.339544999999998431e-01 3.317787659919999577e-01 1.633526096153411489e+00 2.000000000000000000e+00
4.445900000000004293e-01 7.651462499999999167e-01 8.982480000000004905e-01 2.339544999999998431e-01 3.317787659919999577e-01 1.843313727209016761e+00 2.000000000000000000e+00
4.445900000000004293e-01 7.651462499999999167e-01 8.982480000000004905e-01 2.339544999999998431e-01 3.317787659919999577e-01 5.000000000000000278e-02 3.000000000000000000e+00
4.445900000000004293e-01 7.651462499999999167e-01 8.982480000000004905e-01 2.339544999999998431e-01 3.317787659919999577e-01 1.500000000000000222e-01 3.000000000000000000e+00
4.445900000000004293e-01 7.651462499999999167e-01 8.982480000000004905e-01 2.339544999999998431e-01 3.317787659919999577e-01 2.500000000000000000e-01 3.000000000000000000e+00
4.445900000000004293e-01 7.651462499999999167e-01 8.982480000000004905e-01 2.339544999999998431e-01 3.317787659919999577e-01 3.499999999999999778e-01 3.000000000000000000e+00
4.445900000000004293e-01 7.651462499999999167e-01 8.982480000000004905e-01 2.339544999999998431e-01 3.317787659919999577e-01 4.500000000000000111e-01 3.000000000000000000e+00
4.445900000000004293e-01 7.651462499999999167e-01 8.982480000000004905e-01 2.339544999999998431e-01 3.317787659919999577e-01 5.500000000000000444e-01 3.000000000000000000e+00
4.445900000000004293e-01 7.651462499999999167e-01 8.982480000000004905e-01 2.339544999999998431e-01 3.317787659919999577e-01 6.500000000000000222e-01 3.000000000000000000e+00
4.445900000000004293e-01 7.651462499999999167e-01 8.982480000000004905e-01 2.339544999999998431e-01 3.317787659919999577e-01 7.500000000000000000e-01 3.000000000000000000e+00
4.445900000000004293e-01 7.651462499999999167e-01 8.982480000000004905e-01 2.339544999999998431e-01 3.317787659919999577e-01 8.499999999999999778e-01 3.000000000000000000e+00
4.445900000000004293e-01 7.651462499999999167e-01 8.982480000000004905e-01 2.339544999999998431e-01 3.317787659919999577e-01 9.499999999999999556e-01 3.000000000000000000e+00
