8.409847509034693112e-04
8.560692520127913784e-04
8.777951844952078557e-04
1.236216811995853853e-03
5.413951827940828923e-03
1.259881576697424177e-01
nan
nan
5.548163742701514058e-03
2.199709571325078172e-03
1.855409257414028165e-03
1.651542914662082169e-03
1.257327753914957730e-03
8.057471120809164833e-04
2.233852292118768991e-03
2.252103850084469228e-02
8.837721210841303909e-02
1.649327641248203233e-02
5.986853910162188118e-03
3.466430620505272110e-03
2.324705126017655773e-03
2.247016921491830875e-03
2.558012043673176753e-03
4.457488563256516850e-03
1.179596396986647838e-02
8.387226833605038179e-02
2.750695736999309287e-03
2.220749900745667017e-03
2.154467132730922795e-03
2.113389232948700500e-03
2.352554616396795341e-03
2.640256352837612539e-03
2.943033285775364157e-03
5.390269830577895140e-03
3.406489987104676515e-02
nan
