3.079613333333336977e-01 6.620597499999999469e-01 4.851973333333325367e-01 2.376444999999999252e-01 6.049152006240001711e-01 1.666666666666666574e-01 0.000000000000000000e+00
3.079613333333336977e-01 6.620597499999999469e-01 4.851973333333325367e-01 2.376444999999999252e-01 6.049152006240001711e-01 3.333333333333333148e-01 0.000000000000000000e+00
3.079613333333336977e-01 6.620597499999999469e-01 4.851973333333325367e-01 2.376444999999999252e-01 6.049152006240001711e-01 5.000000000000000000e-01 0.000000000000000000e+00
3.079613333333336977e-01 6.620597499999999469e-01 4.851973333333325367e-01 2.376444999999999252e-01 6.049152006240001711e-01 6.666666666666666297e-01 0.000000000000000000e+00
3.079613333333336977e-01 6.620597499999999469e-01 4.851973333333325367e-01 2.376444999999999252e-01 6.049152006240001711e-01 8.333333333333333703e-01 0.000000000000000000e+00
3.079613333333336977e-01 6.620597499999999469e-01 4.851973333333325367e-01 2.376444999999999252e-01 6.049152006240001711e-01 1.000000000000000000e+00 0.000000000000000000e+00
3.079613333333336977e-01 6.620597499999999469e-01 4.851973333333325367e-01 2.376444999999999252e-01 6.049152006240001711e-01 -5.330281737305615497e-01 1.000000000000000000e+00
3.079613333333336977e-01 6.620597499999999469e-01 4.851973333333325367e-01 2.376444999999999252e-01 6.049152006240001711e-01 -3.402012456551721797e-01 1.000000000000000000e+00
3.079613333333336977e-01 6.620597499999999469e-01 4.851973333333325367e-01 2.376444999999999252e-01 6.049152006240001711e-01 -1.473743175797829486e-01 1.000000000000000000e+00
3.079613333333336977e-01 6.620597499999999469e-01 4.851973333333325367e-01 2.376444999999999252e-01 6.049152006240001711e-01 4.545261049560637978e-02 1.000000000000000000e+00
3.079613333333336977e-01 6.620597499999999469e-01 4.851973333333325367e-01 2.376444999999999252e-01 6.049152006240001711e-01 2.382795385709957081e-01 1.000000000000000000e+00
3.079613333333336977e-01 6.620597499999999469e-01 4.851973333333325367e-01 2.376444999999999252e-01 6.049152006240001711e-01 4.311064666463848560e-01 1.000000000000000000e+00
3.079613333333336977e-01 6.620597499999999469e-01 4.851973333333325367e-01 2.376444999999999252e-01 6.049152006240001711e-01 6.239333947217742260e-01 1.000000000000000000e+00
3.079613333333336977e-01 6.620597499999999469e-01 4.851973333333325367e-01 2.376444999999999252e-01 6.049152006240001711e-01 8.167603227971635960e-01 1.000000000000000000e+00
3.079613333333336977e-01 6.620597499999999469e-01 4.851973333333325367e-01 2.376444999999999252e-01 6.049152006240001711e-01 1.009587250872552744e+00 1.000000000000000000e+00
3.079613333333336977e-01 6.620597499999999469e-01 4.851973333333325367e-01 2.376444999999999252e-01 6.049152006240001711e-01 1.202414178947942114e+00 1.000000000000000000e+00
3.079613333333336977e-01 6.620597499999999469e-01 4.851973333333325367e-01 2.376444999999999252e-01 6.049152006240001711e-01 -5.993437852141558081e-02 2.000000000000000000e+00
3.079613333333336977e-01 6.620597499999999469e-01 4.851973333333325367e-01 2.376444999999999252e-01 6.049152006240001711e-01 1.454531141194089494e-01 2.000000000000000000e+00
3.079613333333336977e-01 6.620597499999999469e-01 4.851973333333325367e-01 2.376444999999999252e-01 6.049152006240001711e-01 3.508406067602333755e-01 2.000000000000000000e+00
3.079613333333336977e-01 6.620597499999999469e-01 4.851973333333325367e-01 2.376444999999999252e-01 6.049152006240001711e-01 5.562280994010578850e-01 2.000000000000000000e+00
3.079613333333336977e-01 6.620597499999999469e-01 4.851973333333325367e-01 2.376444999999999252e-01 6.049152006240001711e-01 7.616155920418823388e-01 2.000000000000000000e+00
3.079613333333336977e-01 6.620597499999999469e-01 4.851973333333325367e-01 2.376444999999999252e-01 6.049152006240001711e-01 9.670030846827067927e-01 2.000000000000000000e+00
3.079613333333336977e-01 6.620597499999999469e-01 4.851973333333325367e-01 2.376444999999999252e-01 6.049152006240001711e-01 1.172390577323531469e+00 2.000000000000000000e+00
3.079613333333336977e-01 6.620597499999999469e-01 4.851973333333325367e-01 2.376444999999999252e-01 6.049152006240001711e-01 1.377778069964355812e+00 2.000000000000000000e+00
3.079613333333336977e-01 6.620597499999999469e-01 4.851973333333325367e-01 2.376444999999999252e-01 6.049152006240001711e-01 1.583165562605180376e+00 2.000000000000000000e+00
3.079613333333336977e-01 6.620597499999999469e-01 4.851973333333325367e-01 2.376444999999999252e-01 6.049152006240001711e-01 1.788553055246004941e+00 2.000000000000000000e+00
3.079613333333336977e-01 6.620597499999999469e-01 4.851973333333325367e-01 2.376444999999999252e-01 6.049152006240001711e-01 5.000000000000000278e-02 3.000000000000000000e+00
3.079613333333336977e-01 6.620597499999999469e-01 4.851973333333325367e-01 2.376444999999999252e-01 6.049152006240001711e-01 1.500000000000000222e-01 3.000000000000000000e+00
3.079613333333336977e-01 6.620597499999999469e-01 4.851973333333325367e-01 2.376444999999999252e-01 6.049152006240001711e-01 2.500000000000000000e-01 3.000000000000000000e+00
3.079613333333336977e-01 6.620597499999999469e-01 4.851973333333325367e-01 2.376444999999999252e-01 6.049152006240001711e-01 3.499999999999999778e-01 3.000000000000000000e+00
3.079613333333336977e-01 6.620597499999999469e-01 4.851973333333325367e-01 2.376444999999999252e-01 6.049152006240001711e-01 4.500000000000000111e-01 3.000000000000000000e+00
3.079613333333336977e-01 6.620597499999999469e-01 4.851973333333325367e-01 2.376444999999999252e-01 6.049152006240001711e-01 5.500000000000000444e-01 3.000000000000000000e+00
3.079613333333336977e-01 6.620597499999999469e-01 4.851973333333325367e-01 2.376444999999999252e-01 6.049152006240001711e-01 6.500000000000000222e-01 3.000000000000000000e+00
3.079613333333336977e-01 6.620597499999999469e-01 4.851973333333325367e-01 2.376444999999999252e-01 6.049152006240001711e-01 7.500000000000000000e-01 3.000000000000000000e+00
3.079613333333336977e-01 6.620597499999999469e-01 4.851973333333325367e-01 2.376444999999999252e-01 6.049152006240001711e-01 8.499999999999999778e-01 3.000000000000000000e+00
3.079613333333336977e-01 6.620597499999999469e-01 4.851973333333325367e-01 2.376444999999999252e-01 6.049152006240001711e-01 9.499999999999999556e-01 3.000000000000000000e+00
