1.045438194070042901e-03
1.078178051854519759e-03
1.091557580399767470e-03
1.414375211056668937e-03
5.423324730048971129e-03
8.837721210841303909e-02
1.778632856699759526e-02
3.646947521317180606e-03
2.685210258677873333e-03
2.025125506843113501e-03
1.553779244845759694e-03
1.583968013855819538e-03
1.261121445024056698e-03
1.146070714246975267e-03
3.183525961117999407e-03
2.871859394392555637e-02
7.826882628945545928e-02
9.126083613611073522e-03
6.065116819616876709e-03
3.215509637777390871e-03
2.365370623104718316e-03
2.864393281196625680e-03
2.404954238371325229e-03
4.947876180669609839e-03
1.686619324067095346e-02
1.363932674792205924e-01
2.918507699656411672e-03
2.407415071698172128e-03
1.877469886061750980e-03
2.154275608947001965e-03
2.737267294485522164e-03
2.118718758500926034e-03
3.038321402222285937e-03
7.221494256895194530e-03
2.956475836799554724e-02
nan
