7.988796253212879749e-04
7.914286871379455548e-04
8.281258804228461496e-04
1.098538267585039228e-03
6.106345677801512835e-03
1.259881576697424177e-01
nan
nan
3.881596477778473647e-03
2.065498669283655653e-03
1.494104901692713339e-03
1.178389584503529734e-03
1.172779703724171479e-03
9.625440827568689222e-04
2.463116318284274808e-03
2.123686099559149443e-02
9.184793602843671634e-02
1.474221851890663779e-02
5.995645837073524179e-03
3.257877097589163048e-03
2.170645787711667288e-03
2.097416690407669353e-03
2.691573404549057937e-03
5.496705514290029133e-03
1.506740393363044210e-02
7.536140031977593690e-02
3.268434412852340605e-03
1.763523933101995324e-03
1.878402849343624881e-03
2.224783903817824544e-03
1.919832602644403786e-03
2.147909829092534573e-03
3.547118211911910474e-03
8.267602600680094838e-03
3.761190711344397641e-02
nan
