9.490723553044638251e-04
9.877830889191249915e-04
1.000114071126342527e-03
1.298874425939045745e-03
5.254888791789924518e-03
7.157539290195071013e-02
nan
6.102905486364233224e-03
2.871321454636472162e-03
2.067726269040148432e-03
1.708710618492837461e-03
1.404599270201472173e-03
1.219807713998154923e-03
1.208862637685696566e-03
3.973603846536681063e-03
4.935121192110484417e-02
1.082219940677494607e-01
1.773378249147183894e-02
7.479480822378225570e-03
3.387650524325429725e-03
2.605640036911999278e-03
2.061316133757057183e-03
3.228963374151449465e-03
4.172600409227090849e-03
1.159938783967538745e-02
7.407407407407406996e-02
2.548369571742834915e-03
2.405807870103980010e-03
2.091601862665246753e-03
2.426267222503146297e-03
2.241134632570437098e-03
2.348723241486827974e-03
3.269262642052382390e-03
7.199358207977762936e-03
2.795588746824769280e-02
nan
