9.237599999999995815e-01 1.953574999999999340e-01 6.160973333333330526e-01 7.446557500000000607e-01 1.535903242079998954e-01 1.666666666666666574e-01 0.000000000000000000e+00
9.237599999999995815e-01 1.953574999999999340e-01 6.160973333333330526e-01 7.446557500000000607e-01 1.535903242079998954e-01 3.333333333333333148e-01 0.000000000000000000e+00
9.237599999999995815e-01 1.953574999999999340e-01 6.160973333333330526e-01 7.446557500000000607e-01 1.535903242079998954e-01 5.000000000000000000e-01 0.000000000000000000e+00
9.237599999999995815e-01 1.953574999999999340e-01 6.160973333333330526e-01 7.446557500000000607e-01 1.535903242079998954e-01 6.666666666666666297e-01 0.000000000000000000e+00
9.237599999999995815e-01 1.953574999999999340e-01 6.160973333333330526e-01 7.446557500000000607e-01 1.535903242079998954e-01 8.333333333333333703e-01 0.000000000000000000e+00
9.237599999999995815e-01 1.953574999999999340e-01 6.160973333333330526e-01 7.446557500000000607e-01 1.535903242079998954e-01 1.000000000000000000e+00 0.000000000000000000e+00
9.237599999999995815e-01 1.953574999999999340e-01 6.160973333333330526e-01 7.446557500000000607e-01 1.535903242079998954e-01 -5.793494078102836564e-01 1.000000000000000000e+00
9.237599999999995815e-01 1.953574999999999340e-01 6.160973333333330526e-01 7.446557500000000607e-01 1.535903242079998954e-01 -3.840804585811014027e-01 1.000000000000000000e+00
9.237599999999995815e-01 1.953574999999999340e-01 6.160973333333330526e-01 7.446557500000000607e-01 1.535903242079998954e-01 -1.888115093519193155e-01 1.000000000000000000e+00
9.237599999999995815e-01 1.953574999999999340e-01 6.160973333333330526e-01 7.446557500000000607e-01 1.535903242079998954e-01 6.457439877262841077e-03 1.000000000000000000e+00
9.237599999999995815e-01 1.953574999999999340e-01 6.160973333333330526e-01 7.446557500000000607e-01 1.535903242079998954e-01 2.017263891064449699e-01 1.000000000000000000e+00
9.237599999999995815e-01 1.953574999999999340e-01 6.160973333333330526e-01 7.446557500000000607e-01 1.535903242079998954e-01 3.969953383356270571e-01 1.000000000000000000e+00
9.237599999999995815e-01 1.953574999999999340e-01 6.160973333333330526e-01 7.446557500000000607e-01 1.535903242079998954e-01 5.922642875648091998e-01 1.000000000000000000e+00
9.237599999999995815e-01 1.953574999999999340e-01 6.160973333333330526e-01 7.446557500000000607e-01 1.535903242079998954e-01 7.875332367939913425e-01 1.000000000000000000e+00
9.237599999999995815e-01 1.953574999999999340e-01 6.160973333333330526e-01 7.446557500000000607e-01 1.535903242079998954e-01 9.828021860231734852e-01 1.000000000000000000e+00
9.237599999999995815e-01 1.953574999999999340e-01 6.160973333333330526e-01 7.446557500000000607e-01 1.535903242079998954e-01 1.178071135252355628e+00 1.000000000000000000e+00
9.237599999999995815e-01 1.953574999999999340e-01 6.160973333333330526e-01 7.446557500000000607e-01 1.535903242079998954e-01 -7.425798054201453169e-02 2.000000000000000000e+00
9.237599999999995815e-01 1.953574999999999340e-01 6.160973333333330526e-01 7.446557500000000607e-01 1.535903242079998954e-01 1.399664156784950486e-01 2.000000000000000000e+00
9.237599999999995815e-01 1.953574999999999340e-01 6.160973333333330526e-01 7.446557500000000607e-01 1.535903242079998954e-01 3.541908118990046428e-01 2.000000000000000000e+00
9.237599999999995815e-01 1.953574999999999340e-01 6.160973333333330526e-01 7.446557500000000607e-01 1.535903242079998954e-01 5.684152081195141815e-01 2.000000000000000000e+00
9.237599999999995815e-01 1.953574999999999340e-01 6.160973333333330526e-01 7.446557500000000607e-01 1.535903242079998954e-01 7.826396043400237756e-01 2.000000000000000000e+00
9.237599999999995815e-01 1.953574999999999340e-01 6.160973333333330526e-01 7.446557500000000607e-01 1.535903242079998954e-01 9.968640005605333698e-01 2.000000000000000000e+00
9.237599999999995815e-01 1.953574999999999340e-01 6.160973333333330526e-01 7.446557500000000607e-01 1.535903242079998954e-01 1.211088396781042853e+00 2.000000000000000000e+00
9.237599999999995815e-01 1.953574999999999340e-01 6.160973333333330526e-01 7.446557500000000607e-01 1.535903242079998954e-01 1.425312793001552336e+00 2.000000000000000000e+00
9.237599999999995815e-01 1.953574999999999340e-01 6.160973333333330526e-01 7.446557500000000607e-01 1.535903242079998954e-01 1.639537189222062041e+00 2.000000000000000000e+00
9.237599999999995815e-01 1.953574999999999340e-01 6.160973333333330526e-01 7.446557500000000607e-01 1.535903242079998954e-01 1.853761585442571747e+00 2.000000000000000000e+00
9.237599999999995815e-01 1.953574999999999340e-01 6.160973333333330526e-01 7.446557500000000607e-01 1.535903242079998954e-01 5.000000000000000278e-02 3.000000000000000000e+00
9.237599999999995815e-01 1.953574999999999340e-01 6.160973333333330526e-01 7.446557500000000607e-01 1.535903242079998954e-01 1.500000000000000222e-01 3.000000000000000000e+00
9.237599999999995815e-01 1.953574999999999340e-01 6.160973333333330526e-01 7.446557500000000607e-01 1.535903242079998954e-01 2.500000000000000000e-01 3.000000000000000000e+00
9.237599999999995815e-01 1.953574999999999340e-01 6.160973333333330526e-01 7.446557500000000607e-01 1.535903242079998954e-01 3.499999999999999778e-01 3.000000000000000000e+00
9.237599999999995815e-01 1.953574999999999340e-01 6.160973333333330526e-01 7.446557500000000607e-01 1.535903242079998954e-01 4.500000000000000111e-01 3.000000000000000000e+00
9.237599999999995815e-01 1.953574999999999340e-01 6.160973333333330526e-01 7.446557500000000607e-01 1.535903242079998954e-01 5.500000000000000444e-01 3.000000000000000000e+00
9.237599999999995815e-01 1.953574999999999340e-01 6.160973333333330526e-01 7.446557500000000607e-01 1.535903242079998954e-01 6.500000000000000222e-01 3.000000000000000000e+00
9.237599999999995815e-01 1.953574999999999340e-01 6.160973333333330526e-01 7.446557500000000607e-01 1.535903242079998954e-01 7.500000000000000000e-01 3.000000000000000000e+00
9.237599999999995815e-01 1.953574999999999340e-01 6.160973333333330526e-01 7.446557500000000607e-01 1.535903242079998954e-01 8.499999999999999778e-01 3.000000000000000000e+00
9.237599999999995815e-01 1.953574999999999340e-01 6.160973333333330526e-01 7.446557500000000607e-01 1.535903242079998954e-01 9.499999999999999556e-01 3.000000000000000000e+00
