5.420297615643413280e+00
5.741562594883891535e+00
5.338716612620898694e+00
4.337061287719301106e+00
2.728759475167874538e+00
2.941905711336757490e-01
1.725554335292663000e+00
3.150286211231916322e+00
3.630831342406390494e+00
3.977825024065126502e+00
4.226963812615057492e+00
4.422776500402344269e+00
4.482772230451452344e+00
4.164238038877820181e+00
3.229345818716366168e+00
1.439579381983389750e+00
5.917600346881504159e-01
1.986841685862096085e+00
2.889231649359629728e+00
3.543361741790803432e+00
3.926109220876779826e+00
3.931905791860945687e+00
3.587114382468441942e+00
2.885087225559265001e+00
1.549079931543491329e+00
-2.802872360024354081e-02
3.511847864306190559e+00
3.831496842111057344e+00
3.956581840291447882e+00
4.018491803103786175e+00
4.028554732515669201e+00
3.922684108543953219e+00
3.568405251907275311e+00
2.869534226638034813e+00
1.682229714919310837e+00
-inf
