5.386638060192078470e+00
5.711268031986739047e+00
5.306585847579150972e+00
4.296533565928987386e+00
2.667452952889953988e+00
6.020599913279623960e-01
-inf
2.178976947293169264e+00
3.358125285276648775e+00
3.809088131346346273e+00
4.131394081817372665e+00
4.380916397460698164e+00
4.494627605962075556e+00
4.261120063568900385e+00
3.306639441024261661e+00
1.301029995663981254e+00
0.000000000000000000e+00
1.869231719730976238e+00
2.659916200069850412e+00
3.390405156480080784e+00
3.831741833645638362e+00
3.929674317948587792e+00
3.693199145153717389e+00
3.157154439906281418e+00
2.198657086954422635e+00
8.450980400142568127e-01
3.492201451392539902e+00
3.827950528302630051e+00
3.924072429910362647e+00
3.987621582125483677e+00
3.993083360698062023e+00
3.875061263391700095e+00
3.535673803425749995e+00
2.831229693867063357e+00
1.602059991327962507e+00
-inf
5.369811212094314001e+00
5.692559643755581433e+00
5.290544329747222108e+00
4.275357431087598137e+00
2.664641975556125697e+00
-inf
1.838849090737255221e+00
3.168792020314181723e+00
3.629205657102303917e+00
3.965530943622860516e+00
4.220892249219518888e+00
4.398963736125520718e+00
4.409459704087447918e+00
4.025756314534413960e+00
2.979548374704095171e+00
6.989700043360188575e-01
4.771212547196624354e-01
1.819543935541868773e+00
2.741151598851784943e+00
3.434888120867316097e+00
3.834674974462743968e+00
3.902220528279314760e+00
3.633872262658332630e+00
3.040206627574711273e+00
1.968482948553935019e+00
3.010299956639811980e-01
3.498586208817517473e+00
3.824711443464734462e+00
3.914396052129786252e+00
3.971090213137115299e+00
3.964353929292193435e+00
3.859618578772180619e+00
3.518777068926774998e+00
2.826074802700826449e+00
1.716003343634799228e+00
-inf
5.407028699755234591e+00
5.732328610764381160e+00
5.327749113160683336e+00
4.313382057578149187e+00
2.677606952720493094e+00
4.771212547196624354e-01
1.612783856719735454e+00
3.129689892199301049e+00
3.623972512016996550e+00
3.954001167681570283e+00
4.225128287982087727e+00
4.417405256843686345e+00
4.463250773392775983e+00
4.147923538980606395e+00
3.225567713439470907e+00
1.414973347970817974e+00
-inf
1.857332496431268520e+00
2.718501688867274169e+00
3.374198257929082789e+00
3.817168572381055558e+00
3.944087679415434256e+00
3.750585527341008696e+00
3.245265839457461166e+00
2.426511261364575400e+00
8.450980400142568127e-01
3.526597709103452161e+00
3.851686315442427677e+00
3.938919812244771723e+00
4.006979190574276650e+00
4.005523692673279790e+00
3.898834838068274244e+00
3.550228353055094210e+00
2.836956737059550537e+00
1.623249290397900557e+00
-inf
5.404113284849477949e+00
5.725668293918335650e+00
5.323699574565694981e+00
4.313550871333505121e+00
2.749736315569061063e+00
0.000000000000000000e+00
-inf
6.989700043360188575e-01
3.069298012115529328e+00
3.683047038238849602e+00
4.058881339349561301e+00
4.349530063796263946e+00
4.517011052455844222e+00
4.406761529046542947e+00
3.567261692353874469e+00
1.763427993562937335e+00
0.000000000000000000e+00
1.913813852383716707e+00
2.762678563727436032e+00
3.481872410310663302e+00
3.882125919770031963e+00
3.939768775453349914e+00
3.652246341003323238e+00
3.051923916046106466e+00
1.995635194597549900e+00
-inf
3.516006230386047537e+00
3.844477175745681485e+00
3.944433317700214658e+00
4.002900068611387141e+00
4.007619774517403144e+00
3.891035415315310608e+00
3.550595207489327887e+00
2.821513528404773208e+00
1.518513939877887520e+00
-inf
5.417752274697971160e+00
5.741702196763838195e+00
5.337555095015743767e+00
4.326458757071222294e+00
2.755112266395071341e+00
-inf
6.020599913279623960e-01
2.987666264926274629e+00
3.562530768862261166e+00
3.931864513492031588e+00
4.214923284894897648e+00
4.423900918528416604e+00
4.493346500366718566e+00
4.203549596750741024e+00
3.282395504742525727e+00
1.579783596616810115e+00
6.020599913279623960e-01
2.143014800254094965e+00
2.892094602690480354e+00
3.500236474825638933e+00
3.867526411199743386e+00
3.920801381825654186e+00
3.691346764134821878e+00
3.188365926063148059e+00
2.290034611362517847e+00
8.450980400142568127e-01
3.527758752520972152e+00
3.857694257786549841e+00
3.958038016098337053e+00
4.019282495761731688e+00
4.024567757196037654e+00
3.913601949729157425e+00
3.557747741641468231e+00
2.860936620700093691e+00
1.681241237375587172e+00
-inf
5.414694307659899231e+00
5.736835356176902323e+00
5.334692949356299785e+00
4.322715347879686476e+00
2.741939077729198981e+00
3.010299956639811980e-01
-inf
2.281033367247727650e+00
3.340642377560705256e+00
3.815046176064630590e+00
4.129077324252736325e+00
4.374913236658887428e+00
4.511361894658184823e+00
4.353050239642589858e+00
3.522444233506319744e+00
1.785329835010767141e+00
0.000000000000000000e+00
1.869231719730976238e+00
2.803457115648413822e+00
3.448397103457767621e+00
3.863679667875898005e+00
3.940864975966721584e+00
3.713238461545661728e+00
3.142389466118836072e+00
2.149219112655379682e+00
3.010299956639811980e-01
3.514149134475437197e+00
3.852052808697850494e+00
3.955350957367659959e+00
4.026042721005138603e+00
4.026247181477773829e+00
3.907088745074295488e+00
3.546172368316942602e+00
2.850646235183066590e+00
1.643452676486187425e+00
-inf
5.380156951508159757e+00
5.707784715665935593e+00
5.301001765605170668e+00
4.284656282788515291e+00
2.683947130751512145e+00
4.771212547196624354e-01
-inf
2.113943352306836942e+00
3.294466226161592903e+00
3.784902449886654807e+00
4.116175891100349205e+00
4.367691297964658048e+00
4.482058517091312311e+00
4.285804763848632071e+00
3.396896449142523977e+00
1.414973347970817974e+00
6.989700043360188575e-01
1.963787827345555348e+00
2.838849090737255221e+00
3.483301952358166975e+00
3.869407749382201889e+00
3.899820502427096436e+00
3.625723909525755850e+00
3.051152522447381443e+00
2.096910013008056239e+00
4.771212547196624354e-01
3.506369717095504157e+00
3.834102655712793517e+00
3.934144811792477103e+00
3.976899950982937693e+00
3.978728177138491695e+00
3.873378736409140988e+00
3.515211304327801933e+00
2.827369273053825349e+00
1.681241237375587172e+00
-inf
5.383894321435953145e+00
5.709220760767269809e+00
5.304837221753816223e+00
4.288338669395163727e+00
2.676693609624866355e+00
3.010299956639811980e-01
1.785329835010767141e+00
3.179838928023186906e+00
3.642563437104387791e+00
3.964495339555092812e+00
4.233909453487780361e+00
4.412225275871112018e+00
4.429445420870020911e+00
4.049760551762475735e+00
3.038620161949702858e+00
8.450980400142568127e-01
9.030899869919435385e-01
2.049218022670181494e+00
2.878521795501206348e+00
3.498586208817517473e+00
3.868468099020986539e+00
3.899108858193399474e+00
3.613207352103759984e+00
3.020775488193558012e+00
2.021189299069938272e+00
6.020599913279623960e-01
3.504062882678691704e+00
3.828273112052069660e+00
3.927626962444954017e+00
3.982904117792628096e+00
3.975937042483110417e+00
3.886490725172481842e+00
3.520745471519482361e+00
2.846955325019823846e+00
1.690196080028513625e+00
-inf
5.358311833803623969e+00
5.683635909761035165e+00
5.278376286624125946e+00
4.267781659715359055e+00
2.638489256954637430e+00
0.000000000000000000e+00
1.041392685158224918e+00
3.011570443597278324e+00
3.545059584694002730e+00
3.901349325415642166e+00
4.180211922348941123e+00
4.377870612780742299e+00
4.420219877725148017e+00
4.110892600802217522e+00
3.157456768134225822e+00
8.450980400142568127e-01
6.989700043360188575e-01
1.908485018878649742e+00
2.755112266395071341e+00
3.411451342137937548e+00
3.820529848523519956e+00
3.897242102805365427e+00
3.623352681537991948e+00
3.039414119176137241e+00
2.068185861746161702e+00
0.000000000000000000e+00
3.494988973683168076e+00
3.811709026696191049e+00
3.902601130666531137e+00
3.951628893836638401e+00
3.958085848521085026e+00
3.840357059203356460e+00
3.503109436671369092e+00
2.802089257881732465e+00
1.633468455579586642e+00
-inf
5.404448836447327764e+00
5.729057823402329497e+00
5.324790550082335372e+00
4.311796229182406570e+00
2.704150516839799234e+00
0.000000000000000000e+00
1.556302500767287267e+00
3.104145550554008093e+00
3.628797485566710002e+00
3.962937288430001814e+00
4.226238917075984425e+00
4.410135859419269444e+00
4.463654135971827586e+00
4.140822180109310580e+00
3.224533062606085743e+00
1.462397997898956081e+00
-inf
1.806179973983887077e+00
2.625312450961673871e+00
3.339053735709139215e+00
3.788451207023455503e+00
3.943197630068926429e+00
3.764624397850981463e+00
3.306210508167761297e+00
2.518513939877887520e+00
1.230448921378273885e+00
3.515873843711679214e+00
3.845098040014256924e+00
3.945567053442388339e+00
4.010469569796391909e+00
4.005780899954652696e+00
3.897627091290441381e+00
3.546542663478131185e+00
2.836956737059550537e+00
1.707570176097936265e+00
-inf
5.399485082516514822e+00
5.721752101008531710e+00
5.319428796171580487e+00
4.308713776639003790e+00
2.702430536445525444e+00
3.010299956639811980e-01
1.462397997898956081e+00
3.070776462843434640e+00
3.600319329751660913e+00
3.929163383205064530e+00
4.207041620935394022e+00
4.402673981154293870e+00
4.460627263651389285e+00
4.158272004652084242e+00
3.231214647962600939e+00
1.531478917042255139e+00
3.010299956639811980e-01
1.755874855672491464e+00
2.632457292184724018e+00
3.350441856535061103e+00
3.792881745385396908e+00
3.945517822077839742e+00
3.758230408457749583e+00
3.256477206241676914e+00
2.396199347095736343e+00
6.989700043360188575e-01
3.517987203025078280e+00
3.849357981661298833e+00
3.932423026376739017e+00
3.998956440470486040e+00
3.999913132416571315e+00
3.891648943870559041e+00
3.558828524817011729e+00
2.858537197569638977e+00
1.612783856719735454e+00
-inf
5.406407317094649834e+00
5.731550087889149658e+00
5.326522239788287649e+00
4.315172357208987286e+00
2.698100545623389745e+00
3.010299956639811980e-01
1.146128035678237955e+00
2.985875357308393596e+00
3.595496221825574157e+00
3.939668983522326418e+00
4.219820207147237490e+00
4.424473273195334677e+00
4.478205636011882262e+00
4.146221088811880229e+00
3.170555058521208558e+00
1.204119982655924792e+00
8.450980400142568127e-01
1.973127853599698556e+00
2.822168079368017501e+00
3.475816413031318053e+00
3.867762024650200470e+00
3.927934681741179546e+00
3.684935082640889537e+00
3.128076012668715489e+00
2.164352855784437146e+00
4.771212547196624354e-01
3.524915147539867011e+00
3.848435455331471022e+00
3.943395576508954559e+00
4.006037954997316852e+00
4.006252051369364686e+00
3.893983567211847241e+00
3.554246808166110494e+00
2.859738566197147058e+00
1.662757831681574094e+00
-inf
5.391376239169649587e+00
5.714271905854779732e+00
5.310595611642295211e+00
4.304296603018355150e+00
2.695481676490197653e+00
0.000000000000000000e+00
7.781512503836436334e-01
2.980911937776843601e+00
3.556061159009532346e+00
3.919757780501894384e+00
4.202106711390236171e+00
4.407016791185453641e+00
4.466956545273077950e+00
4.148016208239872604e+00
3.178689239775589925e+00
1.361727836017592841e+00
-inf
1.698970004336018746e+00
2.631443769013172229e+00
3.347330015316950291e+00
3.796782411701308035e+00
3.919391926773859502e+00
3.745543201998024152e+00
3.238798562713916862e+00
2.376576957056511841e+00
9.030899869919435385e-01
3.516138576717074304e+00
3.831357785442067510e+00
3.937417581477137940e+00
3.986054780769695327e+00
3.989316304989951600e+00
3.882296800937651948e+00
3.547282307963303349e+00
2.845098040014256924e+00
1.740362689494243886e+00
-inf
5.384312187364088231e+00
5.707751520044719307e+00
5.303668986351919301e+00
4.295918791028891626e+00
2.702430536445525444e+00
4.771212547196624354e-01
-inf
2.603144372620182168e+00
3.441380884916511285e+00
3.854366778040869690e+00
4.164561029265557046e+00
4.404765318402314556e+00
4.479330527707677589e+00
4.173244559061566328e+00
3.131618664349125503e+00
7.781512503836436334e-01
3.010299956639811980e-01
1.778151250383643633e+00
2.675778341674085237e+00
3.344588742578713969e+00
3.804548308388056022e+00
3.919862253555538079e+00
3.728434950974254924e+00
3.233250009541100312e+00
2.394451680826216400e+00
8.450980400142568127e-01
3.515343893088380689e+00
3.827175348298692548e+00
3.927883410330706759e+00
3.979275147591023298e+00
3.982587790701662467e+00
3.875292825371007943e+00
3.528145078253106526e+00
2.842609239610562000e+00
1.724275869600789157e+00
-inf
5.430478187932044065e+00
5.752732019464235513e+00
5.349778571557760820e+00
4.341375163644694446e+00
2.775246259740236532e+00
3.010299956639811980e-01
-inf
1.278753600952828862e+00
3.187802638718419512e+00
3.752125307297898171e+00
4.115210976704168466e+00
4.391005718351710385e+00
4.549530474736012131e+00
4.392081119798159961e+00
3.500236474825638933e+00
1.556302500767287267e+00
9.030899869919435385e-01
2.184691430817598867e+00
2.968949680981342709e+00
3.565729787831127151e+00
3.912381498918800382e+00
3.929878523656783251e+00
3.651278013998144001e+00
3.073351702386900808e+00
2.071882007306125484e+00
0.000000000000000000e+00
3.514414920580369195e+00
3.852967691028818198e+00
3.971415023384995191e+00
4.037904357312403825e+00
4.042023927248867388e+00
3.940616082337407455e+00
3.591175950311791265e+00
2.876794976200700571e+00
1.690196080028513625e+00
-inf
5.378025229094085979e+00
5.703774423244031055e+00
5.298739577594848704e+00
4.283414311501195115e+00
2.678518379040113917e+00
0.000000000000000000e+00
-inf
2.008600171761917519e+00
3.312388949370591806e+00
3.774443968924964921e+00
4.115776876158963482e+00
4.373996384262326842e+00
4.489367774704733804e+00
4.267922291531117907e+00
3.306853748693008743e+00
1.301029995663981254e+00
3.010299956639811980e-01
1.913813852383716707e+00
2.820201459485640161e+00
3.454234895748265366e+00
3.844849800806638740e+00
3.907626304843266229e+00
3.635986111800832976e+00
3.052693941924967902e+00
2.093421685162235146e+00
3.010299956639811980e-01
3.506775536606643318e+00
3.829368107988820213e+00
3.920853496121259329e+00
3.984077033902830856e+00
3.973774193970580182e+00
3.872389388417820655e+00
3.515343893088380689e+00
2.837588438235511212e+00
1.633468455579586642e+00
-inf
5.404662700873721803e+00
5.729988842812518079e+00
5.324829609686000609e+00
4.312621582586981361e+00
2.710963118995275867e+00
3.010299956639811980e-01
0.000000000000000000e+00
2.844477175745681485e+00
3.518908573691414077e+00
3.896085085423285133e+00
4.185768733433612887e+00
4.401882822321281807e+00
4.485735618879806985e+00
4.223729509364877011e+00
3.328787200354534459e+00
1.462397997898956081e+00
8.450980400142568127e-01
1.977723605288847830e+00
2.823474229170300998e+00
3.443262987458695079e+00
3.847634344318255017e+00
3.926033596678844440e+00
3.687796411381294437e+00
3.184407485412320327e+00
2.315970345456917823e+00
6.989700043360188575e-01
3.529173603261722914e+00
3.848804701051803612e+00
3.940117866747718356e+00
4.007107382974057330e+00
4.007961033336182588e+00
3.896471100479277361e+00
3.549371152333177015e+00
2.854306041801080607e+00
1.633468455579586642e+00
-inf
5.348538501257993794e+00
5.671739185912464620e+00
5.269405524772127869e+00
4.252561786206329408e+00
2.664641975556125697e+00
-inf
1.698970004336018746e+00
3.070037866607755017e+00
3.595165414790229441e+00
3.924175870301920721e+00
4.189181397180736788e+00
4.373316665173873297e+00
4.397140170748577326e+00
4.043283665570575280e+00
3.068927611682071621e+00
1.079181246047624887e+00
0.000000000000000000e+00
1.806179973983887077e+00
2.720985744153739283e+00
3.418963830703622531e+00
3.808075868091306937e+00
3.891202827260295649e+00
3.628082260990679320e+00
3.042575512440190533e+00
1.995635194597549900e+00
3.010299956639811980e-01
3.482158695411276206e+00
3.802500067764393421e+00
3.898066660641634762e+00
3.949048292315664010e+00
3.952986065197055421e+00
3.839415192683893530e+00
3.484014962667562720e+00
2.840106094456757990e+00
1.556302500767287267e+00
-inf
5.403072454304505889e+00
5.725796512674295791e+00
5.322481860105255258e+00
4.315529533213848801e+00
2.694605198933568868e+00
-inf
-inf
2.385606273598312121e+00
3.377306251068199039e+00
3.815312043524359265e+00
4.139154658406904552e+00
4.380862195341201470e+00
4.500867417872138176e+00
4.300225806768157355e+00
3.431685344686011607e+00
1.724275869600789157e+00
3.010299956639811980e-01
2.075546961392531031e+00
2.816241299991783187e+00
3.431685344686011607e+00
3.846213363879387170e+00
3.921894470929102372e+00
3.688686724284123475e+00
3.197831693328903047e+00
2.322219294733919082e+00
4.771212547196624354e-01
3.519171463821658907e+00
3.851013606823669999e+00
3.936915680945253904e+00
3.998651595998373498e+00
4.002856926061120646e+00
3.892595422828898144e+00
3.550961752298176233e+00
2.882524537954880284e+00
1.568201724066994984e+00
-inf
5.407113751472993890e+00
5.731454185564370363e+00
5.327221982299631620e+00
4.316180098893452666e+00
2.690196080028513848e+00
4.771212547196624354e-01
-inf
2.749736315569061063e+00
3.498723970747904755e+00
3.885643871835763985e+00
4.190779770928019232e+00
4.410777233377209505e+00
4.499838234770692225e+00
4.213544318537667088e+00
3.250907699700856135e+00
1.322219294733919304e+00
-inf
1.819543935541868773e+00
2.689308859123620277e+00
3.371437317404101019e+00
3.824060717418653166e+00
3.953952883231923288e+00
3.742803658469165740e+00
3.234517283512686525e+00
2.296665190261530931e+00
6.020599913279623960e-01
3.525174427835271462e+00
3.849849195605258068e+00
3.944877305963695235e+00
4.006209240537657479e+00
4.008940661377087267e+00
3.893095666096228147e+00
3.544564097496043065e+00
2.840733234611806601e+00
1.633468455579586642e+00
-inf
5.375550225442674801e+00
5.699785711437349356e+00
5.295782544536226766e+00
4.284520967479148013e+00
2.645422269349091859e+00
0.000000000000000000e+00
1.568201724066994984e+00
3.088136088700551340e+00
3.604765884703887480e+00
3.929827481230691255e+00
4.201014558213372219e+00
4.388971051219082931e+00
4.431090233364610498e+00
4.107955772547713380e+00
3.172018809424556274e+00
1.322219294733919304e+00
4.771212547196624354e-01
2.021189299069938272e+00
2.833147111912785121e+00
3.466422722433792014e+00
3.849542252005016874e+00
3.893650816985963381e+00
3.629103650177136320e+00
3.044931546149160173e+00
2.071882007306125484e+00
6.020599913279623960e-01
3.505285674144132280e+00
3.830139387425342878e+00
3.922621671523199183e+00
3.972480549876475919e+00
3.974879973006930634e+00
3.869583707713423859e+00
3.523486332343227723e+00
2.840733234611806601e+00
1.724275869600789157e+00
-inf
5.409824958707740272e+00
5.731189740061722659e+00
5.329853293723815888e+00
4.318710118918341223e+00
2.709269960975830838e+00
4.771212547196624354e-01
1.447158031342219209e+00
3.049218022670181494e+00
3.596047007545438934e+00
3.946648733906676476e+00
4.209541822016600321e+00
4.417172649517774552e+00
4.475772850718035656e+00
4.172515363010772305e+00
3.237794993273922728e+00
1.556302500767287267e+00
1.113943352306836720e+00
2.164352855784437146e+00
2.958563883221967394e+00
3.538448051710217257e+00
3.875928984922926812e+00
3.904011883597388266e+00
3.646893624167744985e+00
3.113274692464350402e+00
2.240549248282599493e+00
7.781512503836436334e-01
3.519565500880509124e+00
3.854791694053985474e+00
3.944482672150168678e+00
4.010045412636098483e+00
4.011950866059398102e+00
3.898505785534358559e+00
3.549248556854056158e+00
2.822168079368017501e+00
1.505149978319906046e+00
-inf
5.410005781310355921e+00
5.733600065000784340e+00
5.329851261684841468e+00
4.319460016046887674e+00
2.719331286983726503e+00
4.771212547196624354e-01
1.838849090737255221e+00
3.174641192660448308e+00
3.653887558070977537e+00
3.976670880624811222e+00
4.233326150349856931e+00
4.414605712464549470e+00
4.466689715873474853e+00
4.126196367920530683e+00
3.188084373714938025e+00
1.531478917042255139e+00
0.000000000000000000e+00
2.053078443483419946e+00
2.811575005870593280e+00
3.436798510231803494e+00
3.832253370197007847e+00
3.921894470929102372e+00
3.725666660314178813e+00
3.233757362965510307e+00
2.378397900948137522e+00
8.450980400142568127e-01
3.494293768665332589e+00
3.841609712168435387e+00
3.946894195102326641e+00
4.019780730403646807e+00
4.021313365484695090e+00
3.901458321396112261e+00
3.555940437818510880e+00
2.838219221907625656e+00
1.653212513775343728e+00
-inf
5.379040689655494312e+00
5.701658633488775330e+00
5.298680633816723606e+00
4.289299028878416742e+00
2.694605198933568868e+00
4.771212547196624354e-01
1.623249290397900557e+00
3.064083435963596003e+00
3.592176757395866726e+00
3.920227711456928610e+00
4.186984572160061369e+00
4.377105817269053567e+00
4.435573643566113056e+00
4.152624639447618726e+00
3.260309945794920061e+00
1.568201724066994984e+00
4.771212547196624354e-01
2.008600171761917519e+00
2.790285164033241561e+00
3.456973013635817882e+00
3.843357378437955774e+00
3.907142531003140462e+00
3.649237472349607270e+00
3.077367905284156713e+00
2.190331698170291386e+00
3.010299956639811980e-01
3.503926804193510325e+00
3.828337600059004586e+00
3.920645001406787511e+00
3.970811610872517772e+00
3.977906427637118547e+00
3.874133778827972385e+00
3.524136376592568620e+00
2.853698211776174443e+00
1.740362689494243886e+00
-inf
5.422875336466625562e+00
5.745623561669674473e+00
5.342248928276618791e+00
4.334292871548460546e+00
2.745074791582057472e+00
3.010299956639811980e-01
1.278753600952828862e+00
3.048053173115608860e+00
3.598024072334189860e+00
3.963693405238018830e+00
4.247482260677053922e+00
4.434951936087752955e+00
4.495502709882288173e+00
4.145538235712233011e+00
3.152594077927469929e+00
1.380211241711605918e+00
1.041392685158224918e+00
2.068185861746161702e+00
2.906335041805090835e+00
3.539076098792776737e+00
3.908592238847569345e+00
3.932980821923198089e+00
3.648750212698019357e+00
3.019116290447072970e+00
2.025305865264770411e+00
3.010299956639811980e-01
3.524136376592568620e+00
3.854913022307855375e+00
3.967079734144497216e+00
4.030478280622408427e+00
4.029018329546481425e+00
3.923347656497825575e+00
3.563836918664544662e+00
2.841359470454854819e+00
1.672097857935717524e+00
-inf
5.366768387467222290e+00
5.688151865095509407e+00
5.286804394690685527e+00
4.274965624539286857e+00
2.686636269262293375e+00
-inf
-inf
2.250420002308894052e+00
3.341434524578140053e+00
3.802500067764393421e+00
4.123328866926347480e+00
4.373794416714731348e+00
4.467889159261119403e+00
4.220578754632828833e+00
3.215901813204031789e+00
1.146128035678237955e+00
6.989700043360188575e-01
2.089905111439398055e+00
2.822168079368017501e+00
3.450864692379766119e+00
3.847078862065715477e+00
3.876564213983845431e+00
3.612783856719735454e+00
3.036229544086294752e+00
2.093421685162235146e+00
6.020599913279623960e-01
3.496098992132571137e+00
3.813981075636471818e+00
3.915452601688478751e+00
3.963315511386111378e+00
3.961610908091280692e+00
3.853880650124542395e+00
3.517327882294373431e+00
2.838849090737255221e+00
1.681241237375587172e+00
-inf
5.400695101319149316e+00
5.725133777565442728e+00
5.320704899021591494e+00
4.310140801796193522e+00
2.684845361644412343e+00
6.989700043360188575e-01
-inf
1.380211241711605918e+00
3.197556213153536664e+00
3.748420622467568464e+00
4.103358939866562416e+00
4.380301710305184670e+00
4.524461034215449651e+00
4.341236623238692083e+00
3.401745082237062956e+00
1.342422680822206171e+00
9.542425094393248708e-01
1.944482672150168678e+00
2.820201459485640161e+00
3.438384107034714088e+00
3.840419777736486129e+00
3.920018916028914724e+00
3.698013503939181490e+00
3.205475036740891071e+00
2.372912002970106737e+00
7.781512503836436334e-01
3.514946005308004384e+00
3.855458580386036171e+00
3.932067692200721609e+00
3.999478533679309944e+00
4.000173683058465102e+00
3.897021956060363390e+00
3.548266545170745356e+00
2.866287339084194752e+00
1.662757831681574094e+00
-inf
5.349594145809301260e+00
5.673383129134539793e+00
5.270434258331621713e+00
4.254934589077440599e+00
2.633468455579586642e+00
0.000000000000000000e+00
0.000000000000000000e+00
2.706717782336758749e+00
3.426836453803507876e+00
3.830396176483469084e+00
4.138523737279157899e+00
4.357934847000453971e+00
4.430574884046865058e+00
4.169733197942518288e+00
3.219846386024360463e+00
1.204119982655924792e+00
6.020599913279623960e-01
1.826074802700826449e+00
2.794488046659169722e+00
3.423081958297231164e+00
3.818687663441513891e+00
3.879783780090415579e+00
3.615002614524588154e+00
3.055378331375000034e+00
2.079181246047624665e+00
3.010299956639811980e-01
3.481299273332855826e+00
3.804412059137713964e+00
3.901676231326375532e+00
3.949682690795204287e+00
3.950802822964658567e+00
3.833147111912785121e+00
3.491361693834272639e+00
2.802089257881732465e+00
1.724275869600789157e+00
-inf
5.372630356342873448e+00
5.697470841006865960e+00
5.292820730103903415e+00
4.280805928393666804e+00
2.668385916690000137e+00
4.771212547196624354e-01
-inf
1.623249290397900557e+00
3.234010817587179343e+00
3.747334109615905184e+00
4.083215862155997300e+00
4.344372621906474663e+00
4.485565279482858436e+00
4.311414767162358608e+00
3.414639146737008968e+00
1.505149978319906046e+00
9.542425094393248708e-01
1.959041392321093644e+00
2.818225893613955702e+00
3.485153349903652220e+00
3.842484424411570121e+00
3.887279634530023120e+00
3.606381365110604698e+00
3.013258665283516713e+00
2.075546961392531031e+00
0.000000000000000000e+00
3.494850021680094176e+00
3.819478128362122415e+00
3.910677754742705403e+00
3.971785937879114492e+00
3.970904498153783546e+00
3.866346422749601608e+00
3.511080845539118478e+00
2.783903579272735129e+00
1.633468455579586642e+00
-inf
5.392762004645939911e+00
5.716305574221448360e+00
5.312670208330120047e+00
4.301464073143299593e+00
2.714329759745233162e+00
3.010299956639811980e-01
-inf
2.143014800254094965e+00
3.325515663363148189e+00
3.779235631675863516e+00
4.108463541203595248e+00
4.364194408606937969e+00
4.495447200122582920e+00
4.318230339187816291e+00
3.462098381135155556e+00
1.690196080028513625e+00
4.771212547196624354e-01
2.000000000000000000e+00
2.814247595731920182e+00
3.456517857805262661e+00
3.831229693867063357e+00
3.909983694939843879e+00
3.687082844604370635e+00
3.174059807725025273e+00
2.324282455297692618e+00
4.771212547196624354e-01
3.505692507412200065e+00
3.839603729470836946e+00
3.936865458975622456e+00
3.999174055588484933e+00
3.999956568380192312e+00
3.882809041392440097e+00
3.540454613671411899e+00
2.814247595731920182e+00
1.556302500767287267e+00
-inf
5.366592905895620547e+00
5.691413940662365611e+00
5.287248435686007220e+00
4.272027361236466092e+00
2.673941998634087991e+00
0.000000000000000000e+00
1.477121254719662380e+00
3.085647288296856416e+00
3.577951127729755321e+00
3.928190948038757124e+00
4.206367061944969343e+00
4.394556739363656206e+00
4.420302385178690230e+00
4.068074489907647973e+00
3.060320028688285010e+00
9.542425094393248708e-01
4.771212547196624354e-01
1.875061263391700095e+00
2.741939077729198981e+00
3.386320573894046060e+00
3.792251571903264118e+00
3.897901874268227651e+00
3.672928690442722299e+00
3.184691430817598867e+00
2.361727836017593063e+00
8.450980400142568127e-01
3.491221576239282864e+00
3.821513528404773208e+00
3.916506587115155646e+00
3.969509098596566865e+00
3.960661007270982026e+00
3.864095573424247476e+00
3.509605704611556298e+00
2.808885867359812050e+00
1.672097857935717524e+00
-inf
5.414460243420811558e+00
5.736581336919768681e+00
5.334435655170516100e+00
4.323788189900750645e+00
2.709269960975830838e+00
4.771212547196624354e-01
1.477121254719662380e+00
3.097951070994149791e+00
3.602277084300192556e+00
3.958229314188382197e+00
4.225231722214646268e+00
4.418533295093212132e+00
4.480739735593566309e+00
4.160708572292429075e+00
3.201943063401650136e+00
1.591064607026499100e+00
0.000000000000000000e+00
1.732393759822968615e+00
2.666517980554880651e+00
3.393399695293101814e+00
3.844663528240239270e+00
3.959470702075106985e+00
3.741702983957739814e+00
3.188928483760853361e+00
2.214843848047697961e+00
3.010299956639811980e-01
3.522965595491986512e+00
3.846646328577117302e+00
3.959470702075106985e+00
4.018866863150907243e+00
4.020112569565466920e+00
3.916506587115155646e+00
3.563481085394410552e+00
2.851258348719075464e+00
1.602059991327962507e+00
-inf
5.345514877835252143e+00
5.669129917007121655e+00
5.266224638759055665e+00
4.251419193218939796e+00
2.632457292184724018e+00
0.000000000000000000e+00
-inf
2.846955325019823846e+00
3.465382851448418400e+00
3.845779967111889519e+00
4.138081546495746110e+00
4.346646317576889906e+00
4.416557301191478935e+00
4.176322821034989197e+00
3.265289625860829936e+00
1.414973347970817974e+00
-inf
1.602059991327962507e+00
2.622214022966295133e+00
3.320769228338686485e+00
3.773932647467645118e+00
3.899656380305635661e+00
3.658297650308189652e+00
3.127104798364807703e+00
2.164352855784437146e+00
4.771212547196624354e-01
3.475089803389006526e+00
3.814647069451856165e+00
3.894205259142083708e+00
3.940864975966721584e+00
3.948412965778600903e+00
3.831165633909442647e+00
3.487845120111435548e+00
2.799340549453581684e+00
1.633468455579586642e+00
-inf
5.387767000336707746e+00
5.710500695694073592e+00
5.307566631771024390e+00
4.298001111407518060e+00
2.682145076373831927e+00
4.771212547196624354e-01
1.643452676486187425e+00
3.156549151331781378e+00
3.638389407665335806e+00
3.968202668142849721e+00
4.235578943330128077e+00
4.416257626999022357e+00
4.436734965790706475e+00
4.033463966077404983e+00
2.970346876230093525e+00
6.020599913279623960e-01
4.771212547196624354e-01
1.954242509439324760e+00
2.759667844689630556e+00
3.424228070695980009e+00
3.818423855092078600e+00
3.910250772300147837e+00
3.676144680356206340e+00
3.181271771559461392e+00
2.240549248282599493e+00
6.989700043360188575e-01
3.523226041965701327e+00
3.845098040014256924e+00
3.932778070060550579e+00
3.986995539724381477e+00
3.982858942312075268e+00
3.878119484697167607e+00
3.534280005205081565e+00
2.862131379313037183e+00
1.770852011642144230e+00
-inf
5.407423199141418557e+00
5.729822215572881738e+00
5.327129975304879750e+00
4.316389751073195669e+00
2.745855195173728891e+00
6.020599913279623960e-01
3.010299956639811980e-01
2.905256048748451114e+00
3.552911450216508893e+00
3.922984815708882689e+00
4.194736288728694973e+00
4.407322907839638759e+00
4.483473181621222103e+00
4.205988850752451214e+00
3.288025535388362730e+00
1.568201724066994984e+00
0.000000000000000000e+00
1.934498451243567674e+00
2.784617292632875163e+00
3.433129517580485679e+00
3.835056101720116128e+00
3.927883410330706759e+00
3.729569726301969812e+00
3.213783299335304378e+00
2.326335860928751664e+00
6.989700043360188575e-01
3.518250651308500121e+00
3.834102655712793517e+00
3.956840490159233337e+00
4.021106568432121442e+00
4.019199401055288057e+00
3.898066660641634762e+00
3.540454613671411899e+00
2.826722520168992059e+00
1.623249290397900557e+00
-inf
5.427137040173718674e+00
5.748402019414196928e+00
5.345556037151204087e+00
4.343900712249606499e+00
2.735598899698179931e+00
3.010299956639811980e-01
1.732393759822968615e+00
3.157154439906281418e+00
3.637689819118401058e+00
3.984707294482673134e+00
4.233884108765885834e+00
4.429719989249435663e+00
4.489789788615992983e+00
4.171316824656572386e+00
3.236537261488694028e+00
1.447158031342219209e+00
6.020599913279623960e-01
1.995635194597549900e+00
2.898725181589493438e+00
3.553276046137099353e+00
3.936815231197632770e+00
3.943890048248472890e+00
3.601190532615333506e+00
2.901458321396112261e+00
1.568201724066994984e+00
0.000000000000000000e+00
3.521922244883500586e+00
3.841984804590113711e+00
3.967594772671889647e+00
4.030073230712518217e+00
4.040641891544536790e+00
3.935305690289925273e+00
3.581608366032057678e+00
2.884228769632604106e+00
1.698970004336018746e+00
-inf
5.375392895566931450e+00
5.698827532379276306e+00
5.295725396187183520e+00
4.283391697297128431e+00
2.657055852857103773e+00
3.010299956639811980e-01
-inf
-inf
2.944482672150168678e+00
3.618675538885139709e+00
4.013553430541676015e+00
4.311245120878207437e+00
4.493903967206502870e+00
4.400969479225655512e+00
3.569022586029563460e+00
1.681241237375587172e+00
3.010299956639811980e-01
2.045322978786657586e+00
2.856728890382882469e+00
3.477410687907251496e+00
3.856184926727169948e+00
3.888516461074945418e+00
3.611935625040122666e+00
3.039414119176137241e+00
2.033423755486949869e+00
4.771212547196624354e-01
3.505963518018126113e+00
3.828015064223976971e+00
3.923036668670786042e+00
3.973451144024934489e+00
3.968015713993641835e+00
3.871047261305499365e+00
3.510008512940234748e+00
2.837588438235511212e+00
1.662757831681574094e+00
-inf
5.401841504882789913e+00
5.726666093870822039e+00
5.321724744776246574e+00
4.311880953037904085e+00
2.691081492122968655e+00
3.010299956639811980e-01
-inf
2.547774705387822358e+00
3.431202884556516786e+00
3.831037485640025331e+00
4.148016208239872604e+00
4.384837088203684452e+00
4.496292954006042564e+00
4.287936027044702669e+00
3.425044874551388840e+00
1.612783856719735454e+00
6.020599913279623960e-01
2.017033339298780259e+00
2.866877814337498886e+00
3.471291711058938745e+00
3.867231714518894137e+00
3.920801381825654186e+00
3.670524157782079744e+00
3.129689892199301049e+00
2.158362492095249774e+00
6.020599913279623960e-01
3.510410948010176835e+00
3.856366323659247808e+00
3.938119269194311656e+00
4.004751155591001144e+00
4.006423252507643085e+00
3.893095666096228147e+00
3.542078146335625455e+00
2.853089529851865702e+00
1.591064607026499100e+00
-inf
5.408918020846780195e+00
5.733733981398200008e+00
5.329220870834955548e+00
4.316389751073195669e+00
2.708420900134712817e+00
4.771212547196624354e-01
1.568201724066994984e+00
3.124830149413859282e+00
3.623249290397900335e+00
3.961610908091280692e+00
4.222039797161015962e+00
4.412628520544375377e+00
4.467282447618141639e+00
4.168615322211017826e+00
3.282168778304641599e+00
1.623249290397900557e+00
3.010299956639811980e-01
1.897627091290441381e+00
2.720985744153739283e+00
3.392521089931932465e+00
3.815378484965918027e+00
3.949243590568265017e+00
3.737113094305961170e+00
3.222456336679246469e+00
2.307496037913213005e+00
3.010299956639811980e-01
3.520352504083318124e+00
3.857151502687492961e+00
3.948755180168269874e+00
4.013300786856887292e+00
4.014898386946205378e+00
3.906873534722070218e+00
3.550350672301615607e+00
2.838849090737255221e+00
1.643452676486187425e+00
-inf
5.404662700873721803e+00
5.729038372155040193e+00
5.324671293768438396e+00
4.312579294906139005e+00
2.733197265106569240e+00
3.010299956639811980e-01
1.724275869600789157e+00
3.143327129992046221e+00
3.636186895198724400e+00
3.967828679330155150e+00
4.221596785740262980e+00
4.412023513041976486e+00
4.463026521086426612e+00
4.139343756152374709e+00
3.218010042984363217e+00
1.477121254719662380e+00
6.989700043360188575e-01
2.198657086954422635e+00
2.946943270697825579e+00
3.516006230386047537e+00
3.871164132802949354e+00
3.895256753144894724e+00
3.653887558070977537e+00
3.114610984232172974e+00
2.201397124320451315e+00
4.771212547196624354e-01
3.516006230386047537e+00
3.846646328577117302e+00
3.950948714399400430e+00
4.010808597512206752e+00
4.005395031886705759e+00
3.898944466866509195e+00
3.547651658359969318e+00
2.854306041801080607e+00
1.707570176097936265e+00
-inf
5.385993927295448458e+00
5.709174100247734529e+00
5.305484647300464651e+00
4.298416380061294895e+00
2.665580991017953316e+00
0.000000000000000000e+00
-inf
-inf
3.039017321997412147e+00
3.657724954205108236e+00
4.036868329981055048e+00
4.333769600873474737e+00
4.504389297186280672e+00
4.393083602089456363e+00
3.536305872351033663e+00
1.662757831681574094e+00
6.020599913279623960e-01
2.075546961392531031e+00
2.909020854211155971e+00
3.516403148447403204e+00
3.878349422217775455e+00
3.895974732359064330e+00
3.597256282925141768e+00
3.000434077479318784e+00
1.934498451243567674e+00
-inf
3.505014240084106891e+00
3.835056101720116128e+00
3.916822284595911974e+00
3.982768577251011966e+00
3.989405318001515877e+00
3.877198515271789603e+00
3.536432175822013413e+00
2.843232778098009561e+00
1.602059991327962507e+00
-inf
