1.044901856195694411e-03
1.072702518194146694e-03
1.092066753120905743e-03
1.421783518609269058e-03
5.047053338097304623e-03
7.157539290195071013e-02
1.408912077090642735e-02
3.907436611281393801e-03
2.410502783464719013e-03
2.111466466513188967e-03
1.780882506355990031e-03
1.640003391335848829e-03
1.214962811843724611e-03
1.293842090612165249e-03
3.872932061915865167e-03
2.237559937786732372e-02
1.259881576697424177e-01
1.152355277686448534e-02
5.814009325077827695e-03
3.014180413987628884e-03
2.476282780920593170e-03
2.081515498583763613e-03
2.619834281497038491e-03
4.724328707688778967e-03
1.279725376905077074e-02
8.489737708931982541e-02
3.697948742217502683e-03
2.205646566570629730e-03
2.085224012954405449e-03
1.973648079151540512e-03
2.722980421567402359e-03
2.616513279549572725e-03
3.306797879532608845e-03
5.903915146686773870e-03
2.967815844329456387e-02
nan
