5.390867739891596955e+00
5.713478690661986548e+00
5.311008797880306886e+00
4.299542707619892212e+00
2.678902314071958113e+00
5.952205667976568915e-01
1.595220566797656891e+00
3.121210922587770664e+00
3.617517986367652760e+00
3.953105523304126567e+00
4.221914024599967341e+00
4.409670323133228820e+00
4.453453319279331524e+00
4.089269645549565624e+00
3.078739941576562167e+00
1.136819619382153368e+00
2.907300390241692178e-01
1.866010277204365408e+00
2.740214609314857164e+00
3.414978567825048383e+00
3.836886601055842672e+00
3.918648654595587644e+00
3.684916859563543756e+00
3.108934811420247524e+00
2.132289714383758028e+00
4.633329702340291401e-01
3.510281035781490200e+00
3.836974516218627507e+00
3.930490565306269612e+00
3.987599937241047332e+00
3.983426823267001371e+00
3.878721914048577801e+00
3.534389056918754157e+00
2.849352221953042275e+00
1.528876545455204239e+00
-inf
