7.271473333333337008e-01 5.016401249999999923e-01 6.583333333333329929e-01 4.871672499999998851e-01 1.836016519840000250e-01 1.666666666666666574e-01 0.000000000000000000e+00
7.271473333333337008e-01 5.016401249999999923e-01 6.583333333333329929e-01 4.871672499999998851e-01 1.836016519840000250e-01 3.333333333333333148e-01 0.000000000000000000e+00
7.271473333333337008e-01 5.016401249999999923e-01 6.583333333333329929e-01 4.871672499999998851e-01 1.836016519840000250e-01 5.000000000000000000e-01 0.000000000000000000e+00
7.271473333333337008e-01 5.016401249999999923e-01 6.583333333333329929e-01 4.871672499999998851e-01 1.836016519840000250e-01 6.666666666666666297e-01 0.000000000000000000e+00
7.271473333333337008e-01 5.016401249999999923e-01 6.583333333333329929e-01 4.871672499999998851e-01 1.836016519840000250e-01 8.333333333333333703e-01 0.000000000000000000e+00
7.271473333333337008e-01 5.016401249999999923e-01 6.583333333333329929e-01 4.871672499999998851e-01 1.836016519840000250e-01 1.000000000000000000e+00 0.000000000000000000e+00
7.271473333333337008e-01 5.016401249999999923e-01 6.583333333333329929e-01 4.871672499999998851e-01 1.836016519840000250e-01 -6.176428399587959861e-01 1.000000000000000000e+00
7.271473333333337008e-01 5.016401249999999923e-01 6.583333333333329929e-01 4.871672499999998851e-01 1.836016519840000250e-01 -4.200366763087506339e-01 1.000000000000000000e+00
7.271473333333337008e-01 5.016401249999999923e-01 6.583333333333329929e-01 4.871672499999998851e-01 1.836016519840000250e-01 -2.224305126587052261e-01 1.000000000000000000e+00
7.271473333333337008e-01 5.016401249999999923e-01 6.583333333333329929e-01 4.871672499999998851e-01 1.836016519840000250e-01 -2.482434900865980107e-02 1.000000000000000000e+00
7.271473333333337008e-01 5.016401249999999923e-01 6.583333333333329929e-01 4.871672499999998851e-01 1.836016519840000250e-01 1.727818146413855060e-01 1.000000000000000000e+00
7.271473333333337008e-01 5.016401249999999923e-01 6.583333333333329929e-01 4.871672499999998851e-01 1.836016519840000250e-01 3.703879782914308860e-01 1.000000000000000000e+00
7.271473333333337008e-01 5.016401249999999923e-01 6.583333333333329929e-01 4.871672499999998851e-01 1.836016519840000250e-01 5.679941419414763493e-01 1.000000000000000000e+00
7.271473333333337008e-01 5.016401249999999923e-01 6.583333333333329929e-01 4.871672499999998851e-01 1.836016519840000250e-01 7.656003055915217015e-01 1.000000000000000000e+00
7.271473333333337008e-01 5.016401249999999923e-01 6.583333333333329929e-01 4.871672499999998851e-01 1.836016519840000250e-01 9.632064692415670537e-01 1.000000000000000000e+00
7.271473333333337008e-01 5.016401249999999923e-01 6.583333333333329929e-01 4.871672499999998851e-01 1.836016519840000250e-01 1.160812632891612628e+00 1.000000000000000000e+00
7.271473333333337008e-01 5.016401249999999923e-01 6.583333333333329929e-01 4.871672499999998851e-01 1.836016519840000250e-01 -7.289336688322796409e-02 2.000000000000000000e+00
7.271473333333337008e-01 5.016401249999999923e-01 6.583333333333329929e-01 4.871672499999998851e-01 1.836016519840000250e-01 1.349048784025733416e-01 2.000000000000000000e+00
7.271473333333337008e-01 5.016401249999999923e-01 6.583333333333329929e-01 4.871672499999998851e-01 1.836016519840000250e-01 3.427031236883745779e-01 2.000000000000000000e+00
7.271473333333337008e-01 5.016401249999999923e-01 6.583333333333329929e-01 4.871672499999998851e-01 1.836016519840000250e-01 5.505013689741758975e-01 2.000000000000000000e+00
7.271473333333337008e-01 5.016401249999999923e-01 6.583333333333329929e-01 4.871672499999998851e-01 1.836016519840000250e-01 7.582996142599771616e-01 2.000000000000000000e+00
7.271473333333337008e-01 5.016401249999999923e-01 6.583333333333329929e-01 4.871672499999998851e-01 1.836016519840000250e-01 9.660978595457784257e-01 2.000000000000000000e+00
7.271473333333337008e-01 5.016401249999999923e-01 6.583333333333329929e-01 4.871672499999998851e-01 1.836016519840000250e-01 1.173896104831579912e+00 2.000000000000000000e+00
7.271473333333337008e-01 5.016401249999999923e-01 6.583333333333329929e-01 4.871672499999998851e-01 1.836016519840000250e-01 1.381694350117381287e+00 2.000000000000000000e+00
7.271473333333337008e-01 5.016401249999999923e-01 6.583333333333329929e-01 4.871672499999998851e-01 1.836016519840000250e-01 1.589492595403182440e+00 2.000000000000000000e+00
7.271473333333337008e-01 5.016401249999999923e-01 6.583333333333329929e-01 4.871672499999998851e-01 1.836016519840000250e-01 1.797290840688983815e+00 2.000000000000000000e+00
7.271473333333337008e-01 5.016401249999999923e-01 6.583333333333329929e-01 4.871672499999998851e-01 1.836016519840000250e-01 5.000000000000000278e-02 3.000000000000000000e+00
7.271473333333337008e-01 5.016401249999999923e-01 6.583333333333329929e-01 4.871672499999998851e-01 1.836016519840000250e-01 1.500000000000000222e-01 3.000000000000000000e+00
7.271473333333337008e-01 5.016401249999999923e-01 6.583333333333329929e-01 4.871672499999998851e-01 1.836016519840000250e-01 2.500000000000000000e-01 3.000000000000000000e+00
7.271473333333337008e-01 5.016401249999999923e-01 6.583333333333329929e-01 4.871672499999998851e-01 1.836016519840000250e-01 3.499999999999999778e-01 3.000000000000000000e+00
7.271473333333337008e-01 5.016401249999999923e-01 6.583333333333329929e-01 4.871672499999998851e-01 1.836016519840000250e-01 4.500000000000000111e-01 3.000000000000000000e+00
7.271473333333337008e-01 5.016401249999999923e-01 6.583333333333329929e-01 4.871672499999998851e-01 1.836016519840000250e-01 5.500000000000000444e-01 3.000000000000000000e+00
7.271473333333337008e-01 5.016401249999999923e-01 6.583333333333329929e-01 4.871672499999998851e-01 1.836016519840000250e-01 6.500000000000000222e-01 3.000000000000000000e+00
7.271473333333337008e-01 5.016401249999999923e-01 6.583333333333329929e-01 4.871672499999998851e-01 1.836016519840000250e-01 7.500000000000000000e-01 3.000000000000000000e+00
7.271473333333337008e-01 5.016401249999999923e-01 6.583333333333329929e-01 4.871672499999998851e-01 1.836016519840000250e-01 8.499999999999999778e-01 3.000000000000000000e+00
7.271473333333337008e-01 5.016401249999999923e-01 6.583333333333329929e-01 4.871672499999998851e-01 1.836016519840000250e-01 9.499999999999999556e-01 3.000000000000000000e+00
