5.386638060192078470e+00
5.711268031986739047e+00
5.306585847579150972e+00
4.296533565928987386e+00
2.667452952889953988e+00
6.020599913279623960e-01
5.369811212094314001e+00
5.692559643755581433e+00
5.290544329747222108e+00
4.275357431087598137e+00
2.664641975556125697e+00
0
5.407028699755234591e+00
5.732328610764381160e+00
5.327749113160683336e+00
4.313382057578149187e+00
2.677606952720493094e+00
4.771212547196624354e-01
5.404113284849477949e+00
5.725668293918335650e+00
5.323699574565694981e+00
4.313550871333505121e+00
2.749736315569061063e+00
0.000000000000000000e+00
5.417752274697971160e+00
5.741702196763838195e+00
5.337555095015743767e+00
4.326458757071222294e+00
2.755112266395071341e+00
0
5.414694307659899231e+00
5.736835356176902323e+00
5.334692949356299785e+00
4.322715347879686476e+00
2.741939077729198981e+00
3.010299956639811980e-01
5.380156951508159757e+00
5.707784715665935593e+00
5.301001765605170668e+00
4.284656282788515291e+00
2.683947130751512145e+00
4.771212547196624354e-01
5.383894321435953145e+00
5.709220760767269809e+00
5.304837221753816223e+00
4.288338669395163727e+00
2.676693609624866355e+00
3.010299956639811980e-01
5.358311833803623969e+00
5.683635909761035165e+00
5.278376286624125946e+00
4.267781659715359055e+00
2.638489256954637430e+00
0.000000000000000000e+00
5.404448836447327764e+00
5.729057823402329497e+00
5.324790550082335372e+00
4.311796229182406570e+00
2.704150516839799234e+00
0.000000000000000000e+00
5.399485082516514822e+00
5.721752101008531710e+00
5.319428796171580487e+00
4.308713776639003790e+00
2.702430536445525444e+00
3.010299956639811980e-01
5.406407317094649834e+00
5.731550087889149658e+00
5.326522239788287649e+00
4.315172357208987286e+00
2.698100545623389745e+00
3.010299956639811980e-01
5.391376239169649587e+00
5.714271905854779732e+00
5.310595611642295211e+00
4.304296603018355150e+00
2.695481676490197653e+00
0.000000000000000000e+00
5.384312187364088231e+00
5.707751520044719307e+00
5.303668986351919301e+00
4.295918791028891626e+00
2.702430536445525444e+00
4.771212547196624354e-01
5.430478187932044065e+00
5.752732019464235513e+00
5.349778571557760820e+00
4.341375163644694446e+00
2.775246259740236532e+00
3.010299956639811980e-01
5.378025229094085979e+00
5.703774423244031055e+00
5.298739577594848704e+00
4.283414311501195115e+00
2.678518379040113917e+00
0.000000000000000000e+00
5.404662700873721803e+00
5.729988842812518079e+00
5.324829609686000609e+00
4.312621582586981361e+00
2.710963118995275867e+00
3.010299956639811980e-01
5.348538501257993794e+00
5.671739185912464620e+00
5.269405524772127869e+00
4.252561786206329408e+00
2.664641975556125697e+00
0
5.403072454304505889e+00
5.725796512674295791e+00
5.322481860105255258e+00
4.315529533213848801e+00
2.694605198933568868e+00
0
5.407113751472993890e+00
5.731454185564370363e+00
5.327221982299631620e+00
4.316180098893452666e+00
2.690196080028513848e+00
4.771212547196624354e-01
5.375550225442674801e+00
5.699785711437349356e+00
5.295782544536226766e+00
4.284520967479148013e+00
2.645422269349091859e+00
0.000000000000000000e+00
5.409824958707740272e+00
5.731189740061722659e+00
5.329853293723815888e+00
4.318710118918341223e+00
2.709269960975830838e+00
4.771212547196624354e-01
5.410005781310355921e+00
5.733600065000784340e+00
5.329851261684841468e+00
4.319460016046887674e+00
2.719331286983726503e+00
4.771212547196624354e-01
5.379040689655494312e+00
5.701658633488775330e+00
5.298680633816723606e+00
4.289299028878416742e+00
2.694605198933568868e+00
4.771212547196624354e-01
5.422875336466625562e+00
5.745623561669674473e+00
5.342248928276618791e+00
4.334292871548460546e+00
2.745074791582057472e+00
3.010299956639811980e-01
5.366768387467222290e+00
5.688151865095509407e+00
5.286804394690685527e+00
4.274965624539286857e+00
2.686636269262293375e+00
0
5.400695101319149316e+00
5.725133777565442728e+00
5.320704899021591494e+00
4.310140801796193522e+00
2.684845361644412343e+00
6.989700043360188575e-01
5.349594145809301260e+00
5.673383129134539793e+00
5.270434258331621713e+00
4.254934589077440599e+00
2.633468455579586642e+00
0.000000000000000000e+00
5.372630356342873448e+00
5.697470841006865960e+00
5.292820730103903415e+00
4.280805928393666804e+00
2.668385916690000137e+00
4.771212547196624354e-01
5.392762004645939911e+00
5.716305574221448360e+00
5.312670208330120047e+00
4.301464073143299593e+00
2.714329759745233162e+00
3.010299956639811980e-01
5.366592905895620547e+00
5.691413940662365611e+00
5.287248435686007220e+00
4.272027361236466092e+00
2.673941998634087991e+00
0.000000000000000000e+00
5.414460243420811558e+00
5.736581336919768681e+00
5.334435655170516100e+00
4.323788189900750645e+00
2.709269960975830838e+00
4.771212547196624354e-01
5.345514877835252143e+00
5.669129917007121655e+00
5.266224638759055665e+00
4.251419193218939796e+00
2.632457292184724018e+00
0.000000000000000000e+00
5.387767000336707746e+00
5.710500695694073592e+00
5.307566631771024390e+00
4.298001111407518060e+00
2.682145076373831927e+00
4.771212547196624354e-01
5.407423199141418557e+00
5.729822215572881738e+00
5.327129975304879750e+00
4.316389751073195669e+00
2.745855195173728891e+00
6.020599913279623960e-01
5.427137040173718674e+00
5.748402019414196928e+00
5.345556037151204087e+00
4.343900712249606499e+00
2.735598899698179931e+00
3.010299956639811980e-01
5.375392895566931450e+00
5.698827532379276306e+00
5.295725396187183520e+00
4.283391697297128431e+00
2.657055852857103773e+00
3.010299956639811980e-01
5.401841504882789913e+00
5.726666093870822039e+00
5.321724744776246574e+00
4.311880953037904085e+00
2.691081492122968655e+00
3.010299956639811980e-01
5.408918020846780195e+00
5.733733981398200008e+00
5.329220870834955548e+00
4.316389751073195669e+00
2.708420900134712817e+00
4.771212547196624354e-01
5.404662700873721803e+00
5.729038372155040193e+00
5.324671293768438396e+00
4.312579294906139005e+00
2.733197265106569240e+00
3.010299956639811980e-01
5.385993927295448458e+00
5.709174100247734529e+00
5.305484647300464651e+00
4.298416380061294895e+00
2.665580991017953316e+00
0.000000000000000000e+00
