9.481432880199759574e-04
9.608135964011269752e-04
9.830839417846576854e-04
1.310671046659049469e-03
5.769673401849783820e-03
6.147592613027646341e-02
1.982539047110602748e-02
3.514906906301614418e-03
2.667128818915294030e-03
1.883570255831282150e-03
1.790725639569274016e-03
1.490546103191167778e-03
1.230573546005518572e-03
1.402831664820757473e-03
3.232344508129935106e-03
3.575009214729961415e-02
1.082219940677494607e-01
1.539692336030425157e-02
6.133191297131390315e-03
3.715258805253094602e-03
2.439632716169313695e-03
2.415711099250303796e-03
2.688530659401194844e-03
5.055599517218507637e-03
1.697736263728738884e-02
1.002943984203098493e-01
2.713249329523969786e-03
2.146537792369145568e-03
1.957503883015037152e-03
2.343787616810979416e-03
2.173230058339180228e-03
2.704438070345327634e-03
4.043537605050063696e-03
6.821713201524754432e-03
3.356525791666509911e-02
nan
