7.359513333333335128e-01 4.559862499999998153e-01 4.649946666666666673e-01 5.222694999999999421e-01 2.610510858079999608e-01 1.666666666666666574e-01 0.000000000000000000e+00
7.359513333333335128e-01 4.559862499999998153e-01 4.649946666666666673e-01 5.222694999999999421e-01 2.610510858079999608e-01 3.333333333333333148e-01 0.000000000000000000e+00
7.359513333333335128e-01 4.559862499999998153e-01 4.649946666666666673e-01 5.222694999999999421e-01 2.610510858079999608e-01 5.000000000000000000e-01 0.000000000000000000e+00
7.359513333333335128e-01 4.559862499999998153e-01 4.649946666666666673e-01 5.222694999999999421e-01 2.610510858079999608e-01 6.666666666666666297e-01 0.000000000000000000e+00
7.359513333333335128e-01 4.559862499999998153e-01 4.649946666666666673e-01 5.222694999999999421e-01 2.610510858079999608e-01 8.333333333333333703e-01 0.000000000000000000e+00
7.359513333333335128e-01 4.559862499999998153e-01 4.649946666666666673e-01 5.222694999999999421e-01 2.610510858079999608e-01 1.000000000000000000e+00 0.000000000000000000e+00
7.359513333333335128e-01 4.559862499999998153e-01 4.649946666666666673e-01 5.222694999999999421e-01 2.610510858079999608e-01 -6.414289796026761969e-01 1.000000000000000000e+00
7.359513333333335128e-01 4.559862499999998153e-01 4.649946666666666673e-01 5.222694999999999421e-01 2.610510858079999608e-01 -4.394187420422113188e-01 1.000000000000000000e+00
7.359513333333335128e-01 4.559862499999998153e-01 4.649946666666666673e-01 5.222694999999999421e-01 2.610510858079999608e-01 -2.374085044817463852e-01 1.000000000000000000e+00
7.359513333333335128e-01 4.559862499999998153e-01 4.649946666666666673e-01 5.222694999999999421e-01 2.610510858079999608e-01 -3.539826692128152791e-02 1.000000000000000000e+00
7.359513333333335128e-01 4.559862499999998153e-01 4.649946666666666673e-01 5.222694999999999421e-01 2.610510858079999608e-01 1.666119706391833433e-01 1.000000000000000000e+00
7.359513333333335128e-01 4.559862499999998153e-01 4.649946666666666673e-01 5.222694999999999421e-01 2.610510858079999608e-01 3.686222081996481936e-01 1.000000000000000000e+00
7.359513333333335128e-01 4.559862499999998153e-01 4.649946666666666673e-01 5.222694999999999421e-01 2.610510858079999608e-01 5.706324457601131828e-01 1.000000000000000000e+00
7.359513333333335128e-01 4.559862499999998153e-01 4.649946666666666673e-01 5.222694999999999421e-01 2.610510858079999608e-01 7.726426833205779499e-01 1.000000000000000000e+00
7.359513333333335128e-01 4.559862499999998153e-01 4.649946666666666673e-01 5.222694999999999421e-01 2.610510858079999608e-01 9.746529208810429390e-01 1.000000000000000000e+00
7.359513333333335128e-01 4.559862499999998153e-01 4.649946666666666673e-01 5.222694999999999421e-01 2.610510858079999608e-01 1.176663158441507706e+00 1.000000000000000000e+00
7.359513333333335128e-01 4.559862499999998153e-01 4.649946666666666673e-01 5.222694999999999421e-01 2.610510858079999608e-01 -1.254929733204546982e-01 2.000000000000000000e+00
7.359513333333335128e-01 4.559862499999998153e-01 4.649946666666666673e-01 5.222694999999999421e-01 2.610510858079999608e-01 8.794784840144198590e-02 2.000000000000000000e+00
7.359513333333335128e-01 4.559862499999998153e-01 4.649946666666666673e-01 5.222694999999999421e-01 2.610510858079999608e-01 3.013886701233385867e-01 2.000000000000000000e+00
7.359513333333335128e-01 4.559862499999998153e-01 4.649946666666666673e-01 5.222694999999999421e-01 2.610510858079999608e-01 5.148294918452352986e-01 2.000000000000000000e+00
7.359513333333335128e-01 4.559862499999998153e-01 4.649946666666666673e-01 5.222694999999999421e-01 2.610510858079999608e-01 7.282703135671318995e-01 2.000000000000000000e+00
7.359513333333335128e-01 4.559862499999998153e-01 4.649946666666666673e-01 5.222694999999999421e-01 2.610510858079999608e-01 9.417111352890286113e-01 2.000000000000000000e+00
7.359513333333335128e-01 4.559862499999998153e-01 4.649946666666666673e-01 5.222694999999999421e-01 2.610510858079999608e-01 1.155151957010925212e+00 2.000000000000000000e+00
7.359513333333335128e-01 4.559862499999998153e-01 4.649946666666666673e-01 5.222694999999999421e-01 2.610510858079999608e-01 1.368592778732821813e+00 2.000000000000000000e+00
7.359513333333335128e-01 4.559862499999998153e-01 4.649946666666666673e-01 5.222694999999999421e-01 2.610510858079999608e-01 1.582033600454718414e+00 2.000000000000000000e+00
7.359513333333335128e-01 4.559862499999998153e-01 4.649946666666666673e-01 5.222694999999999421e-01 2.610510858079999608e-01 1.795474422176615237e+00 2.000000000000000000e+00
7.359513333333335128e-01 4.559862499999998153e-01 4.649946666666666673e-01 5.222694999999999421e-01 2.610510858079999608e-01 5.000000000000000278e-02 3.000000000000000000e+00
7.359513333333335128e-01 4.559862499999998153e-01 4.649946666666666673e-01 5.222694999999999421e-01 2.610510858079999608e-01 1.500000000000000222e-01 3.000000000000000000e+00
7.359513333333335128e-01 4.559862499999998153e-01 4.649946666666666673e-01 5.222694999999999421e-01 2.610510858079999608e-01 2.500000000000000000e-01 3.000000000000000000e+00
7.359513333333335128e-01 4.559862499999998153e-01 4.649946666666666673e-01 5.222694999999999421e-01 2.610510858079999608e-01 3.499999999999999778e-01 3.000000000000000000e+00
7.359513333333335128e-01 4.559862499999998153e-01 4.649946666666666673e-01 5.222694999999999421e-01 2.610510858079999608e-01 4.500000000000000111e-01 3.000000000000000000e+00
7.359513333333335128e-01 4.559862499999998153e-01 4.649946666666666673e-01 5.222694999999999421e-01 2.610510858079999608e-01 5.500000000000000444e-01 3.000000000000000000e+00
7.359513333333335128e-01 4.559862499999998153e-01 4.649946666666666673e-01 5.222694999999999421e-01 2.610510858079999608e-01 6.500000000000000222e-01 3.000000000000000000e+00
7.359513333333335128e-01 4.559862499999998153e-01 4.649946666666666673e-01 5.222694999999999421e-01 2.610510858079999608e-01 7.500000000000000000e-01 3.000000000000000000e+00
7.359513333333335128e-01 4.559862499999998153e-01 4.649946666666666673e-01 5.222694999999999421e-01 2.610510858079999608e-01 8.499999999999999778e-01 3.000000000000000000e+00
7.359513333333335128e-01 4.559862499999998153e-01 4.649946666666666673e-01 5.222694999999999421e-01 2.610510858079999608e-01 9.499999999999999556e-01 3.000000000000000000e+00
