5.384536814639344193e+00
5.707432481324474338e+00
5.303756187111989817e+00
4.297457178488049756e+00
2.688642251959891816e+00
-6.839424530305465537e-03
7.713118258533381288e-01
2.974065309881465335e+00
3.549191078307973868e+00
3.912868598063855785e+00
4.195200189984464423e+00
4.400059073333600246e+00
4.459943723814366656e+00
4.140921282464231190e+00
3.171447618754551279e+00
1.354288557135150395e+00
-inf
1.689780420897817992e+00
2.621808950388658133e+00
3.337484220026440962e+00
3.786446395264870368e+00
3.908145593709435150e+00
3.732597287663248942e+00
3.224051271132850172e+00
2.358886204405869158e+00
8.849015181390813556e-01
3.506094728008052996e+00
3.820907189199800325e+00
3.926469461759012347e+00
3.974569976626162848e+00
3.977257631708662533e+00
3.869843848765693206e+00
3.534216544332329679e+00
2.830588668685144249e+00
1.723763427674782189e+00
-inf
