5.402078596316473913e+00
5.726894556867894615e+00
5.322381446304650154e+00
4.309550326542890275e+00
2.701581475604407423e+00
4.702818301893569863e-01
1.561362299536689591e+00
3.117954523117859367e+00
3.616373755225779085e+00
3.954738347407106502e+00
4.215140420869981419e+00
4.405680587478155275e+00
4.460292564661469505e+00
4.161533171202256298e+00
3.274882752507974448e+00
1.615917189147823230e+00
2.941905711336757490e-01
1.888951323720138742e+00
2.711701804964473883e+00
3.382585443050873053e+00
3.804860030621219469e+00
3.937756819889425497e+00
3.723889031880558864e+00
3.207234520719207893e+00
2.290069409205724327e+00
2.730012720637376433e-01
3.510287322751848738e+00
3.846638600848544698e+00
3.937734107811409867e+00
4.001747230230664698e+00
4.002757142495795506e+00
3.894227768399690426e+00
3.537096637271549326e+00
2.824247901041136544e+00
1.628388930050311600e+00
-inf
