5.407028699755234591e+00
5.732328610764381160e+00
5.327749113160683336e+00
4.313382057578149187e+00
2.677606952720493094e+00
4.771212547196624354e-01
1.612783856719735454e+00
3.129689892199301049e+00
3.623972512016996550e+00
3.954001167681570283e+00
4.225128287982087727e+00
4.417405256843686345e+00
4.463250773392775983e+00
4.147923538980606395e+00
3.225567713439470907e+00
1.414973347970817974e+00
-inf
1.857332496431268520e+00
2.718501688867274169e+00
3.374198257929082789e+00
3.817168572381055558e+00
3.944087679415434256e+00
3.750585527341008696e+00
3.245265839457461166e+00
2.426511261364575400e+00
8.450980400142568127e-01
3.526597709103452161e+00
3.851686315442427677e+00
3.938919812244771723e+00
4.006979190574276650e+00
4.005523692673279790e+00
3.898834838068274244e+00
3.550228353055094210e+00
2.836956737059550537e+00
1.623249290397900557e+00
-inf
