8.794752705084624231e-04
8.818518384827325838e-04
9.053977980656359881e-04
1.233996660102647030e-03
4.850082425967162936e-03
4.935121192110484417e-02
4.102491423276218019e-02
4.279933765375552521e-03
2.589343390097163800e-03
1.917131720405946139e-03
1.644303687117002789e-03
1.323761749248393701e-03
1.168199274015873333e-03
1.169750274236197769e-03
3.810310092630064555e-03
4.179725355832680789e-02
5.941005766298608493e-02
2.294417115137348598e-02
5.596618719064466209e-03
4.071447374049826443e-03
2.426590514355599516e-03
2.476538232856835293e-03
2.415102315303573315e-03
4.238479589129850664e-03
1.190466192481787894e-02
6.633262460844586983e-02
2.378449880420329017e-03
2.238164370697107077e-03
2.419634294552329510e-03
2.024455635855266968e-03
2.200961983362451774e-03
2.481840470177000112e-03
3.342471974869708467e-03
8.067308799186717269e-03
3.604820086116775762e-02
nan
