5.391183960678366027e+00
5.713859722826411414e+00
5.311184237489884552e+00
4.300100017628234461e+00
2.694728560525621930e+00
2.941905711336757490e-01
6.921305798057133529e-01
2.972672818884664725e+00
3.583303295391493393e+00
3.941721789655856956e+00
4.233441922247290989e+00
4.430258527183077000e+00
4.465779595994028739e+00
4.052852590068987126e+00
2.931290973428805735e+00
7.701613762219057246e-01
6.907496740893277476e-01
1.930216528292755251e+00
2.828820955124928815e+00
3.485446357180860488e+00
3.862958316247380175e+00
3.911229208139428426e+00
3.630332513015805507e+00
3.057178580106582277e+00
2.070095614693991948e+00
-inf
3.507206304737979341e+00
3.837480916526975872e+00
3.937198071361966534e+00
3.987319852913954410e+00
3.982245785351724354e+00
3.882277224214214950e+00
3.545591217292505259e+00
2.820150126260765333e+00
1.716133821172780127e+00
-inf
