4.689339999999996844e-01 5.057067499999999827e-01 5.465933333333328203e-01 4.760690000000000754e-01 5.842465851040001823e-01 1.666666666666666574e-01 0.000000000000000000e+00
4.689339999999996844e-01 5.057067499999999827e-01 5.465933333333328203e-01 4.760690000000000754e-01 5.842465851040001823e-01 3.333333333333333148e-01 0.000000000000000000e+00
4.689339999999996844e-01 5.057067499999999827e-01 5.465933333333328203e-01 4.760690000000000754e-01 5.842465851040001823e-01 5.000000000000000000e-01 0.000000000000000000e+00
4.689339999999996844e-01 5.057067499999999827e-01 5.465933333333328203e-01 4.760690000000000754e-01 5.842465851040001823e-01 6.666666666666666297e-01 0.000000000000000000e+00
4.689339999999996844e-01 5.057067499999999827e-01 5.465933333333328203e-01 4.760690000000000754e-01 5.842465851040001823e-01 8.333333333333333703e-01 0.000000000000000000e+00
4.689339999999996844e-01 5.057067499999999827e-01 5.465933333333328203e-01 4.760690000000000754e-01 5.842465851040001823e-01 1.000000000000000000e+00 0.000000000000000000e+00
4.689339999999996844e-01 5.057067499999999827e-01 5.465933333333328203e-01 4.760690000000000754e-01 5.842465851040001823e-01 -5.354679292459219031e-01 1.000000000000000000e+00
4.689339999999996844e-01 5.057067499999999827e-01 5.465933333333328203e-01 4.760690000000000754e-01 5.842465851040001823e-01 -3.469590911905486852e-01 1.000000000000000000e+00
4.689339999999996844e-01 5.057067499999999827e-01 5.465933333333328203e-01 4.760690000000000754e-01 5.842465851040001823e-01 -1.584502531351753285e-01 1.000000000000000000e+00
4.689339999999996844e-01 5.057067499999999827e-01 5.465933333333328203e-01 4.760690000000000754e-01 5.842465851040001823e-01 3.005858492019800737e-02 1.000000000000000000e+00
4.689339999999996844e-01 5.057067499999999827e-01 5.465933333333328203e-01 4.760690000000000754e-01 5.842465851040001823e-01 2.185674229755713294e-01 1.000000000000000000e+00
4.689339999999996844e-01 5.057067499999999827e-01 5.465933333333328203e-01 4.760690000000000754e-01 5.842465851040001823e-01 4.070762610309446305e-01 1.000000000000000000e+00
4.689339999999996844e-01 5.057067499999999827e-01 5.465933333333328203e-01 4.760690000000000754e-01 5.842465851040001823e-01 5.955850990863179595e-01 1.000000000000000000e+00
4.689339999999996844e-01 5.057067499999999827e-01 5.465933333333328203e-01 4.760690000000000754e-01 5.842465851040001823e-01 7.840939371416913994e-01 1.000000000000000000e+00
4.689339999999996844e-01 5.057067499999999827e-01 5.465933333333328203e-01 4.760690000000000754e-01 5.842465851040001823e-01 9.726027751970647284e-01 1.000000000000000000e+00
4.689339999999996844e-01 5.057067499999999827e-01 5.465933333333328203e-01 4.760690000000000754e-01 5.842465851040001823e-01 1.161111613252437946e+00 1.000000000000000000e+00
4.689339999999996844e-01 5.057067499999999827e-01 5.465933333333328203e-01 4.760690000000000754e-01 5.842465851040001823e-01 -1.141708800183592193e-01 2.000000000000000000e+00
4.689339999999996844e-01 5.057067499999999827e-01 5.465933333333328203e-01 4.760690000000000754e-01 5.842465851040001823e-01 9.607544295344910834e-02 2.000000000000000000e+00
4.689339999999996844e-01 5.057067499999999827e-01 5.465933333333328203e-01 4.760690000000000754e-01 5.842465851040001823e-01 3.063217659252573388e-01 2.000000000000000000e+00
4.689339999999996844e-01 5.057067499999999827e-01 5.465933333333328203e-01 4.760690000000000754e-01 5.842465851040001823e-01 5.165680888970656248e-01 2.000000000000000000e+00
4.689339999999996844e-01 5.057067499999999827e-01 5.465933333333328203e-01 4.760690000000000754e-01 5.842465851040001823e-01 7.268144118688739663e-01 2.000000000000000000e+00
4.689339999999996844e-01 5.057067499999999827e-01 5.465933333333328203e-01 4.760690000000000754e-01 5.842465851040001823e-01 9.370607348406821968e-01 2.000000000000000000e+00
4.689339999999996844e-01 5.057067499999999827e-01 5.465933333333328203e-01 4.760690000000000754e-01 5.842465851040001823e-01 1.147307057812490427e+00 2.000000000000000000e+00
4.689339999999996844e-01 5.057067499999999827e-01 5.465933333333328203e-01 4.760690000000000754e-01 5.842465851040001823e-01 1.357553380784298991e+00 2.000000000000000000e+00
4.689339999999996844e-01 5.057067499999999827e-01 5.465933333333328203e-01 4.760690000000000754e-01 5.842465851040001823e-01 1.567799703756107110e+00 2.000000000000000000e+00
4.689339999999996844e-01 5.057067499999999827e-01 5.465933333333328203e-01 4.760690000000000754e-01 5.842465851040001823e-01 1.778046026727915452e+00 2.000000000000000000e+00
4.689339999999996844e-01 5.057067499999999827e-01 5.465933333333328203e-01 4.760690000000000754e-01 5.842465851040001823e-01 5.000000000000000278e-02 3.000000000000000000e+00
4.689339999999996844e-01 5.057067499999999827e-01 5.465933333333328203e-01 4.760690000000000754e-01 5.842465851040001823e-01 1.500000000000000222e-01 3.000000000000000000e+00
4.689339999999996844e-01 5.057067499999999827e-01 5.465933333333328203e-01 4.760690000000000754e-01 5.842465851040001823e-01 2.500000000000000000e-01 3.000000000000000000e+00
4.689339999999996844e-01 5.057067499999999827e-01 5.465933333333328203e-01 4.760690000000000754e-01 5.842465851040001823e-01 3.499999999999999778e-01 3.000000000000000000e+00
4.689339999999996844e-01 5.057067499999999827e-01 5.465933333333328203e-01 4.760690000000000754e-01 5.842465851040001823e-01 4.500000000000000111e-01 3.000000000000000000e+00
4.689339999999996844e-01 5.057067499999999827e-01 5.465933333333328203e-01 4.760690000000000754e-01 5.842465851040001823e-01 5.500000000000000444e-01 3.000000000000000000e+00
4.689339999999996844e-01 5.057067499999999827e-01 5.465933333333328203e-01 4.760690000000000754e-01 5.842465851040001823e-01 6.500000000000000222e-01 3.000000000000000000e+00
4.689339999999996844e-01 5.057067499999999827e-01 5.465933333333328203e-01 4.760690000000000754e-01 5.842465851040001823e-01 7.500000000000000000e-01 3.000000000000000000e+00
4.689339999999996844e-01 5.057067499999999827e-01 5.465933333333328203e-01 4.760690000000000754e-01 5.842465851040001823e-01 8.499999999999999778e-01 3.000000000000000000e+00
4.689339999999996844e-01 5.057067499999999827e-01 5.465933333333328203e-01 4.760690000000000754e-01 5.842465851040001823e-01 9.499999999999999556e-01 3.000000000000000000e+00
