9.853020880449042326e-04
9.229360653295427342e-04
1.009091560127607212e-03
1.344084208455908515e-03
5.642463946226969514e-03
8.837721210841303909e-02
nan
7.369622255811506678e-03
2.681621368773728486e-03
2.213999528472144433e-03
1.557829602260278916e-03
1.336637099322196195e-03
1.121679028958945477e-03
1.134163891226726197e-03
4.154332916163942617e-03
5.452560011846878385e-02
1.259881576697424177e-01
1.614460994079031445e-02
6.935053641328381945e-03
3.935772086151389550e-03
2.264738942841691520e-03
2.017471775195802362e-03
2.738923651763583086e-03
5.026380728551084476e-03
1.560432679642001150e-02
8.534681648595453252e-02
2.431694202975878162e-03
2.257387607335764601e-03
2.170734220531582697e-03
2.303268330506177790e-03
2.195886739839063469e-03
2.539978565983026532e-03
2.839261984414482264e-03
7.010027412178644786e-03
3.372596007955498687e-02
nan
