9.028569691075204184e-04
8.804153728734702249e-04
9.479114817942193866e-04
1.391616133704023581e-03
5.769648860579476221e-03
1.259881576697424177e-01
nan
nan
2.227657751472867861e-02
2.743841864947983798e-03
1.856374922632960094e-03
1.617305672605192333e-03
1.398874454198351276e-03
9.581931033053050443e-04
1.700122366846477549e-03
1.523272988254250997e-02
1.082219940677494607e-01
1.398600421536552209e-02
5.837068527279795291e-03
3.272151202860783779e-03
2.370298590338826283e-03
2.209879180433457335e-03
3.393826901318120360e-03
6.207533895256683344e-03
2.239185135932166698e-02
2.217663812863718553e-01
2.775291908261252275e-03
2.131992595500450689e-03
2.119570544857697896e-03
2.087822650569484163e-03
2.117481605043566081e-03
2.447237172051063610e-03
3.636023023649957806e-03
7.161598485529759549e-03
2.886727687445487731e-02
nan
