5.383894321435953145e+00
5.709220760767269809e+00
5.304837221753816223e+00
4.288338669395163727e+00
2.676693609624866355e+00
3.010299956639811980e-01
1.785329835010767141e+00
3.179838928023186906e+00
3.642563437104387791e+00
3.964495339555092812e+00
4.233909453487780361e+00
4.412225275871112018e+00
4.429445420870020911e+00
4.049760551762475735e+00
3.038620161949702858e+00
8.450980400142568127e-01
9.030899869919435385e-01
2.049218022670181494e+00
2.878521795501206348e+00
3.498586208817517473e+00
3.868468099020986539e+00
3.899108858193399474e+00
3.613207352103759984e+00
3.020775488193558012e+00
2.021189299069938272e+00
6.020599913279623960e-01
3.504062882678691704e+00
3.828273112052069660e+00
3.927626962444954017e+00
3.982904117792628096e+00
3.975937042483110417e+00
3.886490725172481842e+00
3.520745471519482361e+00
2.846955325019823846e+00
1.690196080028513625e+00
-inf
