4.840000000000003189e-01 4.999999999999999445e-01 6.026666666666657957e-01 4.749999999999998668e-01 5.132255132719998336e-01 1.666666666666666574e-01 0.000000000000000000e+00
4.840000000000003189e-01 4.999999999999999445e-01 6.026666666666657957e-01 4.749999999999998668e-01 5.132255132719998336e-01 3.333333333333333148e-01 0.000000000000000000e+00
4.840000000000003189e-01 4.999999999999999445e-01 6.026666666666657957e-01 4.749999999999998668e-01 5.132255132719998336e-01 5.000000000000000000e-01 0.000000000000000000e+00
4.840000000000003189e-01 4.999999999999999445e-01 6.026666666666657957e-01 4.749999999999998668e-01 5.132255132719998336e-01 6.666666666666666297e-01 0.000000000000000000e+00
4.840000000000003189e-01 4.999999999999999445e-01 6.026666666666657957e-01 4.749999999999998668e-01 5.132255132719998336e-01 8.333333333333333703e-01 0.000000000000000000e+00
4.840000000000003189e-01 4.999999999999999445e-01 6.026666666666657957e-01 4.749999999999998668e-01 5.132255132719998336e-01 1.000000000000000000e+00 0.000000000000000000e+00
4.840000000000003189e-01 4.999999999999999445e-01 6.026666666666657957e-01 4.749999999999998668e-01 5.132255132719998336e-01 -5.112706806519320413e-01 1.000000000000000000e+00
4.840000000000003189e-01 4.999999999999999445e-01 6.026666666666657957e-01 4.749999999999998668e-01 5.132255132719998336e-01 -3.234197944504896283e-01 1.000000000000000000e+00
4.840000000000003189e-01 4.999999999999999445e-01 6.026666666666657957e-01 4.749999999999998668e-01 5.132255132719998336e-01 -1.355689082490472430e-01 1.000000000000000000e+00
4.840000000000003189e-01 4.999999999999999445e-01 6.026666666666657957e-01 4.749999999999998668e-01 5.132255132719998336e-01 5.228197795239517692e-02 1.000000000000000000e+00
4.840000000000003189e-01 4.999999999999999445e-01 6.026666666666657957e-01 4.749999999999998668e-01 5.132255132719998336e-01 2.401328641538375830e-01 1.000000000000000000e+00
4.840000000000003189e-01 4.999999999999999445e-01 6.026666666666657957e-01 4.749999999999998668e-01 5.132255132719998336e-01 4.279837503552800237e-01 1.000000000000000000e+00
4.840000000000003189e-01 4.999999999999999445e-01 6.026666666666657957e-01 4.749999999999998668e-01 5.132255132719998336e-01 6.158346365567223257e-01 1.000000000000000000e+00
4.840000000000003189e-01 4.999999999999999445e-01 6.026666666666657957e-01 4.749999999999998668e-01 5.132255132719998336e-01 8.036855227581647387e-01 1.000000000000000000e+00
4.840000000000003189e-01 4.999999999999999445e-01 6.026666666666657957e-01 4.749999999999998668e-01 5.132255132719998336e-01 9.915364089596071517e-01 1.000000000000000000e+00
4.840000000000003189e-01 4.999999999999999445e-01 6.026666666666657957e-01 4.749999999999998668e-01 5.132255132719998336e-01 1.179387295161049565e+00 1.000000000000000000e+00
4.840000000000003189e-01 4.999999999999999445e-01 6.026666666666657957e-01 4.749999999999998668e-01 5.132255132719998336e-01 -2.351345425770762221e-02 2.000000000000000000e+00
4.840000000000003189e-01 4.999999999999999445e-01 6.026666666666657957e-01 4.749999999999998668e-01 5.132255132719998336e-01 1.882669098785087480e-01 2.000000000000000000e+00
4.840000000000003189e-01 4.999999999999999445e-01 6.026666666666657957e-01 4.749999999999998668e-01 5.132255132719998336e-01 4.000472740147251738e-01 2.000000000000000000e+00
4.840000000000003189e-01 4.999999999999999445e-01 6.026666666666657957e-01 4.749999999999998668e-01 5.132255132719998336e-01 6.118276381509415440e-01 2.000000000000000000e+00
4.840000000000003189e-01 4.999999999999999445e-01 6.026666666666657957e-01 4.749999999999998668e-01 5.132255132719998336e-01 8.236080022871579143e-01 2.000000000000000000e+00
4.840000000000003189e-01 4.999999999999999445e-01 6.026666666666657957e-01 4.749999999999998668e-01 5.132255132719998336e-01 1.035388366423374507e+00 2.000000000000000000e+00
4.840000000000003189e-01 4.999999999999999445e-01 6.026666666666657957e-01 4.749999999999998668e-01 5.132255132719998336e-01 1.247168730559590877e+00 2.000000000000000000e+00
4.840000000000003189e-01 4.999999999999999445e-01 6.026666666666657957e-01 4.749999999999998668e-01 5.132255132719998336e-01 1.458949094695807247e+00 2.000000000000000000e+00
4.840000000000003189e-01 4.999999999999999445e-01 6.026666666666657957e-01 4.749999999999998668e-01 5.132255132719998336e-01 1.670729458832023617e+00 2.000000000000000000e+00
4.840000000000003189e-01 4.999999999999999445e-01 6.026666666666657957e-01 4.749999999999998668e-01 5.132255132719998336e-01 1.882509822968239988e+00 2.000000000000000000e+00
4.840000000000003189e-01 4.999999999999999445e-01 6.026666666666657957e-01 4.749999999999998668e-01 5.132255132719998336e-01 5.000000000000000278e-02 3.000000000000000000e+00
4.840000000000003189e-01 4.999999999999999445e-01 6.026666666666657957e-01 4.749999999999998668e-01 5.132255132719998336e-01 1.500000000000000222e-01 3.000000000000000000e+00
4.840000000000003189e-01 4.999999999999999445e-01 6.026666666666657957e-01 4.749999999999998668e-01 5.132255132719998336e-01 2.500000000000000000e-01 3.000000000000000000e+00
4.840000000000003189e-01 4.999999999999999445e-01 6.026666666666657957e-01 4.749999999999998668e-01 5.132255132719998336e-01 3.499999999999999778e-01 3.000000000000000000e+00
4.840000000000003189e-01 4.999999999999999445e-01 6.026666666666657957e-01 4.749999999999998668e-01 5.132255132719998336e-01 4.500000000000000111e-01 3.000000000000000000e+00
4.840000000000003189e-01 4.999999999999999445e-01 6.026666666666657957e-01 4.749999999999998668e-01 5.132255132719998336e-01 5.500000000000000444e-01 3.000000000000000000e+00
4.840000000000003189e-01 4.999999999999999445e-01 6.026666666666657957e-01 4.749999999999998668e-01 5.132255132719998336e-01 6.500000000000000222e-01 3.000000000000000000e+00
4.840000000000003189e-01 4.999999999999999445e-01 6.026666666666657957e-01 4.749999999999998668e-01 5.132255132719998336e-01 7.500000000000000000e-01 3.000000000000000000e+00
4.840000000000003189e-01 4.999999999999999445e-01 6.026666666666657957e-01 4.749999999999998668e-01 5.132255132719998336e-01 8.499999999999999778e-01 3.000000000000000000e+00
4.840000000000003189e-01 4.999999999999999445e-01 6.026666666666657957e-01 4.749999999999998668e-01 5.132255132719998336e-01 9.499999999999999556e-01 3.000000000000000000e+00
