7.946691324840101083e-04
8.271569784988390362e-04
8.274287177946828024e-04
1.151079051518512928e-03
5.916636482384633397e-03
8.837721210841303909e-02
nan
7.085429077872150427e-03
2.819062603161066449e-03
1.881984335079565397e-03
1.630454099252003899e-03
1.385233960537261746e-03
1.213047358149918877e-03
1.032307756157437766e-03
2.801326514460567279e-03
2.767240142381444459e-02
1.002943984203098493e-01
1.838705947703132837e-02
6.904319730899127587e-03
3.412810899191737191e-03
2.334292430424210561e-03
1.919444660003556766e-03
2.372826729146829908e-03
5.371599950186743862e-03
1.194179803514220511e-02
7.530655685082075779e-02
3.024226606975637804e-03
2.094173037428194613e-03
1.832217932126884710e-03
2.056956783526579964e-03
2.140193348029915954e-03
2.816308821683017639e-03
3.403744864290759835e-03
5.136814860158277901e-03
2.794056802617406188e-02
nan
