9.670463557941756400e-04
9.887711325107339903e-04
9.966736713507473502e-04
1.398782744821418624e-03
5.598849646817886938e-03
nan
1.172771759515149441e-02
3.932399756567948532e-03
2.516196005032035610e-03
1.813934859690991691e-03
1.752643129754145488e-03
1.417627285143687821e-03
1.209710101866071693e-03
1.133001522124588373e-03
3.971442485848753097e-03
5.452560011846878385e-02
7.157539290195071013e-02
1.697285181313756830e-02
5.604406280138776904e-03
3.521561452162814878e-03
2.151674699545215279e-03
2.457473104007217718e-03
2.812241575260465178e-03
4.423714722081407286e-03
1.934971702724837955e-02
1.249349466518521606e-01
2.960797437241707505e-03
2.231790506021761374e-03
2.273417012572214336e-03
2.246890649328682921e-03
2.227528531152577970e-03
2.911829885505710317e-03
2.971052221402015713e-03
7.850596876393625689e-03
2.411781023590213457e-02
nan
