5.966693333333333849e-01 3.260024999999999729e-01 1.337666666666667559e-01 5.345600000000000351e-01 4.134808804080001288e-01 1.666666666666666574e-01 0.000000000000000000e+00
5.966693333333333849e-01 3.260024999999999729e-01 1.337666666666667559e-01 5.345600000000000351e-01 4.134808804080001288e-01 3.333333333333333148e-01 0.000000000000000000e+00
5.966693333333333849e-01 3.260024999999999729e-01 1.337666666666667559e-01 5.345600000000000351e-01 4.134808804080001288e-01 5.000000000000000000e-01 0.000000000000000000e+00
5.966693333333333849e-01 3.260024999999999729e-01 1.337666666666667559e-01 5.345600000000000351e-01 4.134808804080001288e-01 6.666666666666666297e-01 0.000000000000000000e+00
5.966693333333333849e-01 3.260024999999999729e-01 1.337666666666667559e-01 5.345600000000000351e-01 4.134808804080001288e-01 8.333333333333333703e-01 0.000000000000000000e+00
5.966693333333333849e-01 3.260024999999999729e-01 1.337666666666667559e-01 5.345600000000000351e-01 4.134808804080001288e-01 1.000000000000000000e+00 0.000000000000000000e+00
5.966693333333333849e-01 3.260024999999999729e-01 1.337666666666667559e-01 5.345600000000000351e-01 4.134808804080001288e-01 -7.056723636624613327e-01 1.000000000000000000e+00
5.966693333333333849e-01 3.260024999999999729e-01 1.337666666666667559e-01 5.345600000000000351e-01 4.134808804080001288e-01 -4.958210713758750554e-01 1.000000000000000000e+00
5.966693333333333849e-01 3.260024999999999729e-01 1.337666666666667559e-01 5.345600000000000351e-01 4.134808804080001288e-01 -2.859697790892886671e-01 1.000000000000000000e+00
5.966693333333333849e-01 3.260024999999999729e-01 1.337666666666667559e-01 5.345600000000000351e-01 4.134808804080001288e-01 -7.611848680270241752e-02 1.000000000000000000e+00
5.966693333333333849e-01 3.260024999999999729e-01 1.337666666666667559e-01 5.345600000000000351e-01 4.134808804080001288e-01 1.337328054838838598e-01 1.000000000000000000e+00
5.966693333333333849e-01 3.260024999999999729e-01 1.337666666666667559e-01 5.345600000000000351e-01 4.134808804080001288e-01 3.435840977704701649e-01 1.000000000000000000e+00
5.966693333333333849e-01 3.260024999999999729e-01 1.337666666666667559e-01 5.345600000000000351e-01 4.134808804080001288e-01 5.534353900570565532e-01 1.000000000000000000e+00
5.966693333333333849e-01 3.260024999999999729e-01 1.337666666666667559e-01 5.345600000000000351e-01 4.134808804080001288e-01 7.632866823436427195e-01 1.000000000000000000e+00
5.966693333333333849e-01 3.260024999999999729e-01 1.337666666666667559e-01 5.345600000000000351e-01 4.134808804080001288e-01 9.731379746302289968e-01 1.000000000000000000e+00
5.966693333333333849e-01 3.260024999999999729e-01 1.337666666666667559e-01 5.345600000000000351e-01 4.134808804080001288e-01 1.182989266916815385e+00 1.000000000000000000e+00
5.966693333333333849e-01 3.260024999999999729e-01 1.337666666666667559e-01 5.345600000000000351e-01 4.134808804080001288e-01 -1.141883907230436257e-01 2.000000000000000000e+00
5.966693333333333849e-01 3.260024999999999729e-01 1.337666666666667559e-01 5.345600000000000351e-01 4.134808804080001288e-01 1.013910733643359763e-01 2.000000000000000000e+00
5.966693333333333849e-01 3.260024999999999729e-01 1.337666666666667559e-01 5.345600000000000351e-01 4.134808804080001288e-01 3.169705374517157725e-01 2.000000000000000000e+00
5.966693333333333849e-01 3.260024999999999729e-01 1.337666666666667559e-01 5.345600000000000351e-01 4.134808804080001288e-01 5.325500015390953745e-01 2.000000000000000000e+00
5.966693333333333849e-01 3.260024999999999729e-01 1.337666666666667559e-01 5.345600000000000351e-01 4.134808804080001288e-01 7.481294656264749765e-01 2.000000000000000000e+00
5.966693333333333849e-01 3.260024999999999729e-01 1.337666666666667559e-01 5.345600000000000351e-01 4.134808804080001288e-01 9.637089297138548005e-01 2.000000000000000000e+00
5.966693333333333849e-01 3.260024999999999729e-01 1.337666666666667559e-01 5.345600000000000351e-01 4.134808804080001288e-01 1.179288393801234403e+00 2.000000000000000000e+00
5.966693333333333849e-01 3.260024999999999729e-01 1.337666666666667559e-01 5.345600000000000351e-01 4.134808804080001288e-01 1.394867857888614227e+00 2.000000000000000000e+00
5.966693333333333849e-01 3.260024999999999729e-01 1.337666666666667559e-01 5.345600000000000351e-01 4.134808804080001288e-01 1.610447321975993829e+00 2.000000000000000000e+00
5.966693333333333849e-01 3.260024999999999729e-01 1.337666666666667559e-01 5.345600000000000351e-01 4.134808804080001288e-01 1.826026786063373653e+00 2.000000000000000000e+00
5.966693333333333849e-01 3.260024999999999729e-01 1.337666666666667559e-01 5.345600000000000351e-01 4.134808804080001288e-01 5.000000000000000278e-02 3.000000000000000000e+00
5.966693333333333849e-01 3.260024999999999729e-01 1.337666666666667559e-01 5.345600000000000351e-01 4.134808804080001288e-01 1.500000000000000222e-01 3.000000000000000000e+00
5.966693333333333849e-01 3.260024999999999729e-01 1.337666666666667559e-01 5.345600000000000351e-01 4.134808804080001288e-01 2.500000000000000000e-01 3.000000000000000000e+00
5.966693333333333849e-01 3.260024999999999729e-01 1.337666666666667559e-01 5.345600000000000351e-01 4.134808804080001288e-01 3.499999999999999778e-01 3.000000000000000000e+00
5.966693333333333849e-01 3.260024999999999729e-01 1.337666666666667559e-01 5.345600000000000351e-01 4.134808804080001288e-01 4.500000000000000111e-01 3.000000000000000000e+00
5.966693333333333849e-01 3.260024999999999729e-01 1.337666666666667559e-01 5.345600000000000351e-01 4.134808804080001288e-01 5.500000000000000444e-01 3.000000000000000000e+00
5.966693333333333849e-01 3.260024999999999729e-01 1.337666666666667559e-01 5.345600000000000351e-01 4.134808804080001288e-01 6.500000000000000222e-01 3.000000000000000000e+00
5.966693333333333849e-01 3.260024999999999729e-01 1.337666666666667559e-01 5.345600000000000351e-01 4.134808804080001288e-01 7.500000000000000000e-01 3.000000000000000000e+00
5.966693333333333849e-01 3.260024999999999729e-01 1.337666666666667559e-01 5.345600000000000351e-01 4.134808804080001288e-01 8.499999999999999778e-01 3.000000000000000000e+00
5.966693333333333849e-01 3.260024999999999729e-01 1.337666666666667559e-01 5.345600000000000351e-01 4.134808804080001288e-01 9.499999999999999556e-01 3.000000000000000000e+00
