5.407854883129593837e+00
5.729995931646596041e+00
5.327853524825994391e+00
4.315875923349381083e+00
2.735099653198893588e+00
2.941905711336757490e-01
-inf
2.274193942717422257e+00
3.333771488799802007e+00
3.808167701732464216e+00
4.122179514830450309e+00
4.367982504760154150e+00
4.504383136684062983e+00
4.345966436899191265e+00
3.515269316891425522e+00
1.778151250383643633e+00
-1.378828448563329534e-02
1.860244398534872445e+00
2.794259249841917203e+00
3.438562124951588750e+00
3.853104757301662797e+00
3.929316726753495637e+00
3.699700903722306311e+00
3.126993374573809881e+00
2.132689847529099403e+00
2.837251374555107564e-01
3.503984217504133802e+00
3.841606780483160399e+00
3.944363903514133796e+00
4.014515944830439054e+00
4.014150243596735557e+00
3.894549696239149483e+00
3.533124358695609146e+00
2.835611313442766068e+00
1.625183790175100063e+00
-inf
