9.527004820970176981e-04
1.002834802609338122e-03
9.888995560166390954e-04
1.276414126632790429e-03
5.145865653415714232e-03
1.259881576697424177e-01
4.935121192110484417e-02
3.850211881371794209e-03
2.124757075949726664e-03
2.238768085028424761e-03
1.742531039146149501e-03
1.596163909371631435e-03
1.086443113594508887e-03
1.131029300103022703e-03
3.455304354687613235e-03
3.281744318060474813e-02
nan
2.056439663944412827e-02
8.030463130564890334e-03
3.909088859652288389e-03
2.778177982735232764e-03
2.142574313765066834e-03
2.530964714101862408e-03
4.745151161065855501e-03
1.381764873119812817e-02
7.306472959125090427e-02
2.715019067315119997e-03
2.322935089046922110e-03
1.967369537981625456e-03
2.150485260057222441e-03
2.363405081238185296e-03
2.305181842605674800e-03
3.374968998942276012e-03
6.585138293990770893e-03
2.540429137113342853e-02
nan
