1.009600269256794415e-03
1.030302885039136029e-03
1.055108652301558602e-03
1.422612253370759017e-03
5.863064904059289532e-03
7.157539290195071013e-02
nan
2.104219335914596367e-02
3.366842340520638261e-03
2.343630643698915109e-03
1.862428032923804915e-03
1.410616578317830643e-03
1.343428097010828000e-03
1.059735975188743360e-03
2.285093574821771105e-03
2.381247032429354218e-02
4.862166383263151481e-02
1.621645287829196272e-02
7.051922474236264372e-03
3.596423863375569456e-03
2.322316917322410790e-03
1.795078453832650144e-03
3.455377080244174514e-03
6.189833414697561501e-03
1.785162412660275949e-02
2.217663812863718553e-01
2.726890347471130037e-03
2.294856665879213380e-03
2.205979846947158079e-03
2.141046576765828421e-03
1.943288678262387924e-03
2.427989882665900628e-03
4.132529176723554430e-03
7.479922223981947532e-03
2.293715799264439692e-02
nan
