4.077073333333335881e-01 6.679754999999999443e-01 8.316959999999993247e-01 2.589099999999999735e-01 5.153110712240001057e-01 1.666666666666666574e-01 0.000000000000000000e+00
4.077073333333335881e-01 6.679754999999999443e-01 8.316959999999993247e-01 2.589099999999999735e-01 5.153110712240001057e-01 3.333333333333333148e-01 0.000000000000000000e+00
4.077073333333335881e-01 6.679754999999999443e-01 8.316959999999993247e-01 2.589099999999999735e-01 5.153110712240001057e-01 5.000000000000000000e-01 0.000000000000000000e+00
4.077073333333335881e-01 6.679754999999999443e-01 8.316959999999993247e-01 2.589099999999999735e-01 5.153110712240001057e-01 6.666666666666666297e-01 0.000000000000000000e+00
4.077073333333335881e-01 6.679754999999999443e-01 8.316959999999993247e-01 2.589099999999999735e-01 5.153110712240001057e-01 8.333333333333333703e-01 0.000000000000000000e+00
4.077073333333335881e-01 6.679754999999999443e-01 8.316959999999993247e-01 2.589099999999999735e-01 5.153110712240001057e-01 1.000000000000000000e+00 0.000000000000000000e+00
4.077073333333335881e-01 6.679754999999999443e-01 8.316959999999993247e-01 2.589099999999999735e-01 5.153110712240001057e-01 -5.206419041778767021e-01 1.000000000000000000e+00
4.077073333333335881e-01 6.679754999999999443e-01 8.316959999999993247e-01 2.589099999999999735e-01 5.153110712240001057e-01 -3.285369856494627094e-01 1.000000000000000000e+00
4.077073333333335881e-01 6.679754999999999443e-01 8.316959999999993247e-01 2.589099999999999735e-01 5.153110712240001057e-01 -1.364320671210488001e-01 1.000000000000000000e+00
4.077073333333335881e-01 6.679754999999999443e-01 8.316959999999993247e-01 2.589099999999999735e-01 5.153110712240001057e-01 5.567285140736519256e-02 1.000000000000000000e+00
4.077073333333335881e-01 6.679754999999999443e-01 8.316959999999993247e-01 2.589099999999999735e-01 5.153110712240001057e-01 2.477777699357789909e-01 1.000000000000000000e+00
4.077073333333335881e-01 6.679754999999999443e-01 8.316959999999993247e-01 2.589099999999999735e-01 5.153110712240001057e-01 4.398826884641929835e-01 1.000000000000000000e+00
4.077073333333335881e-01 6.679754999999999443e-01 8.316959999999993247e-01 2.589099999999999735e-01 5.153110712240001057e-01 6.319876069926068096e-01 1.000000000000000000e+00
4.077073333333335881e-01 6.679754999999999443e-01 8.316959999999993247e-01 2.589099999999999735e-01 5.153110712240001057e-01 8.240925255210207467e-01 1.000000000000000000e+00
4.077073333333335881e-01 6.679754999999999443e-01 8.316959999999993247e-01 2.589099999999999735e-01 5.153110712240001057e-01 1.016197444049434573e+00 1.000000000000000000e+00
4.077073333333335881e-01 6.679754999999999443e-01 8.316959999999993247e-01 2.589099999999999735e-01 5.153110712240001057e-01 1.208302362577848621e+00 1.000000000000000000e+00
4.077073333333335881e-01 6.679754999999999443e-01 8.316959999999993247e-01 2.589099999999999735e-01 5.153110712240001057e-01 -6.396275004480195259e-02 2.000000000000000000e+00
4.077073333333335881e-01 6.679754999999999443e-01 8.316959999999993247e-01 2.589099999999999735e-01 5.153110712240001057e-01 1.432205524507061400e-01 2.000000000000000000e+00
4.077073333333335881e-01 6.679754999999999443e-01 8.316959999999993247e-01 2.589099999999999735e-01 5.153110712240001057e-01 3.504038549462142327e-01 2.000000000000000000e+00
4.077073333333335881e-01 6.679754999999999443e-01 8.316959999999993247e-01 2.589099999999999735e-01 5.153110712240001057e-01 5.575871574417223808e-01 2.000000000000000000e+00
4.077073333333335881e-01 6.679754999999999443e-01 8.316959999999993247e-01 2.589099999999999735e-01 5.153110712240001057e-01 7.647704599372304735e-01 2.000000000000000000e+00
4.077073333333335881e-01 6.679754999999999443e-01 8.316959999999993247e-01 2.589099999999999735e-01 5.153110712240001057e-01 9.719537624327385661e-01 2.000000000000000000e+00
4.077073333333335881e-01 6.679754999999999443e-01 8.316959999999993247e-01 2.589099999999999735e-01 5.153110712240001057e-01 1.179137064928246659e+00 2.000000000000000000e+00
4.077073333333335881e-01 6.679754999999999443e-01 8.316959999999993247e-01 2.589099999999999735e-01 5.153110712240001057e-01 1.386320367423754751e+00 2.000000000000000000e+00
4.077073333333335881e-01 6.679754999999999443e-01 8.316959999999993247e-01 2.589099999999999735e-01 5.153110712240001057e-01 1.593503669919262844e+00 2.000000000000000000e+00
4.077073333333335881e-01 6.679754999999999443e-01 8.316959999999993247e-01 2.589099999999999735e-01 5.153110712240001057e-01 1.800686972414770937e+00 2.000000000000000000e+00
4.077073333333335881e-01 6.679754999999999443e-01 8.316959999999993247e-01 2.589099999999999735e-01 5.153110712240001057e-01 5.000000000000000278e-02 3.000000000000000000e+00
4.077073333333335881e-01 6.679754999999999443e-01 8.316959999999993247e-01 2.589099999999999735e-01 5.153110712240001057e-01 1.500000000000000222e-01 3.000000000000000000e+00
4.077073333333335881e-01 6.679754999999999443e-01 8.316959999999993247e-01 2.589099999999999735e-01 5.153110712240001057e-01 2.500000000000000000e-01 3.000000000000000000e+00
4.077073333333335881e-01 6.679754999999999443e-01 8.316959999999993247e-01 2.589099999999999735e-01 5.153110712240001057e-01 3.499999999999999778e-01 3.000000000000000000e+00
4.077073333333335881e-01 6.679754999999999443e-01 8.316959999999993247e-01 2.589099999999999735e-01 5.153110712240001057e-01 4.500000000000000111e-01 3.000000000000000000e+00
4.077073333333335881e-01 6.679754999999999443e-01 8.316959999999993247e-01 2.589099999999999735e-01 5.153110712240001057e-01 5.500000000000000444e-01 3.000000000000000000e+00
4.077073333333335881e-01 6.679754999999999443e-01 8.316959999999993247e-01 2.589099999999999735e-01 5.153110712240001057e-01 6.500000000000000222e-01 3.000000000000000000e+00
4.077073333333335881e-01 6.679754999999999443e-01 8.316959999999993247e-01 2.589099999999999735e-01 5.153110712240001057e-01 7.500000000000000000e-01 3.000000000000000000e+00
4.077073333333335881e-01 6.679754999999999443e-01 8.316959999999993247e-01 2.589099999999999735e-01 5.153110712240001057e-01 8.499999999999999778e-01 3.000000000000000000e+00
4.077073333333335881e-01 6.679754999999999443e-01 8.316959999999993247e-01 2.589099999999999735e-01 5.153110712240001057e-01 9.499999999999999556e-01 3.000000000000000000e+00
