4.840000000000003189e-01 4.999999999999999445e-01 6.026666666666657957e-01 4.749999999999998668e-01 5.132255132719998336e-01 1.666666666666666574e-01 0.000000000000000000e+00
4.840000000000003189e-01 4.999999999999999445e-01 6.026666666666657957e-01 4.749999999999998668e-01 5.132255132719998336e-01 3.333333333333333148e-01 0.000000000000000000e+00
4.840000000000003189e-01 4.999999999999999445e-01 6.026666666666657957e-01 4.749999999999998668e-01 5.132255132719998336e-01 5.000000000000000000e-01 0.000000000000000000e+00
4.840000000000003189e-01 4.999999999999999445e-01 6.026666666666657957e-01 4.749999999999998668e-01 5.132255132719998336e-01 6.666666666666666297e-01 0.000000000000000000e+00
4.840000000000003189e-01 4.999999999999999445e-01 6.026666666666657957e-01 4.749999999999998668e-01 5.132255132719998336e-01 8.333333333333333703e-01 0.000000000000000000e+00
4.840000000000003189e-01 4.999999999999999445e-01 6.026666666666657957e-01 4.749999999999998668e-01 5.132255132719998336e-01 1.000000000000000000e+00 0.000000000000000000e+00
4.840000000000003189e-01 4.999999999999999445e-01 6.026666666666657957e-01 4.749999999999998668e-01 5.132255132719998336e-01 -7.613339553053352082e-01 1.000000000000000000e+00
4.840000000000003189e-01 4.999999999999999445e-01 6.026666666666657957e-01 4.749999999999998668e-01 5.132255132719998336e-01 -5.474687375871591932e-01 1.000000000000000000e+00
4.840000000000003189e-01 4.999999999999999445e-01 6.026666666666657957e-01 4.749999999999998668e-01 5.132255132719998336e-01 -3.336035198689831227e-01 1.000000000000000000e+00
4.840000000000003189e-01 4.999999999999999445e-01 6.026666666666657957e-01 4.749999999999998668e-01 5.132255132719998336e-01 -1.197383021508070522e-01 1.000000000000000000e+00
4.840000000000003189e-01 4.999999999999999445e-01 6.026666666666657957e-01 4.749999999999998668e-01 5.132255132719998336e-01 9.412691556736899057e-02 1.000000000000000000e+00
4.840000000000003189e-01 4.999999999999999445e-01 6.026666666666657957e-01 4.749999999999998668e-01 5.132255132719998336e-01 3.079921332855449223e-01 1.000000000000000000e+00
4.840000000000003189e-01 4.999999999999999445e-01 6.026666666666657957e-01 4.749999999999998668e-01 5.132255132719998336e-01 5.218573510037211038e-01 1.000000000000000000e+00
4.840000000000003189e-01 4.999999999999999445e-01 6.026666666666657957e-01 4.749999999999998668e-01 5.132255132719998336e-01 7.357225687218971188e-01 1.000000000000000000e+00
4.840000000000003189e-01 4.999999999999999445e-01 6.026666666666657957e-01 4.749999999999998668e-01 5.132255132719998336e-01 9.495877864400731339e-01 1.000000000000000000e+00
4.840000000000003189e-01 4.999999999999999445e-01 6.026666666666657957e-01 4.749999999999998668e-01 5.132255132719998336e-01 1.163453004158249149e+00 1.000000000000000000e+00
4.840000000000003189e-01 4.999999999999999445e-01 6.026666666666657957e-01 4.749999999999998668e-01 5.132255132719998336e-01 -5.461309606980883913e-02 2.000000000000000000e+00
4.840000000000003189e-01 4.999999999999999445e-01 6.026666666666657957e-01 4.749999999999998668e-01 5.132255132719998336e-01 1.479335287566771739e-01 2.000000000000000000e+00
4.840000000000003189e-01 4.999999999999999445e-01 6.026666666666657957e-01 4.749999999999998668e-01 5.132255132719998336e-01 3.504801535831633119e-01 2.000000000000000000e+00
4.840000000000003189e-01 4.999999999999999445e-01 6.026666666666657957e-01 4.749999999999998668e-01 5.132255132719998336e-01 5.530267784096494221e-01 2.000000000000000000e+00
4.840000000000003189e-01 4.999999999999999445e-01 6.026666666666657957e-01 4.749999999999998668e-01 5.132255132719998336e-01 7.555734032361354213e-01 2.000000000000000000e+00
4.840000000000003189e-01 4.999999999999999445e-01 6.026666666666657957e-01 4.749999999999998668e-01 5.132255132719998336e-01 9.581200280626215315e-01 2.000000000000000000e+00
4.840000000000003189e-01 4.999999999999999445e-01 6.026666666666657957e-01 4.749999999999998668e-01 5.132255132719998336e-01 1.160666652889107642e+00 2.000000000000000000e+00
4.840000000000003189e-01 4.999999999999999445e-01 6.026666666666657957e-01 4.749999999999998668e-01 5.132255132719998336e-01 1.363213277715593641e+00 2.000000000000000000e+00
4.840000000000003189e-01 4.999999999999999445e-01 6.026666666666657957e-01 4.749999999999998668e-01 5.132255132719998336e-01 1.565759902542079640e+00 2.000000000000000000e+00
4.840000000000003189e-01 4.999999999999999445e-01 6.026666666666657957e-01 4.749999999999998668e-01 5.132255132719998336e-01 1.768306527368565861e+00 2.000000000000000000e+00
4.840000000000003189e-01 4.999999999999999445e-01 6.026666666666657957e-01 4.749999999999998668e-01 5.132255132719998336e-01 5.000000000000000278e-02 3.000000000000000000e+00
4.840000000000003189e-01 4.999999999999999445e-01 6.026666666666657957e-01 4.749999999999998668e-01 5.132255132719998336e-01 1.500000000000000222e-01 3.000000000000000000e+00
4.840000000000003189e-01 4.999999999999999445e-01 6.026666666666657957e-01 4.749999999999998668e-01 5.132255132719998336e-01 2.500000000000000000e-01 3.000000000000000000e+00
4.840000000000003189e-01 4.999999999999999445e-01 6.026666666666657957e-01 4.749999999999998668e-01 5.132255132719998336e-01 3.499999999999999778e-01 3.000000000000000000e+00
4.840000000000003189e-01 4.999999999999999445e-01 6.026666666666657957e-01 4.749999999999998668e-01 5.132255132719998336e-01 4.500000000000000111e-01 3.000000000000000000e+00
4.840000000000003189e-01 4.999999999999999445e-01 6.026666666666657957e-01 4.749999999999998668e-01 5.132255132719998336e-01 5.500000000000000444e-01 3.000000000000000000e+00
4.840000000000003189e-01 4.999999999999999445e-01 6.026666666666657957e-01 4.749999999999998668e-01 5.132255132719998336e-01 6.500000000000000222e-01 3.000000000000000000e+00
4.840000000000003189e-01 4.999999999999999445e-01 6.026666666666657957e-01 4.749999999999998668e-01 5.132255132719998336e-01 7.500000000000000000e-01 3.000000000000000000e+00
4.840000000000003189e-01 4.999999999999999445e-01 6.026666666666657957e-01 4.749999999999998668e-01 5.132255132719998336e-01 8.499999999999999778e-01 3.000000000000000000e+00
4.840000000000003189e-01 4.999999999999999445e-01 6.026666666666657957e-01 4.749999999999998668e-01 5.132255132719998336e-01 9.499999999999999556e-01 3.000000000000000000e+00
