5.391517306849448410e+00
5.714446754069531842e+00
5.310956570022719703e+00
4.302066314901261457e+00
2.727159862008081248e+00
2.941905711336757490e-01
-inf
1.354888411487287447e+00
3.192898344386383425e+00
3.739216219393725726e+00
4.089144209240762606e+00
4.356213847357271796e+00
4.504566215006409635e+00
4.347233935334537946e+00
3.455936366430657714e+00
1.572036175765990640e+00
5.917600346881504159e-01
1.950227898565070950e+00
2.769481178728636639e+00
3.415755625844118182e+00
3.821795924498682773e+00
3.901775786581389571e+00
3.701747375082883096e+00
3.218453443639671896e+00
2.370663410519851411e+00
1.209598782405153727e+00
3.500894401104477804e+00
3.835419052582735411e+00
3.935548199425354721e+00
3.985024189293517427e+00
3.993021992740857229e+00
3.873366928449578861e+00
3.536268368935877149e+00
2.814923572959752374e+00
1.636769895593974455e+00
-inf
