5.400274353940589300e+00
5.724614761034064969e+00
5.320382557769326226e+00
4.309340674363147272e+00
2.683356655498208010e+00
4.702818301893569863e-01
-inf
2.742872358092447449e+00
3.491847376668125058e+00
3.878762285536051735e+00
4.183876364300156858e+00
4.403840886580896452e+00
4.492837186726612586e+00
4.206454392044483903e+00
3.243646410190136553e+00
1.314722843630639959e+00
-inf
1.810400556101998903e+00
2.679938664438013873e+00
3.361603902790952336e+00
3.813662286089035014e+00
3.942501782240191766e+00
3.729640551406634419e+00
3.219441254819371157e+00
2.279502969210728036e+00
5.847551331194920099e-01
3.515186439428118259e+00
3.839323840745228811e+00
3.933858057769374028e+00
3.994618183357594443e+00
3.996812553243267896e+00
3.880553687852131617e+00
3.531438998435498355e+00
2.826277318200836941e+00
1.616245702387317351e+00
-inf
