5.366768387467222290e+00
5.688151865095509407e+00
5.286804394690685527e+00
4.274965624539286857e+00
2.686636269262293375e+00
-inf
-inf
2.250420002308894052e+00
3.341434524578140053e+00
3.802500067764393421e+00
4.123328866926347480e+00
4.373794416714731348e+00
4.467889159261119403e+00
4.220578754632828833e+00
3.215901813204031789e+00
1.146128035678237955e+00
6.989700043360188575e-01
2.089905111439398055e+00
2.822168079368017501e+00
3.450864692379766119e+00
3.847078862065715477e+00
3.876564213983845431e+00
3.612783856719735454e+00
3.036229544086294752e+00
2.093421685162235146e+00
6.020599913279623960e-01
3.496098992132571137e+00
3.813981075636471818e+00
3.915452601688478751e+00
3.963315511386111378e+00
3.961610908091280692e+00
3.853880650124542395e+00
3.517327882294373431e+00
2.838849090737255221e+00
1.681241237375587172e+00
-inf
