-3.170026325920417554e-01
0.000000000000000000e+00
-3.976335546857315828e-01
-1.404075005644681795e+00
-3.163134518295702691e-01
-2.532276192632941791e-01
-2.254148240495569555e-01
-1.850619567907299257e-01
-1.307957056412600572e-01
-1.008599093680542930e-01
-7.987179533891834715e-02
-3.871200261920981073e-02
-3.495663527662783154e-02
-8.711803848452933513e-03
-1.940202436790249008e-02
-4.060724764316281962e-04
-2.241711855353876182e-01
-1.279603320267137800e-01
-8.830984124613888708e-02
-1.664438566821165380e-02
-3.924390909822718376e-02
-5.041484867334811854e-02
-8.958906008531182519e-02
-1.588909155318461164e-01
-2.389747482886273866e-01
-3.165927008679050858e-01
-4.332090876184082617e-01
-1.594462012982734642e-02
-2.078360592329208181e-02
-5.559640310545661129e-02
-1.941463042849032594e-01
-4.250034185121014385e-01
