3.897326666666666717e-01 7.550511249999999341e-01 4.955373333333330521e-01 1.289107500000000184e-01 4.429664605200001049e-01 1.666666666666666574e-01 0.000000000000000000e+00
3.897326666666666717e-01 7.550511249999999341e-01 4.955373333333330521e-01 1.289107500000000184e-01 4.429664605200001049e-01 3.333333333333333148e-01 0.000000000000000000e+00
3.897326666666666717e-01 7.550511249999999341e-01 4.955373333333330521e-01 1.289107500000000184e-01 4.429664605200001049e-01 5.000000000000000000e-01 0.000000000000000000e+00
3.897326666666666717e-01 7.550511249999999341e-01 4.955373333333330521e-01 1.289107500000000184e-01 4.429664605200001049e-01 6.666666666666666297e-01 0.000000000000000000e+00
3.897326666666666717e-01 7.550511249999999341e-01 4.955373333333330521e-01 1.289107500000000184e-01 4.429664605200001049e-01 4.786045918956630674e-01 1.000000000000000000e+00
3.897326666666666717e-01 7.550511249999999341e-01 4.955373333333330521e-01 1.289107500000000184e-01 4.429664605200001049e-01 5.154952305143851721e-01 1.000000000000000000e+00
3.897326666666666717e-01 7.550511249999999341e-01 4.955373333333330521e-01 1.289107500000000184e-01 4.429664605200001049e-01 5.523858691331073878e-01 1.000000000000000000e+00
3.897326666666666717e-01 7.550511249999999341e-01 4.955373333333330521e-01 1.289107500000000184e-01 4.429664605200001049e-01 5.892765077518293815e-01 1.000000000000000000e+00
3.897326666666666717e-01 7.550511249999999341e-01 4.955373333333330521e-01 1.289107500000000184e-01 4.429664605200001049e-01 6.261671463705515972e-01 1.000000000000000000e+00
3.897326666666666717e-01 7.550511249999999341e-01 4.955373333333330521e-01 1.289107500000000184e-01 4.429664605200001049e-01 6.630577849892735909e-01 1.000000000000000000e+00
3.897326666666666717e-01 7.550511249999999341e-01 4.955373333333330521e-01 1.289107500000000184e-01 4.429664605200001049e-01 6.999484236079958066e-01 1.000000000000000000e+00
3.897326666666666717e-01 7.550511249999999341e-01 4.955373333333330521e-01 1.289107500000000184e-01 4.429664605200001049e-01 7.368390622267179113e-01 1.000000000000000000e+00
3.897326666666666717e-01 7.550511249999999341e-01 4.955373333333330521e-01 1.289107500000000184e-01 4.429664605200001049e-01 7.737297008454400160e-01 1.000000000000000000e+00
3.897326666666666717e-01 7.550511249999999341e-01 4.955373333333330521e-01 1.289107500000000184e-01 4.429664605200001049e-01 8.106203394641621207e-01 1.000000000000000000e+00
3.897326666666666717e-01 7.550511249999999341e-01 4.955373333333330521e-01 1.289107500000000184e-01 4.429664605200001049e-01 8.475109780828842254e-01 1.000000000000000000e+00
3.897326666666666717e-01 7.550511249999999341e-01 4.955373333333330521e-01 1.289107500000000184e-01 4.429664605200001049e-01 8.844016167016064411e-01 1.000000000000000000e+00
3.897326666666666717e-01 7.550511249999999341e-01 4.955373333333330521e-01 1.289107500000000184e-01 4.429664605200001049e-01 1.007566038584503554e+00 2.000000000000000000e+00
3.897326666666666717e-01 7.550511249999999341e-01 4.955373333333330521e-01 1.289107500000000184e-01 4.429664605200001049e-01 1.069971332183177415e+00 2.000000000000000000e+00
3.897326666666666717e-01 7.550511249999999341e-01 4.955373333333330521e-01 1.289107500000000184e-01 4.429664605200001049e-01 1.132376625781851276e+00 2.000000000000000000e+00
3.897326666666666717e-01 7.550511249999999341e-01 4.955373333333330521e-01 1.289107500000000184e-01 4.429664605200001049e-01 1.194781919380525359e+00 2.000000000000000000e+00
3.897326666666666717e-01 7.550511249999999341e-01 4.955373333333330521e-01 1.289107500000000184e-01 4.429664605200001049e-01 1.257187212979199220e+00 2.000000000000000000e+00
3.897326666666666717e-01 7.550511249999999341e-01 4.955373333333330521e-01 1.289107500000000184e-01 4.429664605200001049e-01 1.319592506577873081e+00 2.000000000000000000e+00
3.897326666666666717e-01 7.550511249999999341e-01 4.955373333333330521e-01 1.289107500000000184e-01 4.429664605200001049e-01 1.381997800176547164e+00 2.000000000000000000e+00
3.897326666666666717e-01 7.550511249999999341e-01 4.955373333333330521e-01 1.289107500000000184e-01 4.429664605200001049e-01 1.444403093775221025e+00 2.000000000000000000e+00
3.897326666666666717e-01 7.550511249999999341e-01 4.955373333333330521e-01 1.289107500000000184e-01 4.429664605200001049e-01 1.506808387373895108e+00 2.000000000000000000e+00
3.897326666666666717e-01 7.550511249999999341e-01 4.955373333333330521e-01 1.289107500000000184e-01 4.429664605200001049e-01 1.569213680972568969e+00 2.000000000000000000e+00
3.897326666666666717e-01 7.550511249999999341e-01 4.955373333333330521e-01 1.289107500000000184e-01 4.429664605200001049e-01 1.631618974571243053e+00 2.000000000000000000e+00
3.897326666666666717e-01 7.550511249999999341e-01 4.955373333333330521e-01 1.289107500000000184e-01 4.429664605200001049e-01 4.100000000000000311e-01 3.000000000000000000e+00
3.897326666666666717e-01 7.550511249999999341e-01 4.955373333333330521e-01 1.289107500000000184e-01 4.429664605200001049e-01 4.699999999999999734e-01 3.000000000000000000e+00
3.897326666666666717e-01 7.550511249999999341e-01 4.955373333333330521e-01 1.289107500000000184e-01 4.429664605200001049e-01 5.300000000000000266e-01 3.000000000000000000e+00
3.897326666666666717e-01 7.550511249999999341e-01 4.955373333333330521e-01 1.289107500000000184e-01 4.429664605200001049e-01 5.899999999999999689e-01 3.000000000000000000e+00
3.897326666666666717e-01 7.550511249999999341e-01 4.955373333333330521e-01 1.289107500000000184e-01 4.429664605200001049e-01 6.500000000000000222e-01 3.000000000000000000e+00
