-3.131941057837492881e-01
0.000000000000000000e+00
-3.948449263782438101e-01
-1.393305617758239245e+00
-2.843283687982859353e-01
-2.372041944317580808e-01
-1.974045059984743389e-01
-1.512227754100194943e-01
-1.319640819551740341e-01
-1.012421634624176697e-01
-6.899917379007582119e-02
-4.492012316909393954e-02
-2.176622688675729916e-02
-2.063466167676069121e-02
-3.027961840916869145e-03
0.000000000000000000e+00
-2.003364349257979182e-01
-1.226826563040757934e-01
-5.683021338641058851e-02
-8.912433153170711345e-03
-3.394251692144245602e-04
-5.644365841482606311e-02
-9.143121325882738737e-02
-1.467391921135694222e-01
-2.559516209287930888e-01
-4.065062525028489970e-01
-5.401836034888080063e-01
-2.319050066845441266e-02
-4.768953148034425771e-02
-8.994366814610421645e-02
-2.000086125831773975e-01
-4.496436663227024733e-01
