9.861739999999997730e-01 3.706249999999994271e-02 6.809720000000001328e-01 8.967182499999998280e-01 1.491949855999998853e-01 1.666666666666666574e-01 0.000000000000000000e+00
9.861739999999997730e-01 3.706249999999994271e-02 6.809720000000001328e-01 8.967182499999998280e-01 1.491949855999998853e-01 3.333333333333333148e-01 0.000000000000000000e+00
9.861739999999997730e-01 3.706249999999994271e-02 6.809720000000001328e-01 8.967182499999998280e-01 1.491949855999998853e-01 5.000000000000000000e-01 0.000000000000000000e+00
9.861739999999997730e-01 3.706249999999994271e-02 6.809720000000001328e-01 8.967182499999998280e-01 1.491949855999998853e-01 6.666666666666666297e-01 0.000000000000000000e+00
9.861739999999997730e-01 3.706249999999994271e-02 6.809720000000001328e-01 8.967182499999998280e-01 1.491949855999998853e-01 4.933367998604149540e-01 1.000000000000000000e+00
9.861739999999997730e-01 3.706249999999994271e-02 6.809720000000001328e-01 8.967182499999998280e-01 1.491949855999998853e-01 5.306172046215423821e-01 1.000000000000000000e+00
9.861739999999997730e-01 3.706249999999994271e-02 6.809720000000001328e-01 8.967182499999998280e-01 1.491949855999998853e-01 5.678976093826697547e-01 1.000000000000000000e+00
9.861739999999997730e-01 3.706249999999994271e-02 6.809720000000001328e-01 8.967182499999998280e-01 1.491949855999998853e-01 6.051780141437972382e-01 1.000000000000000000e+00
9.861739999999997730e-01 3.706249999999994271e-02 6.809720000000001328e-01 8.967182499999998280e-01 1.491949855999998853e-01 6.424584189049247218e-01 1.000000000000000000e+00
9.861739999999997730e-01 3.706249999999994271e-02 6.809720000000001328e-01 8.967182499999998280e-01 1.491949855999998853e-01 6.797388236660520944e-01 1.000000000000000000e+00
9.861739999999997730e-01 3.706249999999994271e-02 6.809720000000001328e-01 8.967182499999998280e-01 1.491949855999998853e-01 7.170192284271795780e-01 1.000000000000000000e+00
9.861739999999997730e-01 3.706249999999994271e-02 6.809720000000001328e-01 8.967182499999998280e-01 1.491949855999998853e-01 7.542996331883069505e-01 1.000000000000000000e+00
9.861739999999997730e-01 3.706249999999994271e-02 6.809720000000001328e-01 8.967182499999998280e-01 1.491949855999998853e-01 7.915800379494343231e-01 1.000000000000000000e+00
9.861739999999997730e-01 3.706249999999994271e-02 6.809720000000001328e-01 8.967182499999998280e-01 1.491949855999998853e-01 8.288604427105618067e-01 1.000000000000000000e+00
9.861739999999997730e-01 3.706249999999994271e-02 6.809720000000001328e-01 8.967182499999998280e-01 1.491949855999998853e-01 8.661408474716892902e-01 1.000000000000000000e+00
9.861739999999997730e-01 3.706249999999994271e-02 6.809720000000001328e-01 8.967182499999998280e-01 1.491949855999998853e-01 9.034212522328166628e-01 1.000000000000000000e+00
9.861739999999997730e-01 3.706249999999994271e-02 6.809720000000001328e-01 8.967182499999998280e-01 1.491949855999998853e-01 1.005406441973226039e+00 2.000000000000000000e+00
9.861739999999997730e-01 3.706249999999994271e-02 6.809720000000001328e-01 8.967182499999998280e-01 1.491949855999998853e-01 1.062482633275559474e+00 2.000000000000000000e+00
9.861739999999997730e-01 3.706249999999994271e-02 6.809720000000001328e-01 8.967182499999998280e-01 1.491949855999998853e-01 1.119558824577892908e+00 2.000000000000000000e+00
9.861739999999997730e-01 3.706249999999994271e-02 6.809720000000001328e-01 8.967182499999998280e-01 1.491949855999998853e-01 1.176635015880226121e+00 2.000000000000000000e+00
9.861739999999997730e-01 3.706249999999994271e-02 6.809720000000001328e-01 8.967182499999998280e-01 1.491949855999998853e-01 1.233711207182559555e+00 2.000000000000000000e+00
9.861739999999997730e-01 3.706249999999994271e-02 6.809720000000001328e-01 8.967182499999998280e-01 1.491949855999998853e-01 1.290787398484892989e+00 2.000000000000000000e+00
9.861739999999997730e-01 3.706249999999994271e-02 6.809720000000001328e-01 8.967182499999998280e-01 1.491949855999998853e-01 1.347863589787226424e+00 2.000000000000000000e+00
9.861739999999997730e-01 3.706249999999994271e-02 6.809720000000001328e-01 8.967182499999998280e-01 1.491949855999998853e-01 1.404939781089559858e+00 2.000000000000000000e+00
9.861739999999997730e-01 3.706249999999994271e-02 6.809720000000001328e-01 8.967182499999998280e-01 1.491949855999998853e-01 1.462015972391893293e+00 2.000000000000000000e+00
9.861739999999997730e-01 3.706249999999994271e-02 6.809720000000001328e-01 8.967182499999998280e-01 1.491949855999998853e-01 1.519092163694226727e+00 2.000000000000000000e+00
9.861739999999997730e-01 3.706249999999994271e-02 6.809720000000001328e-01 8.967182499999998280e-01 1.491949855999998853e-01 1.576168354996560161e+00 2.000000000000000000e+00
9.861739999999997730e-01 3.706249999999994271e-02 6.809720000000001328e-01 8.967182499999998280e-01 1.491949855999998853e-01 4.100000000000000311e-01 3.000000000000000000e+00
9.861739999999997730e-01 3.706249999999994271e-02 6.809720000000001328e-01 8.967182499999998280e-01 1.491949855999998853e-01 4.699999999999999734e-01 3.000000000000000000e+00
9.861739999999997730e-01 3.706249999999994271e-02 6.809720000000001328e-01 8.967182499999998280e-01 1.491949855999998853e-01 5.300000000000000266e-01 3.000000000000000000e+00
9.861739999999997730e-01 3.706249999999994271e-02 6.809720000000001328e-01 8.967182499999998280e-01 1.491949855999998853e-01 5.899999999999999689e-01 3.000000000000000000e+00
9.861739999999997730e-01 3.706249999999994271e-02 6.809720000000001328e-01 8.967182499999998280e-01 1.491949855999998853e-01 6.500000000000000222e-01 3.000000000000000000e+00
