-3.156934378184786394e-01
0.000000000000000000e+00
-3.969582848047941148e-01
-1.399395575530755442e+00
-2.904332295473666670e-01
-2.761156099666028374e-01
-2.236573883471847934e-01
-1.734938876576628819e-01
-1.598484365756115411e-01
-1.013769933273177826e-01
-8.244223856538852868e-02
-5.180429976612729165e-02
-3.642543453487571276e-02
-5.655625445602599152e-03
-1.932373066510303591e-02
-2.870023542215125855e-03
-2.009563504250060362e-01
-1.374656098872242271e-01
-7.868760933403808056e-02
-2.430507261744660821e-02
-3.221182253603456502e-02
-4.259385832975634556e-02
-8.550689734031526046e-02
-1.389205341353986212e-01
-2.680899735632988334e-01
-3.186705720500609407e-01
-4.670087625334158332e-01
-2.699792382817339798e-02
-2.490637429315809698e-02
-7.509123359879783799e-02
-2.424052224855796356e-01
-4.425107308894193903e-01
