6.749366666666664072e-01 2.222874999999999435e-01 2.845839999999990044e-01 6.639044999999998975e-01 4.638218960880000630e-01 1.666666666666666574e-01 0.000000000000000000e+00
6.749366666666664072e-01 2.222874999999999435e-01 2.845839999999990044e-01 6.639044999999998975e-01 4.638218960880000630e-01 3.333333333333333148e-01 0.000000000000000000e+00
6.749366666666664072e-01 2.222874999999999435e-01 2.845839999999990044e-01 6.639044999999998975e-01 4.638218960880000630e-01 5.000000000000000000e-01 0.000000000000000000e+00
6.749366666666664072e-01 2.222874999999999435e-01 2.845839999999990044e-01 6.639044999999998975e-01 4.638218960880000630e-01 6.666666666666666297e-01 0.000000000000000000e+00
6.749366666666664072e-01 2.222874999999999435e-01 2.845839999999990044e-01 6.639044999999998975e-01 4.638218960880000630e-01 4.836151545824895481e-01 1.000000000000000000e+00
6.749366666666664072e-01 2.222874999999999435e-01 2.845839999999990044e-01 6.639044999999998975e-01 4.638218960880000630e-01 5.208213184039180987e-01 1.000000000000000000e+00
6.749366666666664072e-01 2.222874999999999435e-01 2.845839999999990044e-01 6.639044999999998975e-01 4.638218960880000630e-01 5.580274822253465938e-01 1.000000000000000000e+00
6.749366666666664072e-01 2.222874999999999435e-01 2.845839999999990044e-01 6.639044999999998975e-01 4.638218960880000630e-01 5.952336460467750889e-01 1.000000000000000000e+00
6.749366666666664072e-01 2.222874999999999435e-01 2.845839999999990044e-01 6.639044999999998975e-01 4.638218960880000630e-01 6.324398098682035840e-01 1.000000000000000000e+00
6.749366666666664072e-01 2.222874999999999435e-01 2.845839999999990044e-01 6.639044999999998975e-01 4.638218960880000630e-01 6.696459736896320791e-01 1.000000000000000000e+00
6.749366666666664072e-01 2.222874999999999435e-01 2.845839999999990044e-01 6.639044999999998975e-01 4.638218960880000630e-01 7.068521375110605742e-01 1.000000000000000000e+00
6.749366666666664072e-01 2.222874999999999435e-01 2.845839999999990044e-01 6.639044999999998975e-01 4.638218960880000630e-01 7.440583013324890693e-01 1.000000000000000000e+00
6.749366666666664072e-01 2.222874999999999435e-01 2.845839999999990044e-01 6.639044999999998975e-01 4.638218960880000630e-01 7.812644651539175644e-01 1.000000000000000000e+00
6.749366666666664072e-01 2.222874999999999435e-01 2.845839999999990044e-01 6.639044999999998975e-01 4.638218960880000630e-01 8.184706289753460595e-01 1.000000000000000000e+00
6.749366666666664072e-01 2.222874999999999435e-01 2.845839999999990044e-01 6.639044999999998975e-01 4.638218960880000630e-01 8.556767927967745546e-01 1.000000000000000000e+00
6.749366666666664072e-01 2.222874999999999435e-01 2.845839999999990044e-01 6.639044999999998975e-01 4.638218960880000630e-01 8.928829566182031607e-01 1.000000000000000000e+00
6.749366666666664072e-01 2.222874999999999435e-01 2.845839999999990044e-01 6.639044999999998975e-01 4.638218960880000630e-01 1.002429871425875918e+00 2.000000000000000000e+00
6.749366666666664072e-01 2.222874999999999435e-01 2.845839999999990044e-01 6.639044999999998975e-01 4.638218960880000630e-01 1.057172613089892632e+00 2.000000000000000000e+00
6.749366666666664072e-01 2.222874999999999435e-01 2.845839999999990044e-01 6.639044999999998975e-01 4.638218960880000630e-01 1.111915354753909568e+00 2.000000000000000000e+00
6.749366666666664072e-01 2.222874999999999435e-01 2.845839999999990044e-01 6.639044999999998975e-01 4.638218960880000630e-01 1.166658096417926505e+00 2.000000000000000000e+00
6.749366666666664072e-01 2.222874999999999435e-01 2.845839999999990044e-01 6.639044999999998975e-01 4.638218960880000630e-01 1.221400838081943441e+00 2.000000000000000000e+00
6.749366666666664072e-01 2.222874999999999435e-01 2.845839999999990044e-01 6.639044999999998975e-01 4.638218960880000630e-01 1.276143579745959933e+00 2.000000000000000000e+00
6.749366666666664072e-01 2.222874999999999435e-01 2.845839999999990044e-01 6.639044999999998975e-01 4.638218960880000630e-01 1.330886321409976869e+00 2.000000000000000000e+00
6.749366666666664072e-01 2.222874999999999435e-01 2.845839999999990044e-01 6.639044999999998975e-01 4.638218960880000630e-01 1.385629063073993805e+00 2.000000000000000000e+00
6.749366666666664072e-01 2.222874999999999435e-01 2.845839999999990044e-01 6.639044999999998975e-01 4.638218960880000630e-01 1.440371804738010297e+00 2.000000000000000000e+00
6.749366666666664072e-01 2.222874999999999435e-01 2.845839999999990044e-01 6.639044999999998975e-01 4.638218960880000630e-01 1.495114546402027234e+00 2.000000000000000000e+00
6.749366666666664072e-01 2.222874999999999435e-01 2.845839999999990044e-01 6.639044999999998975e-01 4.638218960880000630e-01 1.549857288066044170e+00 2.000000000000000000e+00
6.749366666666664072e-01 2.222874999999999435e-01 2.845839999999990044e-01 6.639044999999998975e-01 4.638218960880000630e-01 4.100000000000000311e-01 3.000000000000000000e+00
6.749366666666664072e-01 2.222874999999999435e-01 2.845839999999990044e-01 6.639044999999998975e-01 4.638218960880000630e-01 4.699999999999999734e-01 3.000000000000000000e+00
6.749366666666664072e-01 2.222874999999999435e-01 2.845839999999990044e-01 6.639044999999998975e-01 4.638218960880000630e-01 5.300000000000000266e-01 3.000000000000000000e+00
6.749366666666664072e-01 2.222874999999999435e-01 2.845839999999990044e-01 6.639044999999998975e-01 4.638218960880000630e-01 5.899999999999999689e-01 3.000000000000000000e+00
6.749366666666664072e-01 2.222874999999999435e-01 2.845839999999990044e-01 6.639044999999998975e-01 4.638218960880000630e-01 6.500000000000000222e-01 3.000000000000000000e+00
