4.077073333333335881e-01 6.679754999999999443e-01 8.316959999999993247e-01 2.589099999999999735e-01 5.153110712240001057e-01 1.666666666666666574e-01 0.000000000000000000e+00
4.077073333333335881e-01 6.679754999999999443e-01 8.316959999999993247e-01 2.589099999999999735e-01 5.153110712240001057e-01 3.333333333333333148e-01 0.000000000000000000e+00
4.077073333333335881e-01 6.679754999999999443e-01 8.316959999999993247e-01 2.589099999999999735e-01 5.153110712240001057e-01 5.000000000000000000e-01 0.000000000000000000e+00
4.077073333333335881e-01 6.679754999999999443e-01 8.316959999999993247e-01 2.589099999999999735e-01 5.153110712240001057e-01 6.666666666666666297e-01 0.000000000000000000e+00
4.077073333333335881e-01 6.679754999999999443e-01 8.316959999999993247e-01 2.589099999999999735e-01 5.153110712240001057e-01 4.801925843425272067e-01 1.000000000000000000e+00
4.077073333333335881e-01 6.679754999999999443e-01 8.316959999999993247e-01 2.589099999999999735e-01 5.153110712240001057e-01 5.165524594798974745e-01 1.000000000000000000e+00
4.077073333333335881e-01 6.679754999999999443e-01 8.316959999999993247e-01 2.589099999999999735e-01 5.153110712240001057e-01 5.529123346172675202e-01 1.000000000000000000e+00
4.077073333333335881e-01 6.679754999999999443e-01 8.316959999999993247e-01 2.589099999999999735e-01 5.153110712240001057e-01 5.892722097546380100e-01 1.000000000000000000e+00
4.077073333333335881e-01 6.679754999999999443e-01 8.316959999999993247e-01 2.589099999999999735e-01 5.153110712240001057e-01 6.256320848920081668e-01 1.000000000000000000e+00
4.077073333333335881e-01 6.679754999999999443e-01 8.316959999999993247e-01 2.589099999999999735e-01 5.153110712240001057e-01 6.619919600293785455e-01 1.000000000000000000e+00
4.077073333333335881e-01 6.679754999999999443e-01 8.316959999999993247e-01 2.589099999999999735e-01 5.153110712240001057e-01 6.983518351667487023e-01 1.000000000000000000e+00
4.077073333333335881e-01 6.679754999999999443e-01 8.316959999999993247e-01 2.589099999999999735e-01 5.153110712240001057e-01 7.347117103041189701e-01 1.000000000000000000e+00
4.077073333333335881e-01 6.679754999999999443e-01 8.316959999999993247e-01 2.589099999999999735e-01 5.153110712240001057e-01 7.710715854414892378e-01 1.000000000000000000e+00
4.077073333333335881e-01 6.679754999999999443e-01 8.316959999999993247e-01 2.589099999999999735e-01 5.153110712240001057e-01 8.074314605788595056e-01 1.000000000000000000e+00
4.077073333333335881e-01 6.679754999999999443e-01 8.316959999999993247e-01 2.589099999999999735e-01 5.153110712240001057e-01 8.437913357162297734e-01 1.000000000000000000e+00
4.077073333333335881e-01 6.679754999999999443e-01 8.316959999999993247e-01 2.589099999999999735e-01 5.153110712240001057e-01 8.801512108536000412e-01 1.000000000000000000e+00
4.077073333333335881e-01 6.679754999999999443e-01 8.316959999999993247e-01 2.589099999999999735e-01 5.153110712240001057e-01 1.012941689781632570e+00 2.000000000000000000e+00
4.077073333333335881e-01 6.679754999999999443e-01 8.316959999999993247e-01 2.589099999999999735e-01 5.153110712240001057e-01 1.070046261163677848e+00 2.000000000000000000e+00
4.077073333333335881e-01 6.679754999999999443e-01 8.316959999999993247e-01 2.589099999999999735e-01 5.153110712240001057e-01 1.127150832545723347e+00 2.000000000000000000e+00
4.077073333333335881e-01 6.679754999999999443e-01 8.316959999999993247e-01 2.589099999999999735e-01 5.153110712240001057e-01 1.184255403927768846e+00 2.000000000000000000e+00
4.077073333333335881e-01 6.679754999999999443e-01 8.316959999999993247e-01 2.589099999999999735e-01 5.153110712240001057e-01 1.241359975309814123e+00 2.000000000000000000e+00
4.077073333333335881e-01 6.679754999999999443e-01 8.316959999999993247e-01 2.589099999999999735e-01 5.153110712240001057e-01 1.298464546691859400e+00 2.000000000000000000e+00
4.077073333333335881e-01 6.679754999999999443e-01 8.316959999999993247e-01 2.589099999999999735e-01 5.153110712240001057e-01 1.355569118073904900e+00 2.000000000000000000e+00
4.077073333333335881e-01 6.679754999999999443e-01 8.316959999999993247e-01 2.589099999999999735e-01 5.153110712240001057e-01 1.412673689455950399e+00 2.000000000000000000e+00
4.077073333333335881e-01 6.679754999999999443e-01 8.316959999999993247e-01 2.589099999999999735e-01 5.153110712240001057e-01 1.469778260837995898e+00 2.000000000000000000e+00
4.077073333333335881e-01 6.679754999999999443e-01 8.316959999999993247e-01 2.589099999999999735e-01 5.153110712240001057e-01 1.526882832220041175e+00 2.000000000000000000e+00
4.077073333333335881e-01 6.679754999999999443e-01 8.316959999999993247e-01 2.589099999999999735e-01 5.153110712240001057e-01 1.583987403602086452e+00 2.000000000000000000e+00
4.077073333333335881e-01 6.679754999999999443e-01 8.316959999999993247e-01 2.589099999999999735e-01 5.153110712240001057e-01 4.100000000000000311e-01 3.000000000000000000e+00
4.077073333333335881e-01 6.679754999999999443e-01 8.316959999999993247e-01 2.589099999999999735e-01 5.153110712240001057e-01 4.699999999999999734e-01 3.000000000000000000e+00
4.077073333333335881e-01 6.679754999999999443e-01 8.316959999999993247e-01 2.589099999999999735e-01 5.153110712240001057e-01 5.300000000000000266e-01 3.000000000000000000e+00
4.077073333333335881e-01 6.679754999999999443e-01 8.316959999999993247e-01 2.589099999999999735e-01 5.153110712240001057e-01 5.899999999999999689e-01 3.000000000000000000e+00
4.077073333333335881e-01 6.679754999999999443e-01 8.316959999999993247e-01 2.589099999999999735e-01 5.153110712240001057e-01 6.500000000000000222e-01 3.000000000000000000e+00
