-3.142035931455126052e-01
0.000000000000000000e+00
-3.953946342288447990e-01
-1.398532786647136650e+00
-3.130272622979789476e-01
-2.602416515069514436e-01
-2.200188301827719350e-01
-1.916779780954633305e-01
-1.338878126954914927e-01
-9.980002622009440105e-02
-7.381697047139527956e-02
-5.609804599035545652e-02
-3.839290189059509778e-02
-1.953168453125546031e-02
-7.538569871998487479e-03
-4.381581301784042044e-03
-2.079069581381887966e-01
-1.282649221461129585e-01
-9.631057263420964021e-02
-2.504543523104930253e-02
-2.979187025551099585e-02
-2.905826453731866557e-02
-7.177233351990451593e-02
-1.352286386645792648e-01
-2.721879461982970039e-01
-3.608375371542423826e-01
-5.061795192569811253e-01
-3.032548766807435445e-02
-3.274833624987634473e-02
-1.013687097700557149e-01
-2.210046395704411137e-01
-4.194462724673236886e-01
