-3.151580857705471028e-01
0.000000000000000000e+00
-3.955452752749472611e-01
-1.401443383843544721e+00
-3.010299956639811980e-01
-2.690489673874740251e-01
-2.099000030277069495e-01
-1.715340873152030599e-01
-1.510217194400527707e-01
-1.036815737235659146e-01
-8.261539144592031092e-02
-5.103800841061941623e-02
-3.862229983216124152e-02
-9.468406383974701385e-03
-2.633530149871021048e-02
-7.081881901919863387e-03
-2.043317131298852674e-01
-9.726295449997479636e-02
-6.006326757456510040e-02
-2.542583319274248702e-02
-4.728897953813619714e-02
-5.884958867969219964e-02
-9.199871450761758218e-02
-1.452821445192683802e-01
-2.700565934456760631e-01
-3.412951916751549297e-01
-5.093330772556969865e-01
-1.134144450015404752e-02
-1.459460189787588000e-02
-7.501052436953130342e-02
-2.309371670529729859e-01
-4.285598240398444947e-01
