-3.147198468629525125e-01
0.000000000000000000e+00
-3.940454936320166301e-01
-1.408006490931559496e+00
-2.993142621459392028e-01
-2.473301445725366865e-01
-2.029611193887372045e-01
-1.619270782407606635e-01
-1.467516667910774286e-01
-9.297923539141030036e-02
-5.919084951179556797e-02
-5.017318780799984168e-02
-2.113557967078452671e-02
-1.530904412078592895e-02
-8.604153025385593168e-04
-1.614679571853610413e-03
-1.945895213128328305e-01
-1.107093200563964153e-01
-4.991564069061090597e-02
-1.921197561729201531e-02
-2.424108288728746979e-02
-3.410768394625311034e-02
-1.015475698340995714e-01
-1.752378603100555043e-01
-2.806713213837070398e-01
-3.677490482773657643e-01
-5.882717068423291007e-01
-3.760808290447454488e-02
-2.903217272642429070e-02
-7.103183839142424016e-02
-1.959705749997242286e-01
-4.485786884216186321e-01
