8.102086666666669101e-01 2.993137499999998230e-01 5.711306666666663423e-01 5.270140000000000935e-01 1.473269180479999108e-01 1.666666666666666574e-01 0.000000000000000000e+00
8.102086666666669101e-01 2.993137499999998230e-01 5.711306666666663423e-01 5.270140000000000935e-01 1.473269180479999108e-01 3.333333333333333148e-01 0.000000000000000000e+00
8.102086666666669101e-01 2.993137499999998230e-01 5.711306666666663423e-01 5.270140000000000935e-01 1.473269180479999108e-01 5.000000000000000000e-01 0.000000000000000000e+00
8.102086666666669101e-01 2.993137499999998230e-01 5.711306666666663423e-01 5.270140000000000935e-01 1.473269180479999108e-01 6.666666666666666297e-01 0.000000000000000000e+00
8.102086666666669101e-01 2.993137499999998230e-01 5.711306666666663423e-01 5.270140000000000935e-01 1.473269180479999108e-01 4.899108841345936050e-01 1.000000000000000000e+00
8.102086666666669101e-01 2.993137499999998230e-01 5.711306666666663423e-01 5.270140000000000935e-01 1.473269180479999108e-01 5.268090112054362173e-01 1.000000000000000000e+00
8.102086666666669101e-01 2.993137499999998230e-01 5.711306666666663423e-01 5.270140000000000935e-01 1.473269180479999108e-01 5.637071382762788296e-01 1.000000000000000000e+00
8.102086666666669101e-01 2.993137499999998230e-01 5.711306666666663423e-01 5.270140000000000935e-01 1.473269180479999108e-01 6.006052653471213310e-01 1.000000000000000000e+00
8.102086666666669101e-01 2.993137499999998230e-01 5.711306666666663423e-01 5.270140000000000935e-01 1.473269180479999108e-01 6.375033924179639433e-01 1.000000000000000000e+00
8.102086666666669101e-01 2.993137499999998230e-01 5.711306666666663423e-01 5.270140000000000935e-01 1.473269180479999108e-01 6.744015194888065556e-01 1.000000000000000000e+00
8.102086666666669101e-01 2.993137499999998230e-01 5.711306666666663423e-01 5.270140000000000935e-01 1.473269180479999108e-01 7.112996465596491680e-01 1.000000000000000000e+00
8.102086666666669101e-01 2.993137499999998230e-01 5.711306666666663423e-01 5.270140000000000935e-01 1.473269180479999108e-01 7.481977736304916693e-01 1.000000000000000000e+00
8.102086666666669101e-01 2.993137499999998230e-01 5.711306666666663423e-01 5.270140000000000935e-01 1.473269180479999108e-01 7.850959007013341706e-01 1.000000000000000000e+00
8.102086666666669101e-01 2.993137499999998230e-01 5.711306666666663423e-01 5.270140000000000935e-01 1.473269180479999108e-01 8.219940277721767830e-01 1.000000000000000000e+00
8.102086666666669101e-01 2.993137499999998230e-01 5.711306666666663423e-01 5.270140000000000935e-01 1.473269180479999108e-01 8.588921548430193953e-01 1.000000000000000000e+00
8.102086666666669101e-01 2.993137499999998230e-01 5.711306666666663423e-01 5.270140000000000935e-01 1.473269180479999108e-01 8.957902819138620076e-01 1.000000000000000000e+00
8.102086666666669101e-01 2.993137499999998230e-01 5.711306666666663423e-01 5.270140000000000935e-01 1.473269180479999108e-01 1.017053133800824849e+00 2.000000000000000000e+00
8.102086666666669101e-01 2.993137499999998230e-01 5.711306666666663423e-01 5.270140000000000935e-01 1.473269180479999108e-01 1.071981928014282826e+00 2.000000000000000000e+00
8.102086666666669101e-01 2.993137499999998230e-01 5.711306666666663423e-01 5.270140000000000935e-01 1.473269180479999108e-01 1.126910722227740802e+00 2.000000000000000000e+00
8.102086666666669101e-01 2.993137499999998230e-01 5.711306666666663423e-01 5.270140000000000935e-01 1.473269180479999108e-01 1.181839516441198779e+00 2.000000000000000000e+00
8.102086666666669101e-01 2.993137499999998230e-01 5.711306666666663423e-01 5.270140000000000935e-01 1.473269180479999108e-01 1.236768310654656755e+00 2.000000000000000000e+00
8.102086666666669101e-01 2.993137499999998230e-01 5.711306666666663423e-01 5.270140000000000935e-01 1.473269180479999108e-01 1.291697104868114732e+00 2.000000000000000000e+00
8.102086666666669101e-01 2.993137499999998230e-01 5.711306666666663423e-01 5.270140000000000935e-01 1.473269180479999108e-01 1.346625899081572708e+00 2.000000000000000000e+00
8.102086666666669101e-01 2.993137499999998230e-01 5.711306666666663423e-01 5.270140000000000935e-01 1.473269180479999108e-01 1.401554693295030685e+00 2.000000000000000000e+00
8.102086666666669101e-01 2.993137499999998230e-01 5.711306666666663423e-01 5.270140000000000935e-01 1.473269180479999108e-01 1.456483487508488661e+00 2.000000000000000000e+00
8.102086666666669101e-01 2.993137499999998230e-01 5.711306666666663423e-01 5.270140000000000935e-01 1.473269180479999108e-01 1.511412281721946638e+00 2.000000000000000000e+00
8.102086666666669101e-01 2.993137499999998230e-01 5.711306666666663423e-01 5.270140000000000935e-01 1.473269180479999108e-01 1.566341075935404614e+00 2.000000000000000000e+00
8.102086666666669101e-01 2.993137499999998230e-01 5.711306666666663423e-01 5.270140000000000935e-01 1.473269180479999108e-01 4.100000000000000311e-01 3.000000000000000000e+00
8.102086666666669101e-01 2.993137499999998230e-01 5.711306666666663423e-01 5.270140000000000935e-01 1.473269180479999108e-01 4.699999999999999734e-01 3.000000000000000000e+00
8.102086666666669101e-01 2.993137499999998230e-01 5.711306666666663423e-01 5.270140000000000935e-01 1.473269180479999108e-01 5.300000000000000266e-01 3.000000000000000000e+00
8.102086666666669101e-01 2.993137499999998230e-01 5.711306666666663423e-01 5.270140000000000935e-01 1.473269180479999108e-01 5.899999999999999689e-01 3.000000000000000000e+00
8.102086666666669101e-01 2.993137499999998230e-01 5.711306666666663423e-01 5.270140000000000935e-01 1.473269180479999108e-01 6.500000000000000222e-01 3.000000000000000000e+00
