-3.129941568172415201e-01
0.000000000000000000e+00
-3.961144343274616841e-01
-1.390749946374970625e+00
-3.613843844521223980e-01
-3.081562272704995720e-01
-2.538220460369289833e-01
-2.002109150230442502e-01
-1.705798956925135557e-01
-1.270380493698669844e-01
-9.473125311086151579e-02
-5.620057766537544380e-02
-4.910808861519561780e-02
-2.019403687173412440e-02
-1.732401332951901893e-02
-1.498060046859125971e-02
-2.476065514631866082e-01
-1.501124166698268314e-01
-9.124575744900545460e-02
-2.587472053966279745e-02
-1.684829127739578478e-02
-4.671335791763660955e-02
-8.156748546798701927e-02
-1.463925268446975014e-01
-2.661153715869056247e-01
-3.790230207736700607e-01
-5.198048584606469458e-01
-1.831288874573498357e-02
-2.956313630916338267e-02
-8.996115305272860130e-02
-1.938200260161128119e-01
-4.718300093030172171e-01
