-3.124127938433323148e-01
0.000000000000000000e+00
-3.925819052555910571e-01
-1.402681410854336619e+00
-3.269609878016093152e-01
-2.832149331932858338e-01
-2.293099693252454441e-01
-1.940255605594205512e-01
-1.490557820694917157e-01
-1.089683743463641663e-01
-9.289595955038000563e-02
-6.195826885187213223e-02
-3.097715806971497454e-02
-2.213041609734743911e-02
-1.388440950253199725e-02
0.000000000000000000e+00
-2.242700631873007222e-01
-1.312401798478284587e-01
-8.202215717764688163e-02
-2.857783795068074076e-02
-3.531122060964915488e-02
-2.998674261504897035e-02
-1.057242567884415785e-01
-1.607264185733670858e-01
-3.147439373879651336e-01
-3.798821060521214710e-01
-5.926148946750267044e-01
-3.610543871152199075e-02
-4.177477044313823717e-02
-9.916644851820891060e-02
-2.329933824203075654e-01
-4.296213566787304705e-01
