4.445900000000004293e-01 7.651462499999999167e-01 8.982480000000004905e-01 2.339544999999998431e-01 3.317787659919999577e-01 1.666666666666666574e-01 0.000000000000000000e+00
4.445900000000004293e-01 7.651462499999999167e-01 8.982480000000004905e-01 2.339544999999998431e-01 3.317787659919999577e-01 3.333333333333333148e-01 0.000000000000000000e+00
4.445900000000004293e-01 7.651462499999999167e-01 8.982480000000004905e-01 2.339544999999998431e-01 3.317787659919999577e-01 5.000000000000000000e-01 0.000000000000000000e+00
4.445900000000004293e-01 7.651462499999999167e-01 8.982480000000004905e-01 2.339544999999998431e-01 3.317787659919999577e-01 6.666666666666666297e-01 0.000000000000000000e+00
4.445900000000004293e-01 7.651462499999999167e-01 8.982480000000004905e-01 2.339544999999998431e-01 3.317787659919999577e-01 4.942995913414036657e-01 1.000000000000000000e+00
4.445900000000004293e-01 7.651462499999999167e-01 8.982480000000004905e-01 2.339544999999998431e-01 3.317787659919999577e-01 5.315491303504964460e-01 1.000000000000000000e+00
4.445900000000004293e-01 7.651462499999999167e-01 8.982480000000004905e-01 2.339544999999998431e-01 3.317787659919999577e-01 5.687986693595892262e-01 1.000000000000000000e+00
4.445900000000004293e-01 7.651462499999999167e-01 8.982480000000004905e-01 2.339544999999998431e-01 3.317787659919999577e-01 6.060482083686822286e-01 1.000000000000000000e+00
4.445900000000004293e-01 7.651462499999999167e-01 8.982480000000004905e-01 2.339544999999998431e-01 3.317787659919999577e-01 6.432977473777750088e-01 1.000000000000000000e+00
4.445900000000004293e-01 7.651462499999999167e-01 8.982480000000004905e-01 2.339544999999998431e-01 3.317787659919999577e-01 6.805472863868677891e-01 1.000000000000000000e+00
4.445900000000004293e-01 7.651462499999999167e-01 8.982480000000004905e-01 2.339544999999998431e-01 3.317787659919999577e-01 7.177968253959605693e-01 1.000000000000000000e+00
4.445900000000004293e-01 7.651462499999999167e-01 8.982480000000004905e-01 2.339544999999998431e-01 3.317787659919999577e-01 7.550463644050534606e-01 1.000000000000000000e+00
4.445900000000004293e-01 7.651462499999999167e-01 8.982480000000004905e-01 2.339544999999998431e-01 3.317787659919999577e-01 7.922959034141462409e-01 1.000000000000000000e+00
4.445900000000004293e-01 7.651462499999999167e-01 8.982480000000004905e-01 2.339544999999998431e-01 3.317787659919999577e-01 8.295454424232390211e-01 1.000000000000000000e+00
4.445900000000004293e-01 7.651462499999999167e-01 8.982480000000004905e-01 2.339544999999998431e-01 3.317787659919999577e-01 8.667949814323319124e-01 1.000000000000000000e+00
4.445900000000004293e-01 7.651462499999999167e-01 8.982480000000004905e-01 2.339544999999998431e-01 3.317787659919999577e-01 9.040445204414246927e-01 1.000000000000000000e+00
4.445900000000004293e-01 7.651462499999999167e-01 8.982480000000004905e-01 2.339544999999998431e-01 3.317787659919999577e-01 1.003825100936106551e+00 2.000000000000000000e+00
4.445900000000004293e-01 7.651462499999999167e-01 8.982480000000004905e-01 2.339544999999998431e-01 3.317787659919999577e-01 1.060664321583581815e+00 2.000000000000000000e+00
4.445900000000004293e-01 7.651462499999999167e-01 8.982480000000004905e-01 2.339544999999998431e-01 3.317787659919999577e-01 1.117503542231057079e+00 2.000000000000000000e+00
4.445900000000004293e-01 7.651462499999999167e-01 8.982480000000004905e-01 2.339544999999998431e-01 3.317787659919999577e-01 1.174342762878532564e+00 2.000000000000000000e+00
4.445900000000004293e-01 7.651462499999999167e-01 8.982480000000004905e-01 2.339544999999998431e-01 3.317787659919999577e-01 1.231181983526008050e+00 2.000000000000000000e+00
4.445900000000004293e-01 7.651462499999999167e-01 8.982480000000004905e-01 2.339544999999998431e-01 3.317787659919999577e-01 1.288021204173483314e+00 2.000000000000000000e+00
4.445900000000004293e-01 7.651462499999999167e-01 8.982480000000004905e-01 2.339544999999998431e-01 3.317787659919999577e-01 1.344860424820958578e+00 2.000000000000000000e+00
4.445900000000004293e-01 7.651462499999999167e-01 8.982480000000004905e-01 2.339544999999998431e-01 3.317787659919999577e-01 1.401699645468434063e+00 2.000000000000000000e+00
4.445900000000004293e-01 7.651462499999999167e-01 8.982480000000004905e-01 2.339544999999998431e-01 3.317787659919999577e-01 1.458538866115909327e+00 2.000000000000000000e+00
4.445900000000004293e-01 7.651462499999999167e-01 8.982480000000004905e-01 2.339544999999998431e-01 3.317787659919999577e-01 1.515378086763384813e+00 2.000000000000000000e+00
4.445900000000004293e-01 7.651462499999999167e-01 8.982480000000004905e-01 2.339544999999998431e-01 3.317787659919999577e-01 1.572217307410860077e+00 2.000000000000000000e+00
4.445900000000004293e-01 7.651462499999999167e-01 8.982480000000004905e-01 2.339544999999998431e-01 3.317787659919999577e-01 4.100000000000000311e-01 3.000000000000000000e+00
4.445900000000004293e-01 7.651462499999999167e-01 8.982480000000004905e-01 2.339544999999998431e-01 3.317787659919999577e-01 4.699999999999999734e-01 3.000000000000000000e+00
4.445900000000004293e-01 7.651462499999999167e-01 8.982480000000004905e-01 2.339544999999998431e-01 3.317787659919999577e-01 5.300000000000000266e-01 3.000000000000000000e+00
4.445900000000004293e-01 7.651462499999999167e-01 8.982480000000004905e-01 2.339544999999998431e-01 3.317787659919999577e-01 5.899999999999999689e-01 3.000000000000000000e+00
4.445900000000004293e-01 7.651462499999999167e-01 8.982480000000004905e-01 2.339544999999998431e-01 3.317787659919999577e-01 6.500000000000000222e-01 3.000000000000000000e+00
