-3.135214942303553576e-01
0.000000000000000000e+00
-3.950028379675978307e-01
-1.393156202289760781e+00
-3.143939572219626721e-01
-2.902320628239338784e-01
-2.298520502648094543e-01
-1.868530889111267301e-01
-1.601397458678824048e-01
-1.193729317195800638e-01
-9.564642619318280969e-02
-6.249847408813013344e-02
-4.094748319007002896e-02
-2.414524948739705731e-02
-2.126523131628994812e-02
-1.034693182350474722e-02
-2.323563867328620192e-01
-1.150174386925224002e-01
-7.211046129376019742e-02
-1.946247976943209917e-02
-3.456028985346092791e-02
-3.157286977168677344e-02
-6.321398763250862807e-02
-1.606246283408466480e-01
-2.597946350798016613e-01
-3.574921269652718836e-01
-4.816433846961579723e-01
-1.208049294608486840e-02
-2.721630465139724883e-02
-8.910873721971837580e-02
-2.355851840533482455e-01
-4.306268549872421803e-01
