-3.120741117835775791e-01
0.000000000000000000e+00
-3.925382733651713307e-01
-1.399549306106766089e+00
-2.893186853995248775e-01
-2.597442664185989902e-01
-2.031158825136606672e-01
-1.677239074248192685e-01
-1.527227491072939147e-01
-1.110123397087491998e-01
-6.980800055213316757e-02
-7.359217623887635840e-02
-3.552920632604582990e-02
-1.457208821961868822e-02
-6.421309428621029339e-04
0.000000000000000000e+00
-1.833666380849505728e-01
-1.228322111432877534e-01
-7.053967150366502459e-02
-2.760660030580549748e-02
-1.943315239109751416e-02
-5.388866175659923208e-02
-8.613464719344259002e-02
-1.270555295003739649e-01
-2.412819020074539189e-01
-3.613408739976672890e-01
-4.722218290704801591e-01
-2.365482312063363693e-02
-4.173388812083501931e-02
-8.860531191652029626e-02
-2.045749795355760181e-01
-4.214447905122348792e-01
