-3.136260941215189280e-01
0.000000000000000000e+00
-3.961407175173537465e-01
-1.393772762515091967e+00
-3.383493217428157340e-01
-2.742942880760725344e-01
-2.274387072163452927e-01
-1.992557871004030090e-01
-1.500432705060232297e-01
-1.193556803132599098e-01
-8.413996155697153756e-02
-5.575656706571911064e-02
-4.126603034448336066e-02
-1.095291210167064280e-02
-7.271163432217134237e-03
0.000000000000000000e+00
-1.998370341304020747e-01
-1.331298552545032154e-01
-5.163789098161351149e-02
-1.434629144853879525e-02
-1.911276248023345906e-02
-3.910553048393504427e-02
-6.865533690307405734e-02
-1.433147822334908950e-01
-2.495248183195095393e-01
-3.546591532331364593e-01
-4.517687959766789607e-01
-9.805205583866430027e-03
-2.584800226603145568e-02
-8.509557446163171224e-02
-2.008812961653789475e-01
-4.641982144687683554e-01
