3.001146666666670848e-01 8.219846249999999133e-01 6.252906666666665503e-01 2.488660000000000871e-01 5.989940334159999935e-01 1.666666666666666574e-01 0.000000000000000000e+00
3.001146666666670848e-01 8.219846249999999133e-01 6.252906666666665503e-01 2.488660000000000871e-01 5.989940334159999935e-01 3.333333333333333148e-01 0.000000000000000000e+00
3.001146666666670848e-01 8.219846249999999133e-01 6.252906666666665503e-01 2.488660000000000871e-01 5.989940334159999935e-01 5.000000000000000000e-01 0.000000000000000000e+00
3.001146666666670848e-01 8.219846249999999133e-01 6.252906666666665503e-01 2.488660000000000871e-01 5.989940334159999935e-01 6.666666666666666297e-01 0.000000000000000000e+00
3.001146666666670848e-01 8.219846249999999133e-01 6.252906666666665503e-01 2.488660000000000871e-01 5.989940334159999935e-01 4.949850862249292049e-01 1.000000000000000000e+00
3.001146666666670848e-01 8.219846249999999133e-01 6.252906666666665503e-01 2.488660000000000871e-01 5.989940334159999935e-01 5.321574272078983814e-01 1.000000000000000000e+00
3.001146666666670848e-01 8.219846249999999133e-01 6.252906666666665503e-01 2.488660000000000871e-01 5.989940334159999935e-01 5.693297681908675578e-01 1.000000000000000000e+00
3.001146666666670848e-01 8.219846249999999133e-01 6.252906666666665503e-01 2.488660000000000871e-01 5.989940334159999935e-01 6.065021091738366232e-01 1.000000000000000000e+00
3.001146666666670848e-01 8.219846249999999133e-01 6.252906666666665503e-01 2.488660000000000871e-01 5.989940334159999935e-01 6.436744501568056886e-01 1.000000000000000000e+00
3.001146666666670848e-01 8.219846249999999133e-01 6.252906666666665503e-01 2.488660000000000871e-01 5.989940334159999935e-01 6.808467911397748651e-01 1.000000000000000000e+00
3.001146666666670848e-01 8.219846249999999133e-01 6.252906666666665503e-01 2.488660000000000871e-01 5.989940334159999935e-01 7.180191321227439305e-01 1.000000000000000000e+00
3.001146666666670848e-01 8.219846249999999133e-01 6.252906666666665503e-01 2.488660000000000871e-01 5.989940334159999935e-01 7.551914731057129959e-01 1.000000000000000000e+00
3.001146666666670848e-01 8.219846249999999133e-01 6.252906666666665503e-01 2.488660000000000871e-01 5.989940334159999935e-01 7.923638140886821724e-01 1.000000000000000000e+00
3.001146666666670848e-01 8.219846249999999133e-01 6.252906666666665503e-01 2.488660000000000871e-01 5.989940334159999935e-01 8.295361550716513488e-01 1.000000000000000000e+00
3.001146666666670848e-01 8.219846249999999133e-01 6.252906666666665503e-01 2.488660000000000871e-01 5.989940334159999935e-01 8.667084960546204142e-01 1.000000000000000000e+00
3.001146666666670848e-01 8.219846249999999133e-01 6.252906666666665503e-01 2.488660000000000871e-01 5.989940334159999935e-01 9.038808370375895906e-01 1.000000000000000000e+00
3.001146666666670848e-01 8.219846249999999133e-01 6.252906666666665503e-01 2.488660000000000871e-01 5.989940334159999935e-01 1.005337521066760109e+00 2.000000000000000000e+00
3.001146666666670848e-01 8.219846249999999133e-01 6.252906666666665503e-01 2.488660000000000871e-01 5.989940334159999935e-01 1.061849541656775697e+00 2.000000000000000000e+00
3.001146666666670848e-01 8.219846249999999133e-01 6.252906666666665503e-01 2.488660000000000871e-01 5.989940334159999935e-01 1.118361562246791507e+00 2.000000000000000000e+00
3.001146666666670848e-01 8.219846249999999133e-01 6.252906666666665503e-01 2.488660000000000871e-01 5.989940334159999935e-01 1.174873582836807095e+00 2.000000000000000000e+00
3.001146666666670848e-01 8.219846249999999133e-01 6.252906666666665503e-01 2.488660000000000871e-01 5.989940334159999935e-01 1.231385603426822684e+00 2.000000000000000000e+00
3.001146666666670848e-01 8.219846249999999133e-01 6.252906666666665503e-01 2.488660000000000871e-01 5.989940334159999935e-01 1.287897624016838272e+00 2.000000000000000000e+00
3.001146666666670848e-01 8.219846249999999133e-01 6.252906666666665503e-01 2.488660000000000871e-01 5.989940334159999935e-01 1.344409644606854082e+00 2.000000000000000000e+00
3.001146666666670848e-01 8.219846249999999133e-01 6.252906666666665503e-01 2.488660000000000871e-01 5.989940334159999935e-01 1.400921665196869892e+00 2.000000000000000000e+00
3.001146666666670848e-01 8.219846249999999133e-01 6.252906666666665503e-01 2.488660000000000871e-01 5.989940334159999935e-01 1.457433685786885480e+00 2.000000000000000000e+00
3.001146666666670848e-01 8.219846249999999133e-01 6.252906666666665503e-01 2.488660000000000871e-01 5.989940334159999935e-01 1.513945706376901068e+00 2.000000000000000000e+00
3.001146666666670848e-01 8.219846249999999133e-01 6.252906666666665503e-01 2.488660000000000871e-01 5.989940334159999935e-01 1.570457726966916656e+00 2.000000000000000000e+00
3.001146666666670848e-01 8.219846249999999133e-01 6.252906666666665503e-01 2.488660000000000871e-01 5.989940334159999935e-01 4.100000000000000311e-01 3.000000000000000000e+00
3.001146666666670848e-01 8.219846249999999133e-01 6.252906666666665503e-01 2.488660000000000871e-01 5.989940334159999935e-01 4.699999999999999734e-01 3.000000000000000000e+00
3.001146666666670848e-01 8.219846249999999133e-01 6.252906666666665503e-01 2.488660000000000871e-01 5.989940334159999935e-01 5.300000000000000266e-01 3.000000000000000000e+00
3.001146666666670848e-01 8.219846249999999133e-01 6.252906666666665503e-01 2.488660000000000871e-01 5.989940334159999935e-01 5.899999999999999689e-01 3.000000000000000000e+00
3.001146666666670848e-01 8.219846249999999133e-01 6.252906666666665503e-01 2.488660000000000871e-01 5.989940334159999935e-01 6.500000000000000222e-01 3.000000000000000000e+00
