-3.122494140853087075e-01
0.000000000000000000e+00
-3.936082790941940468e-01
-1.394785381533940605e+00
-2.600359112688596097e-01
-2.356662075137284096e-01
-1.918159667798226276e-01
-1.599095881163773158e-01
-1.254259650227852740e-01
-8.756776659905790572e-02
-5.999406496859563398e-02
-4.794268312176844932e-02
-3.159111085669674690e-02
-2.237526153263750400e-02
-2.171657412340350160e-02
-1.800276568127055776e-02
-1.923996012604440309e-01
-1.243463282748613619e-01
-5.895845925432901397e-02
-2.564034031509068723e-02
-3.213044114615075213e-03
-4.374659055170235927e-02
-6.100028004354179217e-02
-1.782306450662326791e-01
-2.478665732076271166e-01
-3.640817414110701922e-01
-4.912194421193083471e-01
-4.228906211607622728e-02
-4.818947118455403633e-02
-8.504104253702612914e-02
-2.090731097515060311e-01
-4.327370949547796330e-01
