-3.132763936530645887e-01
0.000000000000000000e+00
-3.940686919248954645e-01
-1.400029123746981741e+00
-2.865728292131269339e-01
-2.351044398108561306e-01
-1.964596820001830724e-01
-1.731610683030687936e-01
-1.452888190269475133e-01
-8.933741369779747699e-02
-6.488661495866136775e-02
-4.382506493166648393e-02
-2.196702092578809926e-02
-2.218797971045940315e-02
-4.644905045763525302e-03
-2.210690537597440920e-03
-1.817482239412736844e-01
-1.129566669378383598e-01
-6.018720598331652599e-02
-9.992142446823148658e-03
-2.236604162692171910e-02
-4.030405671566204134e-02
-9.309481000754106506e-02
-1.710117335264062233e-01
-2.641507143151190506e-01
-3.804156636885049347e-01
-5.626847578107940784e-01
-1.288802235209876058e-02
-1.844659951729691119e-02
-9.451797514737957095e-02
-2.000193899234738448e-01
-4.670793164255218621e-01
