-3.135297777198382541e-01
0.000000000000000000e+00
-3.939938428675233695e-01
-1.400818167728039354e+00
-2.902857212173908241e-01
-2.433257908622133148e-01
-2.032839968695834554e-01
-1.754641189006323210e-01
-1.434585260397702455e-01
-8.245705401550372515e-02
-6.729559254222533538e-02
-4.053582033138052043e-02
-2.486050254019471842e-02
-2.177021110385723643e-02
-4.204238853182109062e-03
-6.534036833059619562e-03
-1.721512408561738927e-01
-9.808098297281471478e-02
-4.348463172863079040e-02
-1.203917318575353085e-02
-1.724928087043072628e-02
-2.862882661392947281e-02
-9.628079601434756662e-02
-1.387076767313087100e-01
-2.434880481897234439e-01
-3.525424804045791949e-01
-5.135055460303541430e-01
0.000000000000000000e+00
-2.000107813200213344e-02
-1.002515766243101680e-01
-2.028187671858297791e-01
-4.596305225593270150e-01
