-3.153587367550179654e-01
0.000000000000000000e+00
-3.956551082929633534e-01
-1.403532688078794610e+00
-3.066019186177755262e-01
-2.629681216869559357e-01
-2.058458216420130660e-01
-1.705899183064043811e-01
-1.521571326348161723e-01
-9.178846632050317866e-02
-7.380140326582193544e-02
-4.705808183234359149e-02
-3.991883369199165921e-02
-5.260489106168605294e-03
-1.693492677130205640e-02
-2.777025687425055921e-03
-1.986165636990020467e-01
-1.251639346853724855e-01
-7.541527463489292038e-02
-3.994295647267404742e-02
-4.440874884962945496e-02
-6.430942243904322342e-02
-9.809360781240580862e-02
-1.782919374206802243e-01
-2.838148508203801601e-01
-4.102709642521844557e-01
-5.867967350818834582e-01
-1.416460299761427427e-02
-2.037948528643103788e-02
-8.140533137508489114e-02
-2.243206600834229125e-01
-4.310226058681497219e-01
