-3.149323176826828163e-01
0.000000000000000000e+00
-3.958423032236569328e-01
-1.400694175646057804e+00
-3.114071670754257060e-01
-2.698086063589943961e-01
-2.434906745551992935e-01
-1.783591205115033218e-01
-1.337400171869176091e-01
-1.130395133085921877e-01
-7.809686475540489337e-02
-4.889644214315715109e-02
-3.050211720748053495e-02
-1.264826729339182942e-02
-8.835478340901840519e-03
0.000000000000000000e+00
-2.131320031750260080e-01
-1.405382320134859198e-01
-6.222707810662514438e-02
-1.785742774700531735e-02
-6.866317349701119444e-04
-3.610778031929853110e-02
-1.041743672576375540e-01
-1.669264398566235041e-01
-2.686493310248574407e-01
-3.872663478328784437e-01
-5.136019800871289842e-01
0.000000000000000000e+00
-1.118164089045832997e-02
-7.842660731404328678e-02
-2.070932164415863752e-01
-4.319160613557502248e-01
