1.995826666666668248e-01 7.940213749999999182e-01 8.307173333333326415e-01 1.982112499999999500e-01 6.478082089839998226e-01 1.666666666666666574e-01 0.000000000000000000e+00
1.995826666666668248e-01 7.940213749999999182e-01 8.307173333333326415e-01 1.982112499999999500e-01 6.478082089839998226e-01 3.333333333333333148e-01 0.000000000000000000e+00
1.995826666666668248e-01 7.940213749999999182e-01 8.307173333333326415e-01 1.982112499999999500e-01 6.478082089839998226e-01 5.000000000000000000e-01 0.000000000000000000e+00
1.995826666666668248e-01 7.940213749999999182e-01 8.307173333333326415e-01 1.982112499999999500e-01 6.478082089839998226e-01 6.666666666666666297e-01 0.000000000000000000e+00
1.995826666666668248e-01 7.940213749999999182e-01 8.307173333333326415e-01 1.982112499999999500e-01 6.478082089839998226e-01 4.891566639012152606e-01 1.000000000000000000e+00
1.995826666666668248e-01 7.940213749999999182e-01 8.307173333333326415e-01 1.982112499999999500e-01 6.478082089839998226e-01 5.257438976749218007e-01 1.000000000000000000e+00
1.995826666666668248e-01 7.940213749999999182e-01 8.307173333333326415e-01 1.982112499999999500e-01 6.478082089839998226e-01 5.623311314486284518e-01 1.000000000000000000e+00
1.995826666666668248e-01 7.940213749999999182e-01 8.307173333333326415e-01 1.982112499999999500e-01 6.478082089839998226e-01 5.989183652223351029e-01 1.000000000000000000e+00
1.995826666666668248e-01 7.940213749999999182e-01 8.307173333333326415e-01 1.982112499999999500e-01 6.478082089839998226e-01 6.355055989960416429e-01 1.000000000000000000e+00
1.995826666666668248e-01 7.940213749999999182e-01 8.307173333333326415e-01 1.982112499999999500e-01 6.478082089839998226e-01 6.720928327697484050e-01 1.000000000000000000e+00
1.995826666666668248e-01 7.940213749999999182e-01 8.307173333333326415e-01 1.982112499999999500e-01 6.478082089839998226e-01 7.086800665434549451e-01 1.000000000000000000e+00
1.995826666666668248e-01 7.940213749999999182e-01 8.307173333333326415e-01 1.982112499999999500e-01 6.478082089839998226e-01 7.452673003171614852e-01 1.000000000000000000e+00
1.995826666666668248e-01 7.940213749999999182e-01 8.307173333333326415e-01 1.982112499999999500e-01 6.478082089839998226e-01 7.818545340908681363e-01 1.000000000000000000e+00
1.995826666666668248e-01 7.940213749999999182e-01 8.307173333333326415e-01 1.982112499999999500e-01 6.478082089839998226e-01 8.184417678645747873e-01 1.000000000000000000e+00
1.995826666666668248e-01 7.940213749999999182e-01 8.307173333333326415e-01 1.982112499999999500e-01 6.478082089839998226e-01 8.550290016382813274e-01 1.000000000000000000e+00
1.995826666666668248e-01 7.940213749999999182e-01 8.307173333333326415e-01 1.982112499999999500e-01 6.478082089839998226e-01 8.916162354119878675e-01 1.000000000000000000e+00
1.995826666666668248e-01 7.940213749999999182e-01 8.307173333333326415e-01 1.982112499999999500e-01 6.478082089839998226e-01 1.004316683549795641e+00 2.000000000000000000e+00
1.995826666666668248e-01 7.940213749999999182e-01 8.307173333333326415e-01 1.982112499999999500e-01 6.478082089839998226e-01 1.064278890588480131e+00 2.000000000000000000e+00
1.995826666666668248e-01 7.940213749999999182e-01 8.307173333333326415e-01 1.982112499999999500e-01 6.478082089839998226e-01 1.124241097627164843e+00 2.000000000000000000e+00
1.995826666666668248e-01 7.940213749999999182e-01 8.307173333333326415e-01 1.982112499999999500e-01 6.478082089839998226e-01 1.184203304665849332e+00 2.000000000000000000e+00
1.995826666666668248e-01 7.940213749999999182e-01 8.307173333333326415e-01 1.982112499999999500e-01 6.478082089839998226e-01 1.244165511704533822e+00 2.000000000000000000e+00
1.995826666666668248e-01 7.940213749999999182e-01 8.307173333333326415e-01 1.982112499999999500e-01 6.478082089839998226e-01 1.304127718743218312e+00 2.000000000000000000e+00
1.995826666666668248e-01 7.940213749999999182e-01 8.307173333333326415e-01 1.982112499999999500e-01 6.478082089839998226e-01 1.364089925781903023e+00 2.000000000000000000e+00
1.995826666666668248e-01 7.940213749999999182e-01 8.307173333333326415e-01 1.982112499999999500e-01 6.478082089839998226e-01 1.424052132820587735e+00 2.000000000000000000e+00
1.995826666666668248e-01 7.940213749999999182e-01 8.307173333333326415e-01 1.982112499999999500e-01 6.478082089839998226e-01 1.484014339859272225e+00 2.000000000000000000e+00
1.995826666666668248e-01 7.940213749999999182e-01 8.307173333333326415e-01 1.982112499999999500e-01 6.478082089839998226e-01 1.543976546897956714e+00 2.000000000000000000e+00
1.995826666666668248e-01 7.940213749999999182e-01 8.307173333333326415e-01 1.982112499999999500e-01 6.478082089839998226e-01 1.603938753936641204e+00 2.000000000000000000e+00
1.995826666666668248e-01 7.940213749999999182e-01 8.307173333333326415e-01 1.982112499999999500e-01 6.478082089839998226e-01 4.100000000000000311e-01 3.000000000000000000e+00
1.995826666666668248e-01 7.940213749999999182e-01 8.307173333333326415e-01 1.982112499999999500e-01 6.478082089839998226e-01 4.699999999999999734e-01 3.000000000000000000e+00
1.995826666666668248e-01 7.940213749999999182e-01 8.307173333333326415e-01 1.982112499999999500e-01 6.478082089839998226e-01 5.300000000000000266e-01 3.000000000000000000e+00
1.995826666666668248e-01 7.940213749999999182e-01 8.307173333333326415e-01 1.982112499999999500e-01 6.478082089839998226e-01 5.899999999999999689e-01 3.000000000000000000e+00
1.995826666666668248e-01 7.940213749999999182e-01 8.307173333333326415e-01 1.982112499999999500e-01 6.478082089839998226e-01 6.500000000000000222e-01 3.000000000000000000e+00
