1.649233333333332552e-01 9.314594999999999958e-01 5.231359999999991572e-01 1.164660000000000695e-01 6.983077499600001126e-01 1.666666666666666574e-01 0.000000000000000000e+00
1.649233333333332552e-01 9.314594999999999958e-01 5.231359999999991572e-01 1.164660000000000695e-01 6.983077499600001126e-01 3.333333333333333148e-01 0.000000000000000000e+00
1.649233333333332552e-01 9.314594999999999958e-01 5.231359999999991572e-01 1.164660000000000695e-01 6.983077499600001126e-01 5.000000000000000000e-01 0.000000000000000000e+00
1.649233333333332552e-01 9.314594999999999958e-01 5.231359999999991572e-01 1.164660000000000695e-01 6.983077499600001126e-01 6.666666666666666297e-01 0.000000000000000000e+00
1.649233333333332552e-01 9.314594999999999958e-01 5.231359999999991572e-01 1.164660000000000695e-01 6.983077499600001126e-01 4.846887006544743359e-01 1.000000000000000000e+00
1.649233333333332552e-01 9.314594999999999958e-01 5.231359999999991572e-01 1.164660000000000695e-01 6.983077499600001126e-01 5.212345573016556877e-01 1.000000000000000000e+00
1.649233333333332552e-01 9.314594999999999958e-01 5.231359999999991572e-01 1.164660000000000695e-01 6.983077499600001126e-01 5.577804139488371504e-01 1.000000000000000000e+00
1.649233333333332552e-01 9.314594999999999958e-01 5.231359999999991572e-01 1.164660000000000695e-01 6.983077499600001126e-01 5.943262705960183911e-01 1.000000000000000000e+00
1.649233333333332552e-01 9.314594999999999958e-01 5.231359999999991572e-01 1.164660000000000695e-01 6.983077499600001126e-01 6.308721272431997429e-01 1.000000000000000000e+00
1.649233333333332552e-01 9.314594999999999958e-01 5.231359999999991572e-01 1.164660000000000695e-01 6.983077499600001126e-01 6.674179838903810946e-01 1.000000000000000000e+00
1.649233333333332552e-01 9.314594999999999958e-01 5.231359999999991572e-01 1.164660000000000695e-01 6.983077499600001126e-01 7.039638405375623353e-01 1.000000000000000000e+00
1.649233333333332552e-01 9.314594999999999958e-01 5.231359999999991572e-01 1.164660000000000695e-01 6.983077499600001126e-01 7.405096971847436871e-01 1.000000000000000000e+00
1.649233333333332552e-01 9.314594999999999958e-01 5.231359999999991572e-01 1.164660000000000695e-01 6.983077499600001126e-01 7.770555538319250388e-01 1.000000000000000000e+00
1.649233333333332552e-01 9.314594999999999958e-01 5.231359999999991572e-01 1.164660000000000695e-01 6.983077499600001126e-01 8.136014104791063906e-01 1.000000000000000000e+00
1.649233333333332552e-01 9.314594999999999958e-01 5.231359999999991572e-01 1.164660000000000695e-01 6.983077499600001126e-01 8.501472671262877423e-01 1.000000000000000000e+00
1.649233333333332552e-01 9.314594999999999958e-01 5.231359999999991572e-01 1.164660000000000695e-01 6.983077499600001126e-01 8.866931237734689830e-01 1.000000000000000000e+00
1.649233333333332552e-01 9.314594999999999958e-01 5.231359999999991572e-01 1.164660000000000695e-01 6.983077499600001126e-01 1.006862755942311338e+00 2.000000000000000000e+00
1.649233333333332552e-01 9.314594999999999958e-01 5.231359999999991572e-01 1.164660000000000695e-01 6.983077499600001126e-01 1.068152605486940576e+00 2.000000000000000000e+00
1.649233333333332552e-01 9.314594999999999958e-01 5.231359999999991572e-01 1.164660000000000695e-01 6.983077499600001126e-01 1.129442455031569814e+00 2.000000000000000000e+00
1.649233333333332552e-01 9.314594999999999958e-01 5.231359999999991572e-01 1.164660000000000695e-01 6.983077499600001126e-01 1.190732304576198830e+00 2.000000000000000000e+00
1.649233333333332552e-01 9.314594999999999958e-01 5.231359999999991572e-01 1.164660000000000695e-01 6.983077499600001126e-01 1.252022154120827846e+00 2.000000000000000000e+00
1.649233333333332552e-01 9.314594999999999958e-01 5.231359999999991572e-01 1.164660000000000695e-01 6.983077499600001126e-01 1.313312003665457084e+00 2.000000000000000000e+00
1.649233333333332552e-01 9.314594999999999958e-01 5.231359999999991572e-01 1.164660000000000695e-01 6.983077499600001126e-01 1.374601853210086322e+00 2.000000000000000000e+00
1.649233333333332552e-01 9.314594999999999958e-01 5.231359999999991572e-01 1.164660000000000695e-01 6.983077499600001126e-01 1.435891702754715560e+00 2.000000000000000000e+00
1.649233333333332552e-01 9.314594999999999958e-01 5.231359999999991572e-01 1.164660000000000695e-01 6.983077499600001126e-01 1.497181552299344798e+00 2.000000000000000000e+00
1.649233333333332552e-01 9.314594999999999958e-01 5.231359999999991572e-01 1.164660000000000695e-01 6.983077499600001126e-01 1.558471401843974036e+00 2.000000000000000000e+00
1.649233333333332552e-01 9.314594999999999958e-01 5.231359999999991572e-01 1.164660000000000695e-01 6.983077499600001126e-01 1.619761251388603052e+00 2.000000000000000000e+00
1.649233333333332552e-01 9.314594999999999958e-01 5.231359999999991572e-01 1.164660000000000695e-01 6.983077499600001126e-01 4.100000000000000311e-01 3.000000000000000000e+00
1.649233333333332552e-01 9.314594999999999958e-01 5.231359999999991572e-01 1.164660000000000695e-01 6.983077499600001126e-01 4.699999999999999734e-01 3.000000000000000000e+00
1.649233333333332552e-01 9.314594999999999958e-01 5.231359999999991572e-01 1.164660000000000695e-01 6.983077499600001126e-01 5.300000000000000266e-01 3.000000000000000000e+00
1.649233333333332552e-01 9.314594999999999958e-01 5.231359999999991572e-01 1.164660000000000695e-01 6.983077499600001126e-01 5.899999999999999689e-01 3.000000000000000000e+00
1.649233333333332552e-01 9.314594999999999958e-01 5.231359999999991572e-01 1.164660000000000695e-01 6.983077499600001126e-01 6.500000000000000222e-01 3.000000000000000000e+00
