3.463453333333328943e-01 7.157684999999999187e-01 9.304426666666663071e-01 3.444892499999999136e-01 5.074236722640002029e-01 1.666666666666666574e-01 0.000000000000000000e+00
3.463453333333328943e-01 7.157684999999999187e-01 9.304426666666663071e-01 3.444892499999999136e-01 5.074236722640002029e-01 3.333333333333333148e-01 0.000000000000000000e+00
3.463453333333328943e-01 7.157684999999999187e-01 9.304426666666663071e-01 3.444892499999999136e-01 5.074236722640002029e-01 5.000000000000000000e-01 0.000000000000000000e+00
3.463453333333328943e-01 7.157684999999999187e-01 9.304426666666663071e-01 3.444892499999999136e-01 5.074236722640002029e-01 6.666666666666666297e-01 0.000000000000000000e+00
3.463453333333328943e-01 7.157684999999999187e-01 9.304426666666663071e-01 3.444892499999999136e-01 5.074236722640002029e-01 4.874959803870666519e-01 1.000000000000000000e+00
3.463453333333328943e-01 7.157684999999999187e-01 9.304426666666663071e-01 3.444892499999999136e-01 5.074236722640002029e-01 5.244113600410440501e-01 1.000000000000000000e+00
3.463453333333328943e-01 7.157684999999999187e-01 9.304426666666663071e-01 3.444892499999999136e-01 5.074236722640002029e-01 5.613267396950214483e-01 1.000000000000000000e+00
3.463453333333328943e-01 7.157684999999999187e-01 9.304426666666663071e-01 3.444892499999999136e-01 5.074236722640002029e-01 5.982421193489988465e-01 1.000000000000000000e+00
3.463453333333328943e-01 7.157684999999999187e-01 9.304426666666663071e-01 3.444892499999999136e-01 5.074236722640002029e-01 6.351574990029762446e-01 1.000000000000000000e+00
3.463453333333328943e-01 7.157684999999999187e-01 9.304426666666663071e-01 3.444892499999999136e-01 5.074236722640002029e-01 6.720728786569536428e-01 1.000000000000000000e+00
3.463453333333328943e-01 7.157684999999999187e-01 9.304426666666663071e-01 3.444892499999999136e-01 5.074236722640002029e-01 7.089882583109310410e-01 1.000000000000000000e+00
3.463453333333328943e-01 7.157684999999999187e-01 9.304426666666663071e-01 3.444892499999999136e-01 5.074236722640002029e-01 7.459036379649084392e-01 1.000000000000000000e+00
3.463453333333328943e-01 7.157684999999999187e-01 9.304426666666663071e-01 3.444892499999999136e-01 5.074236722640002029e-01 7.828190176188858374e-01 1.000000000000000000e+00
3.463453333333328943e-01 7.157684999999999187e-01 9.304426666666663071e-01 3.444892499999999136e-01 5.074236722640002029e-01 8.197343972728632355e-01 1.000000000000000000e+00
3.463453333333328943e-01 7.157684999999999187e-01 9.304426666666663071e-01 3.444892499999999136e-01 5.074236722640002029e-01 8.566497769268405227e-01 1.000000000000000000e+00
3.463453333333328943e-01 7.157684999999999187e-01 9.304426666666663071e-01 3.444892499999999136e-01 5.074236722640002029e-01 8.935651565808179209e-01 1.000000000000000000e+00
3.463453333333328943e-01 7.157684999999999187e-01 9.304426666666663071e-01 3.444892499999999136e-01 5.074236722640002029e-01 1.016759290443606911e+00 2.000000000000000000e+00
3.463453333333328943e-01 7.157684999999999187e-01 9.304426666666663071e-01 3.444892499999999136e-01 5.074236722640002029e-01 1.074710749464255599e+00 2.000000000000000000e+00
3.463453333333328943e-01 7.157684999999999187e-01 9.304426666666663071e-01 3.444892499999999136e-01 5.074236722640002029e-01 1.132662208484904287e+00 2.000000000000000000e+00
3.463453333333328943e-01 7.157684999999999187e-01 9.304426666666663071e-01 3.444892499999999136e-01 5.074236722640002029e-01 1.190613667505552975e+00 2.000000000000000000e+00
3.463453333333328943e-01 7.157684999999999187e-01 9.304426666666663071e-01 3.444892499999999136e-01 5.074236722640002029e-01 1.248565126526201663e+00 2.000000000000000000e+00
3.463453333333328943e-01 7.157684999999999187e-01 9.304426666666663071e-01 3.444892499999999136e-01 5.074236722640002029e-01 1.306516585546850129e+00 2.000000000000000000e+00
3.463453333333328943e-01 7.157684999999999187e-01 9.304426666666663071e-01 3.444892499999999136e-01 5.074236722640002029e-01 1.364468044567498817e+00 2.000000000000000000e+00
3.463453333333328943e-01 7.157684999999999187e-01 9.304426666666663071e-01 3.444892499999999136e-01 5.074236722640002029e-01 1.422419503588147283e+00 2.000000000000000000e+00
3.463453333333328943e-01 7.157684999999999187e-01 9.304426666666663071e-01 3.444892499999999136e-01 5.074236722640002029e-01 1.480370962608795971e+00 2.000000000000000000e+00
3.463453333333328943e-01 7.157684999999999187e-01 9.304426666666663071e-01 3.444892499999999136e-01 5.074236722640002029e-01 1.538322421629444658e+00 2.000000000000000000e+00
3.463453333333328943e-01 7.157684999999999187e-01 9.304426666666663071e-01 3.444892499999999136e-01 5.074236722640002029e-01 1.596273880650093346e+00 2.000000000000000000e+00
3.463453333333328943e-01 7.157684999999999187e-01 9.304426666666663071e-01 3.444892499999999136e-01 5.074236722640002029e-01 4.100000000000000311e-01 3.000000000000000000e+00
3.463453333333328943e-01 7.157684999999999187e-01 9.304426666666663071e-01 3.444892499999999136e-01 5.074236722640002029e-01 4.699999999999999734e-01 3.000000000000000000e+00
3.463453333333328943e-01 7.157684999999999187e-01 9.304426666666663071e-01 3.444892499999999136e-01 5.074236722640002029e-01 5.300000000000000266e-01 3.000000000000000000e+00
3.463453333333328943e-01 7.157684999999999187e-01 9.304426666666663071e-01 3.444892499999999136e-01 5.074236722640002029e-01 5.899999999999999689e-01 3.000000000000000000e+00
3.463453333333328943e-01 7.157684999999999187e-01 9.304426666666663071e-01 3.444892499999999136e-01 5.074236722640002029e-01 6.500000000000000222e-01 3.000000000000000000e+00
