8.821260000000005208e-01 6.282249999999989232e-02 5.635626666666663231e-01 8.464947499999999625e-01 2.902998292720000428e-01 1.666666666666666574e-01 0.000000000000000000e+00
8.821260000000005208e-01 6.282249999999989232e-02 5.635626666666663231e-01 8.464947499999999625e-01 2.902998292720000428e-01 3.333333333333333148e-01 0.000000000000000000e+00
8.821260000000005208e-01 6.282249999999989232e-02 5.635626666666663231e-01 8.464947499999999625e-01 2.902998292720000428e-01 5.000000000000000000e-01 0.000000000000000000e+00
8.821260000000005208e-01 6.282249999999989232e-02 5.635626666666663231e-01 8.464947499999999625e-01 2.902998292720000428e-01 6.666666666666666297e-01 0.000000000000000000e+00
8.821260000000005208e-01 6.282249999999989232e-02 5.635626666666663231e-01 8.464947499999999625e-01 2.902998292720000428e-01 4.782848302805873253e-01 1.000000000000000000e+00
8.821260000000005208e-01 6.282249999999989232e-02 5.635626666666663231e-01 8.464947499999999625e-01 2.902998292720000428e-01 5.153144716642070744e-01 1.000000000000000000e+00
8.821260000000005208e-01 6.282249999999989232e-02 5.635626666666663231e-01 8.464947499999999625e-01 2.902998292720000428e-01 5.523441130478268235e-01 1.000000000000000000e+00
8.821260000000005208e-01 6.282249999999989232e-02 5.635626666666663231e-01 8.464947499999999625e-01 2.902998292720000428e-01 5.893737544314463506e-01 1.000000000000000000e+00
8.821260000000005208e-01 6.282249999999989232e-02 5.635626666666663231e-01 8.464947499999999625e-01 2.902998292720000428e-01 6.264033958150660997e-01 1.000000000000000000e+00
8.821260000000005208e-01 6.282249999999989232e-02 5.635626666666663231e-01 8.464947499999999625e-01 2.902998292720000428e-01 6.634330371986858488e-01 1.000000000000000000e+00
8.821260000000005208e-01 6.282249999999989232e-02 5.635626666666663231e-01 8.464947499999999625e-01 2.902998292720000428e-01 7.004626785823055979e-01 1.000000000000000000e+00
8.821260000000005208e-01 6.282249999999989232e-02 5.635626666666663231e-01 8.464947499999999625e-01 2.902998292720000428e-01 7.374923199659251249e-01 1.000000000000000000e+00
8.821260000000005208e-01 6.282249999999989232e-02 5.635626666666663231e-01 8.464947499999999625e-01 2.902998292720000428e-01 7.745219613495448741e-01 1.000000000000000000e+00
8.821260000000005208e-01 6.282249999999989232e-02 5.635626666666663231e-01 8.464947499999999625e-01 2.902998292720000428e-01 8.115516027331646232e-01 1.000000000000000000e+00
8.821260000000005208e-01 6.282249999999989232e-02 5.635626666666663231e-01 8.464947499999999625e-01 2.902998292720000428e-01 8.485812441167842612e-01 1.000000000000000000e+00
8.821260000000005208e-01 6.282249999999989232e-02 5.635626666666663231e-01 8.464947499999999625e-01 2.902998292720000428e-01 8.856108855004038993e-01 1.000000000000000000e+00
8.821260000000005208e-01 6.282249999999989232e-02 5.635626666666663231e-01 8.464947499999999625e-01 2.902998292720000428e-01 1.000360980411797884e+00 2.000000000000000000e+00
8.821260000000005208e-01 6.282249999999989232e-02 5.635626666666663231e-01 8.464947499999999625e-01 2.902998292720000428e-01 1.058822937036407730e+00 2.000000000000000000e+00
8.821260000000005208e-01 6.282249999999989232e-02 5.635626666666663231e-01 8.464947499999999625e-01 2.902998292720000428e-01 1.117284893661017797e+00 2.000000000000000000e+00
8.821260000000005208e-01 6.282249999999989232e-02 5.635626666666663231e-01 8.464947499999999625e-01 2.902998292720000428e-01 1.175746850285627643e+00 2.000000000000000000e+00
8.821260000000005208e-01 6.282249999999989232e-02 5.635626666666663231e-01 8.464947499999999625e-01 2.902998292720000428e-01 1.234208806910237710e+00 2.000000000000000000e+00
8.821260000000005208e-01 6.282249999999989232e-02 5.635626666666663231e-01 8.464947499999999625e-01 2.902998292720000428e-01 1.292670763534847556e+00 2.000000000000000000e+00
8.821260000000005208e-01 6.282249999999989232e-02 5.635626666666663231e-01 8.464947499999999625e-01 2.902998292720000428e-01 1.351132720159457623e+00 2.000000000000000000e+00
8.821260000000005208e-01 6.282249999999989232e-02 5.635626666666663231e-01 8.464947499999999625e-01 2.902998292720000428e-01 1.409594676784067691e+00 2.000000000000000000e+00
8.821260000000005208e-01 6.282249999999989232e-02 5.635626666666663231e-01 8.464947499999999625e-01 2.902998292720000428e-01 1.468056633408677314e+00 2.000000000000000000e+00
8.821260000000005208e-01 6.282249999999989232e-02 5.635626666666663231e-01 8.464947499999999625e-01 2.902998292720000428e-01 1.526518590033287381e+00 2.000000000000000000e+00
8.821260000000005208e-01 6.282249999999989232e-02 5.635626666666663231e-01 8.464947499999999625e-01 2.902998292720000428e-01 1.584980546657897449e+00 2.000000000000000000e+00
8.821260000000005208e-01 6.282249999999989232e-02 5.635626666666663231e-01 8.464947499999999625e-01 2.902998292720000428e-01 4.100000000000000311e-01 3.000000000000000000e+00
8.821260000000005208e-01 6.282249999999989232e-02 5.635626666666663231e-01 8.464947499999999625e-01 2.902998292720000428e-01 4.699999999999999734e-01 3.000000000000000000e+00
8.821260000000005208e-01 6.282249999999989232e-02 5.635626666666663231e-01 8.464947499999999625e-01 2.902998292720000428e-01 5.300000000000000266e-01 3.000000000000000000e+00
8.821260000000005208e-01 6.282249999999989232e-02 5.635626666666663231e-01 8.464947499999999625e-01 2.902998292720000428e-01 5.899999999999999689e-01 3.000000000000000000e+00
8.821260000000005208e-01 6.282249999999989232e-02 5.635626666666663231e-01 8.464947499999999625e-01 2.902998292720000428e-01 6.500000000000000222e-01 3.000000000000000000e+00
