-3.170519863715816067e-01
0.000000000000000000e+00
-3.982241085598999253e-01
-1.402025242836207219e+00
-2.547238070114890562e-01
-2.192940688269408023e-01
-1.894157598073598903e-01
-1.433696281432532416e-01
-1.195911556347142718e-01
-8.406212736855117607e-02
-6.388297105498057238e-02
-5.669187416228337051e-02
-1.383433585061763678e-02
-1.542432788459661454e-02
-1.372098742718855235e-02
-5.080817401448235390e-03
-1.847088447385659971e-01
-1.028713550472011018e-01
-3.706096680263582660e-02
-1.777230307213193555e-02
-1.560082613869789511e-02
-3.934272939944227776e-02
-1.090947192122977694e-01
-1.900705731106740737e-01
-2.665626806475177024e-01
-3.934359170330173350e-01
-5.786705555285683866e-01
-1.735095529510506662e-02
-3.415177351812600896e-03
-8.523303518872255014e-02
-1.887470931424064802e-01
-4.218307717336478579e-01
