1.389986666666667703e-01 8.188957500000000334e-01 4.004933333333333123e-01 1.852177499999999033e-01 7.361625060880001570e-01 1.666666666666666574e-01 0.000000000000000000e+00
1.389986666666667703e-01 8.188957500000000334e-01 4.004933333333333123e-01 1.852177499999999033e-01 7.361625060880001570e-01 3.333333333333333148e-01 0.000000000000000000e+00
1.389986666666667703e-01 8.188957500000000334e-01 4.004933333333333123e-01 1.852177499999999033e-01 7.361625060880001570e-01 5.000000000000000000e-01 0.000000000000000000e+00
1.389986666666667703e-01 8.188957500000000334e-01 4.004933333333333123e-01 1.852177499999999033e-01 7.361625060880001570e-01 6.666666666666666297e-01 0.000000000000000000e+00
1.389986666666667703e-01 8.188957500000000334e-01 4.004933333333333123e-01 1.852177499999999033e-01 7.361625060880001570e-01 4.787681201000785203e-01 1.000000000000000000e+00
1.389986666666667703e-01 8.188957500000000334e-01 4.004933333333333123e-01 1.852177499999999033e-01 7.361625060880001570e-01 5.157306704161835897e-01 1.000000000000000000e+00
1.389986666666667703e-01 8.188957500000000334e-01 4.004933333333333123e-01 1.852177499999999033e-01 7.361625060880001570e-01 5.526932207322885482e-01 1.000000000000000000e+00
1.389986666666667703e-01 8.188957500000000334e-01 4.004933333333333123e-01 1.852177499999999033e-01 7.361625060880001570e-01 5.896557710483936177e-01 1.000000000000000000e+00
1.389986666666667703e-01 8.188957500000000334e-01 4.004933333333333123e-01 1.852177499999999033e-01 7.361625060880001570e-01 6.266183213644986871e-01 1.000000000000000000e+00
1.389986666666667703e-01 8.188957500000000334e-01 4.004933333333333123e-01 1.852177499999999033e-01 7.361625060880001570e-01 6.635808716806037566e-01 1.000000000000000000e+00
1.389986666666667703e-01 8.188957500000000334e-01 4.004933333333333123e-01 1.852177499999999033e-01 7.361625060880001570e-01 7.005434219967087150e-01 1.000000000000000000e+00
1.389986666666667703e-01 8.188957500000000334e-01 4.004933333333333123e-01 1.852177499999999033e-01 7.361625060880001570e-01 7.375059723128137845e-01 1.000000000000000000e+00
1.389986666666667703e-01 8.188957500000000334e-01 4.004933333333333123e-01 1.852177499999999033e-01 7.361625060880001570e-01 7.744685226289188540e-01 1.000000000000000000e+00
1.389986666666667703e-01 8.188957500000000334e-01 4.004933333333333123e-01 1.852177499999999033e-01 7.361625060880001570e-01 8.114310729450239235e-01 1.000000000000000000e+00
1.389986666666667703e-01 8.188957500000000334e-01 4.004933333333333123e-01 1.852177499999999033e-01 7.361625060880001570e-01 8.483936232611288819e-01 1.000000000000000000e+00
1.389986666666667703e-01 8.188957500000000334e-01 4.004933333333333123e-01 1.852177499999999033e-01 7.361625060880001570e-01 8.853561735772340624e-01 1.000000000000000000e+00
1.389986666666667703e-01 8.188957500000000334e-01 4.004933333333333123e-01 1.852177499999999033e-01 7.361625060880001570e-01 1.004301781243835734e+00 2.000000000000000000e+00
1.389986666666667703e-01 8.188957500000000334e-01 4.004933333333333123e-01 1.852177499999999033e-01 7.361625060880001570e-01 1.064055515044716405e+00 2.000000000000000000e+00
1.389986666666667703e-01 8.188957500000000334e-01 4.004933333333333123e-01 1.852177499999999033e-01 7.361625060880001570e-01 1.123809248845597075e+00 2.000000000000000000e+00
1.389986666666667703e-01 8.188957500000000334e-01 4.004933333333333123e-01 1.852177499999999033e-01 7.361625060880001570e-01 1.183562982646477746e+00 2.000000000000000000e+00
1.389986666666667703e-01 8.188957500000000334e-01 4.004933333333333123e-01 1.852177499999999033e-01 7.361625060880001570e-01 1.243316716447358417e+00 2.000000000000000000e+00
1.389986666666667703e-01 8.188957500000000334e-01 4.004933333333333123e-01 1.852177499999999033e-01 7.361625060880001570e-01 1.303070450248239309e+00 2.000000000000000000e+00
1.389986666666667703e-01 8.188957500000000334e-01 4.004933333333333123e-01 1.852177499999999033e-01 7.361625060880001570e-01 1.362824184049120202e+00 2.000000000000000000e+00
1.389986666666667703e-01 8.188957500000000334e-01 4.004933333333333123e-01 1.852177499999999033e-01 7.361625060880001570e-01 1.422577917850000873e+00 2.000000000000000000e+00
1.389986666666667703e-01 8.188957500000000334e-01 4.004933333333333123e-01 1.852177499999999033e-01 7.361625060880001570e-01 1.482331651650881543e+00 2.000000000000000000e+00
1.389986666666667703e-01 8.188957500000000334e-01 4.004933333333333123e-01 1.852177499999999033e-01 7.361625060880001570e-01 1.542085385451762214e+00 2.000000000000000000e+00
1.389986666666667703e-01 8.188957500000000334e-01 4.004933333333333123e-01 1.852177499999999033e-01 7.361625060880001570e-01 1.601839119252642885e+00 2.000000000000000000e+00
1.389986666666667703e-01 8.188957500000000334e-01 4.004933333333333123e-01 1.852177499999999033e-01 7.361625060880001570e-01 4.100000000000000311e-01 3.000000000000000000e+00
1.389986666666667703e-01 8.188957500000000334e-01 4.004933333333333123e-01 1.852177499999999033e-01 7.361625060880001570e-01 4.699999999999999734e-01 3.000000000000000000e+00
1.389986666666667703e-01 8.188957500000000334e-01 4.004933333333333123e-01 1.852177499999999033e-01 7.361625060880001570e-01 5.300000000000000266e-01 3.000000000000000000e+00
1.389986666666667703e-01 8.188957500000000334e-01 4.004933333333333123e-01 1.852177499999999033e-01 7.361625060880001570e-01 5.899999999999999689e-01 3.000000000000000000e+00
1.389986666666667703e-01 8.188957500000000334e-01 4.004933333333333123e-01 1.852177499999999033e-01 7.361625060880001570e-01 6.500000000000000222e-01 3.000000000000000000e+00
