-3.133634984200656115e-01
0.000000000000000000e+00
-3.956596512445375580e-01
-1.393335343410909921e+00
-2.686056602185403208e-01
-2.332898645219468048e-01
-1.798304330922544103e-01
-1.502376101482686410e-01
-1.256034642650516731e-01
-9.557488922366701167e-02
-6.068210913109274574e-02
-4.110961029911042175e-02
-2.548419228905896006e-02
-1.656793613790928307e-02
-2.105822295693897395e-02
-2.072808650477896489e-02
-2.039805846505863829e-01
-1.379107552630555733e-01
-7.267743144662298926e-02
-5.176291535447138242e-02
-1.706122426985825710e-02
-5.294252988296020007e-02
-6.129078155260019034e-02
-1.806462247831004120e-01
-2.566689515858954773e-01
-3.481062344367275019e-01
-5.000218204975767078e-01
-2.547654496117151418e-02
-4.144957093758507710e-02
-6.756344947587689109e-02
-1.834049595771025387e-01
-4.562977800278647522e-01
