9.237599999999995815e-01 1.953574999999999340e-01 6.160973333333330526e-01 7.446557500000000607e-01 1.535903242079998954e-01 1.666666666666666574e-01 0.000000000000000000e+00
9.237599999999995815e-01 1.953574999999999340e-01 6.160973333333330526e-01 7.446557500000000607e-01 1.535903242079998954e-01 3.333333333333333148e-01 0.000000000000000000e+00
9.237599999999995815e-01 1.953574999999999340e-01 6.160973333333330526e-01 7.446557500000000607e-01 1.535903242079998954e-01 5.000000000000000000e-01 0.000000000000000000e+00
9.237599999999995815e-01 1.953574999999999340e-01 6.160973333333330526e-01 7.446557500000000607e-01 1.535903242079998954e-01 6.666666666666666297e-01 0.000000000000000000e+00
9.237599999999995815e-01 1.953574999999999340e-01 6.160973333333330526e-01 7.446557500000000607e-01 1.535903242079998954e-01 4.911217878686564564e-01 1.000000000000000000e+00
9.237599999999995815e-01 1.953574999999999340e-01 6.160973333333330526e-01 7.446557500000000607e-01 1.535903242079998954e-01 5.282911530392742083e-01 1.000000000000000000e+00
9.237599999999995815e-01 1.953574999999999340e-01 6.160973333333330526e-01 7.446557500000000607e-01 1.535903242079998954e-01 5.654605182098917382e-01 1.000000000000000000e+00
9.237599999999995815e-01 1.953574999999999340e-01 6.160973333333330526e-01 7.446557500000000607e-01 1.535903242079998954e-01 6.026298833805093791e-01 1.000000000000000000e+00
9.237599999999995815e-01 1.953574999999999340e-01 6.160973333333330526e-01 7.446557500000000607e-01 1.535903242079998954e-01 6.397992485511270200e-01 1.000000000000000000e+00
9.237599999999995815e-01 1.953574999999999340e-01 6.160973333333330526e-01 7.446557500000000607e-01 1.535903242079998954e-01 6.769686137217446609e-01 1.000000000000000000e+00
9.237599999999995815e-01 1.953574999999999340e-01 6.160973333333330526e-01 7.446557500000000607e-01 1.535903242079998954e-01 7.141379788923621907e-01 1.000000000000000000e+00
9.237599999999995815e-01 1.953574999999999340e-01 6.160973333333330526e-01 7.446557500000000607e-01 1.535903242079998954e-01 7.513073440629798316e-01 1.000000000000000000e+00
9.237599999999995815e-01 1.953574999999999340e-01 6.160973333333330526e-01 7.446557500000000607e-01 1.535903242079998954e-01 7.884767092335973615e-01 1.000000000000000000e+00
9.237599999999995815e-01 1.953574999999999340e-01 6.160973333333330526e-01 7.446557500000000607e-01 1.535903242079998954e-01 8.256460744042151134e-01 1.000000000000000000e+00
9.237599999999995815e-01 1.953574999999999340e-01 6.160973333333330526e-01 7.446557500000000607e-01 1.535903242079998954e-01 8.628154395748326433e-01 1.000000000000000000e+00
9.237599999999995815e-01 1.953574999999999340e-01 6.160973333333330526e-01 7.446557500000000607e-01 1.535903242079998954e-01 8.999848047454501732e-01 1.000000000000000000e+00
9.237599999999995815e-01 1.953574999999999340e-01 6.160973333333330526e-01 7.446557500000000607e-01 1.535903242079998954e-01 1.001371320703645873e+00 2.000000000000000000e+00
9.237599999999995815e-01 1.953574999999999340e-01 6.160973333333330526e-01 7.446557500000000607e-01 1.535903242079998954e-01 1.060234935189431571e+00 2.000000000000000000e+00
9.237599999999995815e-01 1.953574999999999340e-01 6.160973333333330526e-01 7.446557500000000607e-01 1.535903242079998954e-01 1.119098549675217491e+00 2.000000000000000000e+00
9.237599999999995815e-01 1.953574999999999340e-01 6.160973333333330526e-01 7.446557500000000607e-01 1.535903242079998954e-01 1.177962164161003411e+00 2.000000000000000000e+00
9.237599999999995815e-01 1.953574999999999340e-01 6.160973333333330526e-01 7.446557500000000607e-01 1.535903242079998954e-01 1.236825778646789331e+00 2.000000000000000000e+00
9.237599999999995815e-01 1.953574999999999340e-01 6.160973333333330526e-01 7.446557500000000607e-01 1.535903242079998954e-01 1.295689393132575251e+00 2.000000000000000000e+00
9.237599999999995815e-01 1.953574999999999340e-01 6.160973333333330526e-01 7.446557500000000607e-01 1.535903242079998954e-01 1.354553007618360949e+00 2.000000000000000000e+00
9.237599999999995815e-01 1.953574999999999340e-01 6.160973333333330526e-01 7.446557500000000607e-01 1.535903242079998954e-01 1.413416622104146869e+00 2.000000000000000000e+00
9.237599999999995815e-01 1.953574999999999340e-01 6.160973333333330526e-01 7.446557500000000607e-01 1.535903242079998954e-01 1.472280236589932789e+00 2.000000000000000000e+00
9.237599999999995815e-01 1.953574999999999340e-01 6.160973333333330526e-01 7.446557500000000607e-01 1.535903242079998954e-01 1.531143851075718487e+00 2.000000000000000000e+00
9.237599999999995815e-01 1.953574999999999340e-01 6.160973333333330526e-01 7.446557500000000607e-01 1.535903242079998954e-01 1.590007465561504407e+00 2.000000000000000000e+00
9.237599999999995815e-01 1.953574999999999340e-01 6.160973333333330526e-01 7.446557500000000607e-01 1.535903242079998954e-01 4.100000000000000311e-01 3.000000000000000000e+00
9.237599999999995815e-01 1.953574999999999340e-01 6.160973333333330526e-01 7.446557500000000607e-01 1.535903242079998954e-01 4.699999999999999734e-01 3.000000000000000000e+00
9.237599999999995815e-01 1.953574999999999340e-01 6.160973333333330526e-01 7.446557500000000607e-01 1.535903242079998954e-01 5.300000000000000266e-01 3.000000000000000000e+00
9.237599999999995815e-01 1.953574999999999340e-01 6.160973333333330526e-01 7.446557500000000607e-01 1.535903242079998954e-01 5.899999999999999689e-01 3.000000000000000000e+00
9.237599999999995815e-01 1.953574999999999340e-01 6.160973333333330526e-01 7.446557500000000607e-01 1.535903242079998954e-01 6.500000000000000222e-01 3.000000000000000000e+00
