6.218866666666665877e-01 4.219912499999998179e-01 5.726213333333329825e-01 4.763775000000000648e-01 3.609577397759999862e-01 1.666666666666666574e-01 0.000000000000000000e+00
6.218866666666665877e-01 4.219912499999998179e-01 5.726213333333329825e-01 4.763775000000000648e-01 3.609577397759999862e-01 3.333333333333333148e-01 0.000000000000000000e+00
6.218866666666665877e-01 4.219912499999998179e-01 5.726213333333329825e-01 4.763775000000000648e-01 3.609577397759999862e-01 5.000000000000000000e-01 0.000000000000000000e+00
6.218866666666665877e-01 4.219912499999998179e-01 5.726213333333329825e-01 4.763775000000000648e-01 3.609577397759999862e-01 6.666666666666666297e-01 0.000000000000000000e+00
6.218866666666665877e-01 4.219912499999998179e-01 5.726213333333329825e-01 4.763775000000000648e-01 3.609577397759999862e-01 4.804781596326421766e-01 1.000000000000000000e+00
6.218866666666665877e-01 4.219912499999998179e-01 5.726213333333329825e-01 4.763775000000000648e-01 3.609577397759999862e-01 5.172091802693298268e-01 1.000000000000000000e+00
6.218866666666665877e-01 4.219912499999998179e-01 5.726213333333329825e-01 4.763775000000000648e-01 3.609577397759999862e-01 5.539402009060174770e-01 1.000000000000000000e+00
6.218866666666665877e-01 4.219912499999998179e-01 5.726213333333329825e-01 4.763775000000000648e-01 3.609577397759999862e-01 5.906712215427050161e-01 1.000000000000000000e+00
6.218866666666665877e-01 4.219912499999998179e-01 5.726213333333329825e-01 4.763775000000000648e-01 3.609577397759999862e-01 6.274022421793926663e-01 1.000000000000000000e+00
6.218866666666665877e-01 4.219912499999998179e-01 5.726213333333329825e-01 4.763775000000000648e-01 3.609577397759999862e-01 6.641332628160803164e-01 1.000000000000000000e+00
6.218866666666665877e-01 4.219912499999998179e-01 5.726213333333329825e-01 4.763775000000000648e-01 3.609577397759999862e-01 7.008642834527679666e-01 1.000000000000000000e+00
6.218866666666665877e-01 4.219912499999998179e-01 5.726213333333329825e-01 4.763775000000000648e-01 3.609577397759999862e-01 7.375953040894555057e-01 1.000000000000000000e+00
6.218866666666665877e-01 4.219912499999998179e-01 5.726213333333329825e-01 4.763775000000000648e-01 3.609577397759999862e-01 7.743263247261430449e-01 1.000000000000000000e+00
6.218866666666665877e-01 4.219912499999998179e-01 5.726213333333329825e-01 4.763775000000000648e-01 3.609577397759999862e-01 8.110573453628308060e-01 1.000000000000000000e+00
6.218866666666665877e-01 4.219912499999998179e-01 5.726213333333329825e-01 4.763775000000000648e-01 3.609577397759999862e-01 8.477883659995183452e-01 1.000000000000000000e+00
6.218866666666665877e-01 4.219912499999998179e-01 5.726213333333329825e-01 4.763775000000000648e-01 3.609577397759999862e-01 8.845193866362059953e-01 1.000000000000000000e+00
6.218866666666665877e-01 4.219912499999998179e-01 5.726213333333329825e-01 4.763775000000000648e-01 3.609577397759999862e-01 1.012396447030970315e+00 2.000000000000000000e+00
6.218866666666665877e-01 4.219912499999998179e-01 5.726213333333329825e-01 4.763775000000000648e-01 3.609577397759999862e-01 1.068751765262276443e+00 2.000000000000000000e+00
6.218866666666665877e-01 4.219912499999998179e-01 5.726213333333329825e-01 4.763775000000000648e-01 3.609577397759999862e-01 1.125107083493582572e+00 2.000000000000000000e+00
6.218866666666665877e-01 4.219912499999998179e-01 5.726213333333329825e-01 4.763775000000000648e-01 3.609577397759999862e-01 1.181462401724888700e+00 2.000000000000000000e+00
6.218866666666665877e-01 4.219912499999998179e-01 5.726213333333329825e-01 4.763775000000000648e-01 3.609577397759999862e-01 1.237817719956194829e+00 2.000000000000000000e+00
6.218866666666665877e-01 4.219912499999998179e-01 5.726213333333329825e-01 4.763775000000000648e-01 3.609577397759999862e-01 1.294173038187500957e+00 2.000000000000000000e+00
6.218866666666665877e-01 4.219912499999998179e-01 5.726213333333329825e-01 4.763775000000000648e-01 3.609577397759999862e-01 1.350528356418807086e+00 2.000000000000000000e+00
6.218866666666665877e-01 4.219912499999998179e-01 5.726213333333329825e-01 4.763775000000000648e-01 3.609577397759999862e-01 1.406883674650113214e+00 2.000000000000000000e+00
6.218866666666665877e-01 4.219912499999998179e-01 5.726213333333329825e-01 4.763775000000000648e-01 3.609577397759999862e-01 1.463238992881419342e+00 2.000000000000000000e+00
6.218866666666665877e-01 4.219912499999998179e-01 5.726213333333329825e-01 4.763775000000000648e-01 3.609577397759999862e-01 1.519594311112725471e+00 2.000000000000000000e+00
6.218866666666665877e-01 4.219912499999998179e-01 5.726213333333329825e-01 4.763775000000000648e-01 3.609577397759999862e-01 1.575949629344031599e+00 2.000000000000000000e+00
6.218866666666665877e-01 4.219912499999998179e-01 5.726213333333329825e-01 4.763775000000000648e-01 3.609577397759999862e-01 4.100000000000000311e-01 3.000000000000000000e+00
6.218866666666665877e-01 4.219912499999998179e-01 5.726213333333329825e-01 4.763775000000000648e-01 3.609577397759999862e-01 4.699999999999999734e-01 3.000000000000000000e+00
6.218866666666665877e-01 4.219912499999998179e-01 5.726213333333329825e-01 4.763775000000000648e-01 3.609577397759999862e-01 5.300000000000000266e-01 3.000000000000000000e+00
6.218866666666665877e-01 4.219912499999998179e-01 5.726213333333329825e-01 4.763775000000000648e-01 3.609577397759999862e-01 5.899999999999999689e-01 3.000000000000000000e+00
6.218866666666665877e-01 4.219912499999998179e-01 5.726213333333329825e-01 4.763775000000000648e-01 3.609577397759999862e-01 6.500000000000000222e-01 3.000000000000000000e+00
