-3.165940352902407162e-01
0.000000000000000000e+00
-3.975659768730923083e-01
-1.403068193590488510e+00
-2.765489480943019718e-01
-2.187076844519277308e-01
-1.904592317896212361e-01
-1.776348037867277463e-01
-1.301053643787377090e-01
-7.132554890742075215e-02
-5.522279105868225374e-02
-3.276542774352111942e-02
-3.265085328515888313e-02
-1.108530795993233758e-02
-1.701208733616675975e-02
-5.776415703974835045e-03
-2.118253041358574840e-01
-1.255864540764655979e-01
-6.292029609439944715e-02
-1.380916352613647917e-02
-4.712602891116753762e-02
-4.281894089625712385e-02
-1.178768821208131395e-01
-2.144686140725547974e-01
-2.952436031267369199e-01
-4.764745018348292005e-01
-6.698706190989809350e-01
-1.068819878132284268e-02
-2.982057450708425553e-02
-7.656397804941046659e-02
-2.181550222377050818e-01
-4.622553490285971067e-01
