2.514593333333332570e-01 7.975487499999999175e-01 5.714733333333332777e-01 2.449209999999998888e-01 7.272104002240000753e-01 1.666666666666666574e-01 0.000000000000000000e+00
2.514593333333332570e-01 7.975487499999999175e-01 5.714733333333332777e-01 2.449209999999998888e-01 7.272104002240000753e-01 3.333333333333333148e-01 0.000000000000000000e+00
2.514593333333332570e-01 7.975487499999999175e-01 5.714733333333332777e-01 2.449209999999998888e-01 7.272104002240000753e-01 5.000000000000000000e-01 0.000000000000000000e+00
2.514593333333332570e-01 7.975487499999999175e-01 5.714733333333332777e-01 2.449209999999998888e-01 7.272104002240000753e-01 6.666666666666666297e-01 0.000000000000000000e+00
2.514593333333332570e-01 7.975487499999999175e-01 5.714733333333332777e-01 2.449209999999998888e-01 7.272104002240000753e-01 4.926043142204777903e-01 1.000000000000000000e+00
2.514593333333332570e-01 7.975487499999999175e-01 5.714733333333332777e-01 2.449209999999998888e-01 7.272104002240000753e-01 5.291344457387143763e-01 1.000000000000000000e+00
2.514593333333332570e-01 7.975487499999999175e-01 5.714733333333332777e-01 2.449209999999998888e-01 7.272104002240000753e-01 5.656645772569508512e-01 1.000000000000000000e+00
2.514593333333332570e-01 7.975487499999999175e-01 5.714733333333332777e-01 2.449209999999998888e-01 7.272104002240000753e-01 6.021947087751874372e-01 1.000000000000000000e+00
2.514593333333332570e-01 7.975487499999999175e-01 5.714733333333332777e-01 2.449209999999998888e-01 7.272104002240000753e-01 6.387248402934240232e-01 1.000000000000000000e+00
2.514593333333332570e-01 7.975487499999999175e-01 5.714733333333332777e-01 2.449209999999998888e-01 7.272104002240000753e-01 6.752549718116604982e-01 1.000000000000000000e+00
2.514593333333332570e-01 7.975487499999999175e-01 5.714733333333332777e-01 2.449209999999998888e-01 7.272104002240000753e-01 7.117851033298971952e-01 1.000000000000000000e+00
2.514593333333332570e-01 7.975487499999999175e-01 5.714733333333332777e-01 2.449209999999998888e-01 7.272104002240000753e-01 7.483152348481337812e-01 1.000000000000000000e+00
2.514593333333332570e-01 7.975487499999999175e-01 5.714733333333332777e-01 2.449209999999998888e-01 7.272104002240000753e-01 7.848453663663703672e-01 1.000000000000000000e+00
2.514593333333332570e-01 7.975487499999999175e-01 5.714733333333332777e-01 2.449209999999998888e-01 7.272104002240000753e-01 8.213754978846069532e-01 1.000000000000000000e+00
2.514593333333332570e-01 7.975487499999999175e-01 5.714733333333332777e-01 2.449209999999998888e-01 7.272104002240000753e-01 8.579056294028435392e-01 1.000000000000000000e+00
2.514593333333332570e-01 7.975487499999999175e-01 5.714733333333332777e-01 2.449209999999998888e-01 7.272104002240000753e-01 8.944357609210800142e-01 1.000000000000000000e+00
2.514593333333332570e-01 7.975487499999999175e-01 5.714733333333332777e-01 2.449209999999998888e-01 7.272104002240000753e-01 1.004384828335232571e+00 2.000000000000000000e+00
2.514593333333332570e-01 7.975487499999999175e-01 5.714733333333332777e-01 2.449209999999998888e-01 7.272104002240000753e-01 1.065103081342782865e+00 2.000000000000000000e+00
2.514593333333332570e-01 7.975487499999999175e-01 5.714733333333332777e-01 2.449209999999998888e-01 7.272104002240000753e-01 1.125821334350332936e+00 2.000000000000000000e+00
2.514593333333332570e-01 7.975487499999999175e-01 5.714733333333332777e-01 2.449209999999998888e-01 7.272104002240000753e-01 1.186539587357883230e+00 2.000000000000000000e+00
2.514593333333332570e-01 7.975487499999999175e-01 5.714733333333332777e-01 2.449209999999998888e-01 7.272104002240000753e-01 1.247257840365433301e+00 2.000000000000000000e+00
2.514593333333332570e-01 7.975487499999999175e-01 5.714733333333332777e-01 2.449209999999998888e-01 7.272104002240000753e-01 1.307976093372983595e+00 2.000000000000000000e+00
2.514593333333332570e-01 7.975487499999999175e-01 5.714733333333332777e-01 2.449209999999998888e-01 7.272104002240000753e-01 1.368694346380533666e+00 2.000000000000000000e+00
2.514593333333332570e-01 7.975487499999999175e-01 5.714733333333332777e-01 2.449209999999998888e-01 7.272104002240000753e-01 1.429412599388083738e+00 2.000000000000000000e+00
2.514593333333332570e-01 7.975487499999999175e-01 5.714733333333332777e-01 2.449209999999998888e-01 7.272104002240000753e-01 1.490130852395633809e+00 2.000000000000000000e+00
2.514593333333332570e-01 7.975487499999999175e-01 5.714733333333332777e-01 2.449209999999998888e-01 7.272104002240000753e-01 1.550849105403184103e+00 2.000000000000000000e+00
2.514593333333332570e-01 7.975487499999999175e-01 5.714733333333332777e-01 2.449209999999998888e-01 7.272104002240000753e-01 1.611567358410734174e+00 2.000000000000000000e+00
2.514593333333332570e-01 7.975487499999999175e-01 5.714733333333332777e-01 2.449209999999998888e-01 7.272104002240000753e-01 4.100000000000000311e-01 3.000000000000000000e+00
2.514593333333332570e-01 7.975487499999999175e-01 5.714733333333332777e-01 2.449209999999998888e-01 7.272104002240000753e-01 4.699999999999999734e-01 3.000000000000000000e+00
2.514593333333332570e-01 7.975487499999999175e-01 5.714733333333332777e-01 2.449209999999998888e-01 7.272104002240000753e-01 5.300000000000000266e-01 3.000000000000000000e+00
2.514593333333332570e-01 7.975487499999999175e-01 5.714733333333332777e-01 2.449209999999998888e-01 7.272104002240000753e-01 5.899999999999999689e-01 3.000000000000000000e+00
2.514593333333332570e-01 7.975487499999999175e-01 5.714733333333332777e-01 2.449209999999998888e-01 7.272104002240000753e-01 6.500000000000000222e-01 3.000000000000000000e+00
