7.912800000000004275e-01 2.989699999999997915e-01 4.433173333333331745e-01 6.035932499999998591e-01 1.939540950239999617e-01 1.666666666666666574e-01 0.000000000000000000e+00
7.912800000000004275e-01 2.989699999999997915e-01 4.433173333333331745e-01 6.035932499999998591e-01 1.939540950239999617e-01 3.333333333333333148e-01 0.000000000000000000e+00
7.912800000000004275e-01 2.989699999999997915e-01 4.433173333333331745e-01 6.035932499999998591e-01 1.939540950239999617e-01 5.000000000000000000e-01 0.000000000000000000e+00
7.912800000000004275e-01 2.989699999999997915e-01 4.433173333333331745e-01 6.035932499999998591e-01 1.939540950239999617e-01 6.666666666666666297e-01 0.000000000000000000e+00
7.912800000000004275e-01 2.989699999999997915e-01 4.433173333333331745e-01 6.035932499999998591e-01 1.939540950239999617e-01 4.917767460210467068e-01 1.000000000000000000e+00
7.912800000000004275e-01 2.989699999999997915e-01 4.433173333333331745e-01 6.035932499999998591e-01 1.939540950239999617e-01 5.294162520699794428e-01 1.000000000000000000e+00
7.912800000000004275e-01 2.989699999999997915e-01 4.433173333333331745e-01 6.035932499999998591e-01 1.939540950239999617e-01 5.670557581189124008e-01 1.000000000000000000e+00
7.912800000000004275e-01 2.989699999999997915e-01 4.433173333333331745e-01 6.035932499999998591e-01 1.939540950239999617e-01 6.046952641678451368e-01 1.000000000000000000e+00
7.912800000000004275e-01 2.989699999999997915e-01 4.433173333333331745e-01 6.035932499999998591e-01 1.939540950239999617e-01 6.423347702167779838e-01 1.000000000000000000e+00
7.912800000000004275e-01 2.989699999999997915e-01 4.433173333333331745e-01 6.035932499999998591e-01 1.939540950239999617e-01 6.799742762657108308e-01 1.000000000000000000e+00
7.912800000000004275e-01 2.989699999999997915e-01 4.433173333333331745e-01 6.035932499999998591e-01 1.939540950239999617e-01 7.176137823146435668e-01 1.000000000000000000e+00
7.912800000000004275e-01 2.989699999999997915e-01 4.433173333333331745e-01 6.035932499999998591e-01 1.939540950239999617e-01 7.552532883635765248e-01 1.000000000000000000e+00
7.912800000000004275e-01 2.989699999999997915e-01 4.433173333333331745e-01 6.035932499999998591e-01 1.939540950239999617e-01 7.928927944125092608e-01 1.000000000000000000e+00
7.912800000000004275e-01 2.989699999999997915e-01 4.433173333333331745e-01 6.035932499999998591e-01 1.939540950239999617e-01 8.305323004614421079e-01 1.000000000000000000e+00
7.912800000000004275e-01 2.989699999999997915e-01 4.433173333333331745e-01 6.035932499999998591e-01 1.939540950239999617e-01 8.681718065103749549e-01 1.000000000000000000e+00
7.912800000000004275e-01 2.989699999999997915e-01 4.433173333333331745e-01 6.035932499999998591e-01 1.939540950239999617e-01 9.058113125593076909e-01 1.000000000000000000e+00
7.912800000000004275e-01 2.989699999999997915e-01 4.433173333333331745e-01 6.035932499999998591e-01 1.939540950239999617e-01 1.014276511009768900e+00 2.000000000000000000e+00
7.912800000000004275e-01 2.989699999999997915e-01 4.433173333333331745e-01 6.035932499999998591e-01 1.939540950239999617e-01 1.069119141793077654e+00 2.000000000000000000e+00
7.912800000000004275e-01 2.989699999999997915e-01 4.433173333333331745e-01 6.035932499999998591e-01 1.939540950239999617e-01 1.123961772576386409e+00 2.000000000000000000e+00
7.912800000000004275e-01 2.989699999999997915e-01 4.433173333333331745e-01 6.035932499999998591e-01 1.939540950239999617e-01 1.178804403359695385e+00 2.000000000000000000e+00
7.912800000000004275e-01 2.989699999999997915e-01 4.433173333333331745e-01 6.035932499999998591e-01 1.939540950239999617e-01 1.233647034143004362e+00 2.000000000000000000e+00
7.912800000000004275e-01 2.989699999999997915e-01 4.433173333333331745e-01 6.035932499999998591e-01 1.939540950239999617e-01 1.288489664926313338e+00 2.000000000000000000e+00
7.912800000000004275e-01 2.989699999999997915e-01 4.433173333333331745e-01 6.035932499999998591e-01 1.939540950239999617e-01 1.343332295709622315e+00 2.000000000000000000e+00
7.912800000000004275e-01 2.989699999999997915e-01 4.433173333333331745e-01 6.035932499999998591e-01 1.939540950239999617e-01 1.398174926492931291e+00 2.000000000000000000e+00
7.912800000000004275e-01 2.989699999999997915e-01 4.433173333333331745e-01 6.035932499999998591e-01 1.939540950239999617e-01 1.453017557276240268e+00 2.000000000000000000e+00
7.912800000000004275e-01 2.989699999999997915e-01 4.433173333333331745e-01 6.035932499999998591e-01 1.939540950239999617e-01 1.507860188059549245e+00 2.000000000000000000e+00
7.912800000000004275e-01 2.989699999999997915e-01 4.433173333333331745e-01 6.035932499999998591e-01 1.939540950239999617e-01 1.562702818842857777e+00 2.000000000000000000e+00
7.912800000000004275e-01 2.989699999999997915e-01 4.433173333333331745e-01 6.035932499999998591e-01 1.939540950239999617e-01 4.100000000000000311e-01 3.000000000000000000e+00
7.912800000000004275e-01 2.989699999999997915e-01 4.433173333333331745e-01 6.035932499999998591e-01 1.939540950239999617e-01 4.699999999999999734e-01 3.000000000000000000e+00
7.912800000000004275e-01 2.989699999999997915e-01 4.433173333333331745e-01 6.035932499999998591e-01 1.939540950239999617e-01 5.300000000000000266e-01 3.000000000000000000e+00
7.912800000000004275e-01 2.989699999999997915e-01 4.433173333333331745e-01 6.035932499999998591e-01 1.939540950239999617e-01 5.899999999999999689e-01 3.000000000000000000e+00
7.912800000000004275e-01 2.989699999999997915e-01 4.433173333333331745e-01 6.035932499999998591e-01 1.939540950239999617e-01 6.500000000000000222e-01 3.000000000000000000e+00
