-3.150443132891707632e-01
0.000000000000000000e+00
-3.967777882910333287e-01
-1.396173987080824963e+00
-2.825556810489988080e-01
-2.285548601799970991e-01
-1.984193319076520134e-01
-1.502053305983246101e-01
-1.186929042512422372e-01
-9.146245861281139533e-02
-7.184709933099153734e-02
-4.829826245687324215e-02
-2.956599922512534104e-02
-2.146757230910475295e-02
-1.250571217313390174e-02
-1.026592132986099172e-02
-1.808147501341353380e-01
-9.970291319222655824e-02
-2.914372930103500611e-02
-1.199589860716641226e-02
0.000000000000000000e+00
-5.285230732527569641e-02
-7.585330269869733355e-02
-1.591984778815909718e-01
-2.701397826455787521e-01
-4.104728467441415285e-01
-5.979040315568047159e-01
-1.477236015977197517e-02
-4.868502149049412815e-03
-9.513375498225337679e-02
-2.041769430444781985e-01
-4.374146485090757430e-01
