1.044973333333331367e-01 8.070984999999999410e-01 6.049573333333332359e-01 2.188134999999999386e-01 9.347412239679999679e-01 1.666666666666666574e-01 0.000000000000000000e+00
1.044973333333331367e-01 8.070984999999999410e-01 6.049573333333332359e-01 2.188134999999999386e-01 9.347412239679999679e-01 3.333333333333333148e-01 0.000000000000000000e+00
1.044973333333331367e-01 8.070984999999999410e-01 6.049573333333332359e-01 2.188134999999999386e-01 9.347412239679999679e-01 5.000000000000000000e-01 0.000000000000000000e+00
1.044973333333331367e-01 8.070984999999999410e-01 6.049573333333332359e-01 2.188134999999999386e-01 9.347412239679999679e-01 6.666666666666666297e-01 0.000000000000000000e+00
1.044973333333331367e-01 8.070984999999999410e-01 6.049573333333332359e-01 2.188134999999999386e-01 9.347412239679999679e-01 4.896361884958545518e-01 1.000000000000000000e+00
1.044973333333331367e-01 8.070984999999999410e-01 6.049573333333332359e-01 2.188134999999999386e-01 9.347412239679999679e-01 5.261536195459403098e-01 1.000000000000000000e+00
1.044973333333331367e-01 8.070984999999999410e-01 6.049573333333332359e-01 2.188134999999999386e-01 9.347412239679999679e-01 5.626710505960262898e-01 1.000000000000000000e+00
1.044973333333331367e-01 8.070984999999999410e-01 6.049573333333332359e-01 2.188134999999999386e-01 9.347412239679999679e-01 5.991884816461120478e-01 1.000000000000000000e+00
1.044973333333331367e-01 8.070984999999999410e-01 6.049573333333332359e-01 2.188134999999999386e-01 9.347412239679999679e-01 6.357059126961978057e-01 1.000000000000000000e+00
1.044973333333331367e-01 8.070984999999999410e-01 6.049573333333332359e-01 2.188134999999999386e-01 9.347412239679999679e-01 6.722233437462835637e-01 1.000000000000000000e+00
1.044973333333331367e-01 8.070984999999999410e-01 6.049573333333332359e-01 2.188134999999999386e-01 9.347412239679999679e-01 7.087407747963693216e-01 1.000000000000000000e+00
1.044973333333331367e-01 8.070984999999999410e-01 6.049573333333332359e-01 2.188134999999999386e-01 9.347412239679999679e-01 7.452582058464550796e-01 1.000000000000000000e+00
1.044973333333331367e-01 8.070984999999999410e-01 6.049573333333332359e-01 2.188134999999999386e-01 9.347412239679999679e-01 7.817756368965408376e-01 1.000000000000000000e+00
1.044973333333331367e-01 8.070984999999999410e-01 6.049573333333332359e-01 2.188134999999999386e-01 9.347412239679999679e-01 8.182930679466265955e-01 1.000000000000000000e+00
1.044973333333331367e-01 8.070984999999999410e-01 6.049573333333332359e-01 2.188134999999999386e-01 9.347412239679999679e-01 8.548104989967123535e-01 1.000000000000000000e+00
1.044973333333331367e-01 8.070984999999999410e-01 6.049573333333332359e-01 2.188134999999999386e-01 9.347412239679999679e-01 8.913279300467981114e-01 1.000000000000000000e+00
1.044973333333331367e-01 8.070984999999999410e-01 6.049573333333332359e-01 2.188134999999999386e-01 9.347412239679999679e-01 1.012320688229262355e+00 2.000000000000000000e+00
1.044973333333331367e-01 8.070984999999999410e-01 6.049573333333332359e-01 2.188134999999999386e-01 9.347412239679999679e-01 1.072499493711654539e+00 2.000000000000000000e+00
1.044973333333331367e-01 8.070984999999999410e-01 6.049573333333332359e-01 2.188134999999999386e-01 9.347412239679999679e-01 1.132678299194046723e+00 2.000000000000000000e+00
1.044973333333331367e-01 8.070984999999999410e-01 6.049573333333332359e-01 2.188134999999999386e-01 9.347412239679999679e-01 1.192857104676438684e+00 2.000000000000000000e+00
1.044973333333331367e-01 8.070984999999999410e-01 6.049573333333332359e-01 2.188134999999999386e-01 9.347412239679999679e-01 1.253035910158830868e+00 2.000000000000000000e+00
1.044973333333331367e-01 8.070984999999999410e-01 6.049573333333332359e-01 2.188134999999999386e-01 9.347412239679999679e-01 1.313214715641223052e+00 2.000000000000000000e+00
1.044973333333331367e-01 8.070984999999999410e-01 6.049573333333332359e-01 2.188134999999999386e-01 9.347412239679999679e-01 1.373393521123615013e+00 2.000000000000000000e+00
1.044973333333331367e-01 8.070984999999999410e-01 6.049573333333332359e-01 2.188134999999999386e-01 9.347412239679999679e-01 1.433572326606007419e+00 2.000000000000000000e+00
1.044973333333331367e-01 8.070984999999999410e-01 6.049573333333332359e-01 2.188134999999999386e-01 9.347412239679999679e-01 1.493751132088399380e+00 2.000000000000000000e+00
1.044973333333331367e-01 8.070984999999999410e-01 6.049573333333332359e-01 2.188134999999999386e-01 9.347412239679999679e-01 1.553929937570791564e+00 2.000000000000000000e+00
1.044973333333331367e-01 8.070984999999999410e-01 6.049573333333332359e-01 2.188134999999999386e-01 9.347412239679999679e-01 1.614108743053183748e+00 2.000000000000000000e+00
1.044973333333331367e-01 8.070984999999999410e-01 6.049573333333332359e-01 2.188134999999999386e-01 9.347412239679999679e-01 4.100000000000000311e-01 3.000000000000000000e+00
1.044973333333331367e-01 8.070984999999999410e-01 6.049573333333332359e-01 2.188134999999999386e-01 9.347412239679999679e-01 4.699999999999999734e-01 3.000000000000000000e+00
1.044973333333331367e-01 8.070984999999999410e-01 6.049573333333332359e-01 2.188134999999999386e-01 9.347412239679999679e-01 5.300000000000000266e-01 3.000000000000000000e+00
1.044973333333331367e-01 8.070984999999999410e-01 6.049573333333332359e-01 2.188134999999999386e-01 9.347412239679999679e-01 5.899999999999999689e-01 3.000000000000000000e+00
1.044973333333331367e-01 8.070984999999999410e-01 6.049573333333332359e-01 2.188134999999999386e-01 9.347412239679999679e-01 6.500000000000000222e-01 3.000000000000000000e+00
