6.526706666666665102e-01 3.267224999999998603e-01 7.591226666666662792e-01 6.262219999999998343e-01 3.807167643280000568e-01 1.666666666666666574e-01 0.000000000000000000e+00
6.526706666666665102e-01 3.267224999999998603e-01 7.591226666666662792e-01 6.262219999999998343e-01 3.807167643280000568e-01 3.333333333333333148e-01 0.000000000000000000e+00
6.526706666666665102e-01 3.267224999999998603e-01 7.591226666666662792e-01 6.262219999999998343e-01 3.807167643280000568e-01 5.000000000000000000e-01 0.000000000000000000e+00
6.526706666666665102e-01 3.267224999999998603e-01 7.591226666666662792e-01 6.262219999999998343e-01 3.807167643280000568e-01 6.666666666666666297e-01 0.000000000000000000e+00
6.526706666666665102e-01 3.267224999999998603e-01 7.591226666666662792e-01 6.262219999999998343e-01 3.807167643280000568e-01 4.876592719341360516e-01 1.000000000000000000e+00
6.526706666666665102e-01 3.267224999999998603e-01 7.591226666666662792e-01 6.262219999999998343e-01 3.807167643280000568e-01 5.246621211239168581e-01 1.000000000000000000e+00
6.526706666666665102e-01 3.267224999999998603e-01 7.591226666666662792e-01 6.262219999999998343e-01 3.807167643280000568e-01 5.616649703136975536e-01 1.000000000000000000e+00
6.526706666666665102e-01 3.267224999999998603e-01 7.591226666666662792e-01 6.262219999999998343e-01 3.807167643280000568e-01 5.986678195034782490e-01 1.000000000000000000e+00
6.526706666666665102e-01 3.267224999999998603e-01 7.591226666666662792e-01 6.262219999999998343e-01 3.807167643280000568e-01 6.356706686932590555e-01 1.000000000000000000e+00
6.526706666666665102e-01 3.267224999999998603e-01 7.591226666666662792e-01 6.262219999999998343e-01 3.807167643280000568e-01 6.726735178830398620e-01 1.000000000000000000e+00
6.526706666666665102e-01 3.267224999999998603e-01 7.591226666666662792e-01 6.262219999999998343e-01 3.807167643280000568e-01 7.096763670728205575e-01 1.000000000000000000e+00
6.526706666666665102e-01 3.267224999999998603e-01 7.591226666666662792e-01 6.262219999999998343e-01 3.807167643280000568e-01 7.466792162626013640e-01 1.000000000000000000e+00
6.526706666666665102e-01 3.267224999999998603e-01 7.591226666666662792e-01 6.262219999999998343e-01 3.807167643280000568e-01 7.836820654523821705e-01 1.000000000000000000e+00
6.526706666666665102e-01 3.267224999999998603e-01 7.591226666666662792e-01 6.262219999999998343e-01 3.807167643280000568e-01 8.206849146421628660e-01 1.000000000000000000e+00
6.526706666666665102e-01 3.267224999999998603e-01 7.591226666666662792e-01 6.262219999999998343e-01 3.807167643280000568e-01 8.576877638319435615e-01 1.000000000000000000e+00
6.526706666666665102e-01 3.267224999999998603e-01 7.591226666666662792e-01 6.262219999999998343e-01 3.807167643280000568e-01 8.946906130217244790e-01 1.000000000000000000e+00
6.526706666666665102e-01 3.267224999999998603e-01 7.591226666666662792e-01 6.262219999999998343e-01 3.807167643280000568e-01 1.007680896627407563e+00 2.000000000000000000e+00
6.526706666666665102e-01 3.267224999999998603e-01 7.591226666666662792e-01 6.262219999999998343e-01 3.807167643280000568e-01 1.066175765399345998e+00 2.000000000000000000e+00
6.526706666666665102e-01 3.267224999999998603e-01 7.591226666666662792e-01 6.262219999999998343e-01 3.807167643280000568e-01 1.124670634171284656e+00 2.000000000000000000e+00
6.526706666666665102e-01 3.267224999999998603e-01 7.591226666666662792e-01 6.262219999999998343e-01 3.807167643280000568e-01 1.183165502943223091e+00 2.000000000000000000e+00
6.526706666666665102e-01 3.267224999999998603e-01 7.591226666666662792e-01 6.262219999999998343e-01 3.807167643280000568e-01 1.241660371715161748e+00 2.000000000000000000e+00
6.526706666666665102e-01 3.267224999999998603e-01 7.591226666666662792e-01 6.262219999999998343e-01 3.807167643280000568e-01 1.300155240487100183e+00 2.000000000000000000e+00
6.526706666666665102e-01 3.267224999999998603e-01 7.591226666666662792e-01 6.262219999999998343e-01 3.807167643280000568e-01 1.358650109259038841e+00 2.000000000000000000e+00
6.526706666666665102e-01 3.267224999999998603e-01 7.591226666666662792e-01 6.262219999999998343e-01 3.807167643280000568e-01 1.417144978030977498e+00 2.000000000000000000e+00
6.526706666666665102e-01 3.267224999999998603e-01 7.591226666666662792e-01 6.262219999999998343e-01 3.807167643280000568e-01 1.475639846802915933e+00 2.000000000000000000e+00
6.526706666666665102e-01 3.267224999999998603e-01 7.591226666666662792e-01 6.262219999999998343e-01 3.807167643280000568e-01 1.534134715574854591e+00 2.000000000000000000e+00
6.526706666666665102e-01 3.267224999999998603e-01 7.591226666666662792e-01 6.262219999999998343e-01 3.807167643280000568e-01 1.592629584346793248e+00 2.000000000000000000e+00
6.526706666666665102e-01 3.267224999999998603e-01 7.591226666666662792e-01 6.262219999999998343e-01 3.807167643280000568e-01 4.100000000000000311e-01 3.000000000000000000e+00
6.526706666666665102e-01 3.267224999999998603e-01 7.591226666666662792e-01 6.262219999999998343e-01 3.807167643280000568e-01 4.699999999999999734e-01 3.000000000000000000e+00
6.526706666666665102e-01 3.267224999999998603e-01 7.591226666666662792e-01 6.262219999999998343e-01 3.807167643280000568e-01 5.300000000000000266e-01 3.000000000000000000e+00
6.526706666666665102e-01 3.267224999999998603e-01 7.591226666666662792e-01 6.262219999999998343e-01 3.807167643280000568e-01 5.899999999999999689e-01 3.000000000000000000e+00
6.526706666666665102e-01 3.267224999999998603e-01 7.591226666666662792e-01 6.262219999999998343e-01 3.807167643280000568e-01 6.500000000000000222e-01 3.000000000000000000e+00
