4.146366666666665424e-01 5.218892499999998602e-01 7.389106666666660495e-01 5.452972499999999556e-01 6.347824201760001728e-01 1.666666666666666574e-01 0.000000000000000000e+00
4.146366666666665424e-01 5.218892499999998602e-01 7.389106666666660495e-01 5.452972499999999556e-01 6.347824201760001728e-01 3.333333333333333148e-01 0.000000000000000000e+00
4.146366666666665424e-01 5.218892499999998602e-01 7.389106666666660495e-01 5.452972499999999556e-01 6.347824201760001728e-01 5.000000000000000000e-01 0.000000000000000000e+00
4.146366666666665424e-01 5.218892499999998602e-01 7.389106666666660495e-01 5.452972499999999556e-01 6.347824201760001728e-01 6.666666666666666297e-01 0.000000000000000000e+00
4.146366666666665424e-01 5.218892499999998602e-01 7.389106666666660495e-01 5.452972499999999556e-01 6.347824201760001728e-01 4.946569237847746048e-01 1.000000000000000000e+00
4.146366666666665424e-01 5.218892499999998602e-01 7.389106666666660495e-01 5.452972499999999556e-01 6.347824201760001728e-01 5.308906103879151850e-01 1.000000000000000000e+00
4.146366666666665424e-01 5.218892499999998602e-01 7.389106666666660495e-01 5.452972499999999556e-01 6.347824201760001728e-01 5.671242969910559317e-01 1.000000000000000000e+00
4.146366666666665424e-01 5.218892499999998602e-01 7.389106666666660495e-01 5.452972499999999556e-01 6.347824201760001728e-01 6.033579835941964564e-01 1.000000000000000000e+00
4.146366666666665424e-01 5.218892499999998602e-01 7.389106666666660495e-01 5.452972499999999556e-01 6.347824201760001728e-01 6.395916701973370921e-01 1.000000000000000000e+00
4.146366666666665424e-01 5.218892499999998602e-01 7.389106666666660495e-01 5.452972499999999556e-01 6.347824201760001728e-01 6.758253568004777279e-01 1.000000000000000000e+00
4.146366666666665424e-01 5.218892499999998602e-01 7.389106666666660495e-01 5.452972499999999556e-01 6.347824201760001728e-01 7.120590434036182526e-01 1.000000000000000000e+00
4.146366666666665424e-01 5.218892499999998602e-01 7.389106666666660495e-01 5.452972499999999556e-01 6.347824201760001728e-01 7.482927300067588883e-01 1.000000000000000000e+00
4.146366666666665424e-01 5.218892499999998602e-01 7.389106666666660495e-01 5.452972499999999556e-01 6.347824201760001728e-01 7.845264166098995240e-01 1.000000000000000000e+00
4.146366666666665424e-01 5.218892499999998602e-01 7.389106666666660495e-01 5.452972499999999556e-01 6.347824201760001728e-01 8.207601032130401597e-01 1.000000000000000000e+00
4.146366666666665424e-01 5.218892499999998602e-01 7.389106666666660495e-01 5.452972499999999556e-01 6.347824201760001728e-01 8.569937898161806844e-01 1.000000000000000000e+00
4.146366666666665424e-01 5.218892499999998602e-01 7.389106666666660495e-01 5.452972499999999556e-01 6.347824201760001728e-01 8.932274764193213201e-01 1.000000000000000000e+00
4.146366666666665424e-01 5.218892499999998602e-01 7.389106666666660495e-01 5.452972499999999556e-01 6.347824201760001728e-01 1.010117484298551416e+00 2.000000000000000000e+00
4.146366666666665424e-01 5.218892499999998602e-01 7.389106666666660495e-01 5.452972499999999556e-01 6.347824201760001728e-01 1.066917721085685944e+00 2.000000000000000000e+00
4.146366666666665424e-01 5.218892499999998602e-01 7.389106666666660495e-01 5.452972499999999556e-01 6.347824201760001728e-01 1.123717957872820250e+00 2.000000000000000000e+00
4.146366666666665424e-01 5.218892499999998602e-01 7.389106666666660495e-01 5.452972499999999556e-01 6.347824201760001728e-01 1.180518194659955000e+00 2.000000000000000000e+00
4.146366666666665424e-01 5.218892499999998602e-01 7.389106666666660495e-01 5.452972499999999556e-01 6.347824201760001728e-01 1.237318431447089306e+00 2.000000000000000000e+00
4.146366666666665424e-01 5.218892499999998602e-01 7.389106666666660495e-01 5.452972499999999556e-01 6.347824201760001728e-01 1.294118668234224057e+00 2.000000000000000000e+00
4.146366666666665424e-01 5.218892499999998602e-01 7.389106666666660495e-01 5.452972499999999556e-01 6.347824201760001728e-01 1.350918905021358363e+00 2.000000000000000000e+00
4.146366666666665424e-01 5.218892499999998602e-01 7.389106666666660495e-01 5.452972499999999556e-01 6.347824201760001728e-01 1.407719141808492891e+00 2.000000000000000000e+00
4.146366666666665424e-01 5.218892499999998602e-01 7.389106666666660495e-01 5.452972499999999556e-01 6.347824201760001728e-01 1.464519378595627419e+00 2.000000000000000000e+00
4.146366666666665424e-01 5.218892499999998602e-01 7.389106666666660495e-01 5.452972499999999556e-01 6.347824201760001728e-01 1.521319615382761947e+00 2.000000000000000000e+00
4.146366666666665424e-01 5.218892499999998602e-01 7.389106666666660495e-01 5.452972499999999556e-01 6.347824201760001728e-01 1.578119852169896475e+00 2.000000000000000000e+00
4.146366666666665424e-01 5.218892499999998602e-01 7.389106666666660495e-01 5.452972499999999556e-01 6.347824201760001728e-01 4.100000000000000311e-01 3.000000000000000000e+00
4.146366666666665424e-01 5.218892499999998602e-01 7.389106666666660495e-01 5.452972499999999556e-01 6.347824201760001728e-01 4.699999999999999734e-01 3.000000000000000000e+00
4.146366666666665424e-01 5.218892499999998602e-01 7.389106666666660495e-01 5.452972499999999556e-01 6.347824201760001728e-01 5.300000000000000266e-01 3.000000000000000000e+00
4.146366666666665424e-01 5.218892499999998602e-01 7.389106666666660495e-01 5.452972499999999556e-01 6.347824201760001728e-01 5.899999999999999689e-01 3.000000000000000000e+00
4.146366666666665424e-01 5.218892499999998602e-01 7.389106666666660495e-01 5.452972499999999556e-01 6.347824201760001728e-01 6.500000000000000222e-01 3.000000000000000000e+00
