5.736213333333334274e-01 5.383857499999998852e-01 5.375239999999992246e-01 3.206847499999998519e-01 2.629401661039998395e-01 1.666666666666666574e-01 0.000000000000000000e+00
5.736213333333334274e-01 5.383857499999998852e-01 5.375239999999992246e-01 3.206847499999998519e-01 2.629401661039998395e-01 3.333333333333333148e-01 0.000000000000000000e+00
5.736213333333334274e-01 5.383857499999998852e-01 5.375239999999992246e-01 3.206847499999998519e-01 2.629401661039998395e-01 5.000000000000000000e-01 0.000000000000000000e+00
5.736213333333334274e-01 5.383857499999998852e-01 5.375239999999992246e-01 3.206847499999998519e-01 2.629401661039998395e-01 6.666666666666666297e-01 0.000000000000000000e+00
5.736213333333334274e-01 5.383857499999998852e-01 5.375239999999992246e-01 3.206847499999998519e-01 2.629401661039998395e-01 4.890617192273899461e-01 1.000000000000000000e+00
5.736213333333334274e-01 5.383857499999998852e-01 5.375239999999992246e-01 3.206847499999998519e-01 2.629401661039998395e-01 5.259702701465058805e-01 1.000000000000000000e+00
5.736213333333334274e-01 5.383857499999998852e-01 5.375239999999992246e-01 3.206847499999998519e-01 2.629401661039998395e-01 5.628788210656217039e-01 1.000000000000000000e+00
5.736213333333334274e-01 5.383857499999998852e-01 5.375239999999992246e-01 3.206847499999998519e-01 2.629401661039998395e-01 5.997873719847375273e-01 1.000000000000000000e+00
5.736213333333334274e-01 5.383857499999998852e-01 5.375239999999992246e-01 3.206847499999998519e-01 2.629401661039998395e-01 6.366959229038533508e-01 1.000000000000000000e+00
5.736213333333334274e-01 5.383857499999998852e-01 5.375239999999992246e-01 3.206847499999998519e-01 2.629401661039998395e-01 6.736044738229691742e-01 1.000000000000000000e+00
5.736213333333334274e-01 5.383857499999998852e-01 5.375239999999992246e-01 3.206847499999998519e-01 2.629401661039998395e-01 7.105130247420851086e-01 1.000000000000000000e+00
5.736213333333334274e-01 5.383857499999998852e-01 5.375239999999992246e-01 3.206847499999998519e-01 2.629401661039998395e-01 7.474215756612009320e-01 1.000000000000000000e+00
5.736213333333334274e-01 5.383857499999998852e-01 5.375239999999992246e-01 3.206847499999998519e-01 2.629401661039998395e-01 7.843301265803167555e-01 1.000000000000000000e+00
5.736213333333334274e-01 5.383857499999998852e-01 5.375239999999992246e-01 3.206847499999998519e-01 2.629401661039998395e-01 8.212386774994325789e-01 1.000000000000000000e+00
5.736213333333334274e-01 5.383857499999998852e-01 5.375239999999992246e-01 3.206847499999998519e-01 2.629401661039998395e-01 8.581472284185485133e-01 1.000000000000000000e+00
5.736213333333334274e-01 5.383857499999998852e-01 5.375239999999992246e-01 3.206847499999998519e-01 2.629401661039998395e-01 8.950557793376643367e-01 1.000000000000000000e+00
5.736213333333334274e-01 5.383857499999998852e-01 5.375239999999992246e-01 3.206847499999998519e-01 2.629401661039998395e-01 1.009007447142684644e+00 2.000000000000000000e+00
5.736213333333334274e-01 5.383857499999998852e-01 5.375239999999992246e-01 3.206847499999998519e-01 2.629401661039998395e-01 1.070035513873800026e+00 2.000000000000000000e+00
5.736213333333334274e-01 5.383857499999998852e-01 5.375239999999992246e-01 3.206847499999998519e-01 2.629401661039998395e-01 1.131063580604915408e+00 2.000000000000000000e+00
5.736213333333334274e-01 5.383857499999998852e-01 5.375239999999992246e-01 3.206847499999998519e-01 2.629401661039998395e-01 1.192091647336030791e+00 2.000000000000000000e+00
5.736213333333334274e-01 5.383857499999998852e-01 5.375239999999992246e-01 3.206847499999998519e-01 2.629401661039998395e-01 1.253119714067146173e+00 2.000000000000000000e+00
5.736213333333334274e-01 5.383857499999998852e-01 5.375239999999992246e-01 3.206847499999998519e-01 2.629401661039998395e-01 1.314147780798261556e+00 2.000000000000000000e+00
5.736213333333334274e-01 5.383857499999998852e-01 5.375239999999992246e-01 3.206847499999998519e-01 2.629401661039998395e-01 1.375175847529376938e+00 2.000000000000000000e+00
5.736213333333334274e-01 5.383857499999998852e-01 5.375239999999992246e-01 3.206847499999998519e-01 2.629401661039998395e-01 1.436203914260492320e+00 2.000000000000000000e+00
5.736213333333334274e-01 5.383857499999998852e-01 5.375239999999992246e-01 3.206847499999998519e-01 2.629401661039998395e-01 1.497231980991607703e+00 2.000000000000000000e+00
5.736213333333334274e-01 5.383857499999998852e-01 5.375239999999992246e-01 3.206847499999998519e-01 2.629401661039998395e-01 1.558260047722722863e+00 2.000000000000000000e+00
5.736213333333334274e-01 5.383857499999998852e-01 5.375239999999992246e-01 3.206847499999998519e-01 2.629401661039998395e-01 1.619288114453838467e+00 2.000000000000000000e+00
5.736213333333334274e-01 5.383857499999998852e-01 5.375239999999992246e-01 3.206847499999998519e-01 2.629401661039998395e-01 4.100000000000000311e-01 3.000000000000000000e+00
5.736213333333334274e-01 5.383857499999998852e-01 5.375239999999992246e-01 3.206847499999998519e-01 2.629401661039998395e-01 4.699999999999999734e-01 3.000000000000000000e+00
5.736213333333334274e-01 5.383857499999998852e-01 5.375239999999992246e-01 3.206847499999998519e-01 2.629401661039998395e-01 5.300000000000000266e-01 3.000000000000000000e+00
5.736213333333334274e-01 5.383857499999998852e-01 5.375239999999992246e-01 3.206847499999998519e-01 2.629401661039998395e-01 5.899999999999999689e-01 3.000000000000000000e+00
5.736213333333334274e-01 5.383857499999998852e-01 5.375239999999992246e-01 3.206847499999998519e-01 2.629401661039998395e-01 6.500000000000000222e-01 3.000000000000000000e+00
