7.271473333333337008e-01 5.016401249999999923e-01 6.583333333333329929e-01 4.871672499999998851e-01 1.836016519840000250e-01 1.666666666666666574e-01 0.000000000000000000e+00
7.271473333333337008e-01 5.016401249999999923e-01 6.583333333333329929e-01 4.871672499999998851e-01 1.836016519840000250e-01 3.333333333333333148e-01 0.000000000000000000e+00
7.271473333333337008e-01 5.016401249999999923e-01 6.583333333333329929e-01 4.871672499999998851e-01 1.836016519840000250e-01 5.000000000000000000e-01 0.000000000000000000e+00
7.271473333333337008e-01 5.016401249999999923e-01 6.583333333333329929e-01 4.871672499999998851e-01 1.836016519840000250e-01 6.666666666666666297e-01 0.000000000000000000e+00
7.271473333333337008e-01 5.016401249999999923e-01 6.583333333333329929e-01 4.871672499999998851e-01 1.836016519840000250e-01 4.818330756681944993e-01 1.000000000000000000e+00
7.271473333333337008e-01 5.016401249999999923e-01 6.583333333333329929e-01 4.871672499999998851e-01 1.836016519840000250e-01 5.189424965453213190e-01 1.000000000000000000e+00
7.271473333333337008e-01 5.016401249999999923e-01 6.583333333333329929e-01 4.871672499999998851e-01 1.836016519840000250e-01 5.560519174224480832e-01 1.000000000000000000e+00
7.271473333333337008e-01 5.016401249999999923e-01 6.583333333333329929e-01 4.871672499999998851e-01 1.836016519840000250e-01 5.931613382995748474e-01 1.000000000000000000e+00
7.271473333333337008e-01 5.016401249999999923e-01 6.583333333333329929e-01 4.871672499999998851e-01 1.836016519840000250e-01 6.302707591767018336e-01 1.000000000000000000e+00
7.271473333333337008e-01 5.016401249999999923e-01 6.583333333333329929e-01 4.871672499999998851e-01 1.836016519840000250e-01 6.673801800538285978e-01 1.000000000000000000e+00
7.271473333333337008e-01 5.016401249999999923e-01 6.583333333333329929e-01 4.871672499999998851e-01 1.836016519840000250e-01 7.044896009309553619e-01 1.000000000000000000e+00
7.271473333333337008e-01 5.016401249999999923e-01 6.583333333333329929e-01 4.871672499999998851e-01 1.836016519840000250e-01 7.415990218080822372e-01 1.000000000000000000e+00
7.271473333333337008e-01 5.016401249999999923e-01 6.583333333333329929e-01 4.871672499999998851e-01 1.836016519840000250e-01 7.787084426852091124e-01 1.000000000000000000e+00
7.271473333333337008e-01 5.016401249999999923e-01 6.583333333333329929e-01 4.871672499999998851e-01 1.836016519840000250e-01 8.158178635623358765e-01 1.000000000000000000e+00
7.271473333333337008e-01 5.016401249999999923e-01 6.583333333333329929e-01 4.871672499999998851e-01 1.836016519840000250e-01 8.529272844394626407e-01 1.000000000000000000e+00
7.271473333333337008e-01 5.016401249999999923e-01 6.583333333333329929e-01 4.871672499999998851e-01 1.836016519840000250e-01 8.900367053165895159e-01 1.000000000000000000e+00
7.271473333333337008e-01 5.016401249999999923e-01 6.583333333333329929e-01 4.871672499999998851e-01 1.836016519840000250e-01 1.017639125823962321e+00 2.000000000000000000e+00
7.271473333333337008e-01 5.016401249999999923e-01 6.583333333333329929e-01 4.871672499999998851e-01 1.836016519840000250e-01 1.076480813427146854e+00 2.000000000000000000e+00
7.271473333333337008e-01 5.016401249999999923e-01 6.583333333333329929e-01 4.871672499999998851e-01 1.836016519840000250e-01 1.135322501030331388e+00 2.000000000000000000e+00
7.271473333333337008e-01 5.016401249999999923e-01 6.583333333333329929e-01 4.871672499999998851e-01 1.836016519840000250e-01 1.194164188633516144e+00 2.000000000000000000e+00
7.271473333333337008e-01 5.016401249999999923e-01 6.583333333333329929e-01 4.871672499999998851e-01 1.836016519840000250e-01 1.253005876236700900e+00 2.000000000000000000e+00
7.271473333333337008e-01 5.016401249999999923e-01 6.583333333333329929e-01 4.871672499999998851e-01 1.836016519840000250e-01 1.311847563839885655e+00 2.000000000000000000e+00
7.271473333333337008e-01 5.016401249999999923e-01 6.583333333333329929e-01 4.871672499999998851e-01 1.836016519840000250e-01 1.370689251443070411e+00 2.000000000000000000e+00
7.271473333333337008e-01 5.016401249999999923e-01 6.583333333333329929e-01 4.871672499999998851e-01 1.836016519840000250e-01 1.429530939046255167e+00 2.000000000000000000e+00
7.271473333333337008e-01 5.016401249999999923e-01 6.583333333333329929e-01 4.871672499999998851e-01 1.836016519840000250e-01 1.488372626649439923e+00 2.000000000000000000e+00
7.271473333333337008e-01 5.016401249999999923e-01 6.583333333333329929e-01 4.871672499999998851e-01 1.836016519840000250e-01 1.547214314252624678e+00 2.000000000000000000e+00
7.271473333333337008e-01 5.016401249999999923e-01 6.583333333333329929e-01 4.871672499999998851e-01 1.836016519840000250e-01 1.606056001855809434e+00 2.000000000000000000e+00
7.271473333333337008e-01 5.016401249999999923e-01 6.583333333333329929e-01 4.871672499999998851e-01 1.836016519840000250e-01 4.100000000000000311e-01 3.000000000000000000e+00
7.271473333333337008e-01 5.016401249999999923e-01 6.583333333333329929e-01 4.871672499999998851e-01 1.836016519840000250e-01 4.699999999999999734e-01 3.000000000000000000e+00
7.271473333333337008e-01 5.016401249999999923e-01 6.583333333333329929e-01 4.871672499999998851e-01 1.836016519840000250e-01 5.300000000000000266e-01 3.000000000000000000e+00
7.271473333333337008e-01 5.016401249999999923e-01 6.583333333333329929e-01 4.871672499999998851e-01 1.836016519840000250e-01 5.899999999999999689e-01 3.000000000000000000e+00
7.271473333333337008e-01 5.016401249999999923e-01 6.583333333333329929e-01 4.871672499999998851e-01 1.836016519840000250e-01 6.500000000000000222e-01 3.000000000000000000e+00
