9.472199999999996178e-01 2.230237499999998818e-01 4.586906666666659693e-01 6.218417500000000819e-01 1.333501215120000971e-01 1.666666666666666574e-01 0.000000000000000000e+00
9.472199999999996178e-01 2.230237499999998818e-01 4.586906666666659693e-01 6.218417500000000819e-01 1.333501215120000971e-01 3.333333333333333148e-01 0.000000000000000000e+00
9.472199999999996178e-01 2.230237499999998818e-01 4.586906666666659693e-01 6.218417500000000819e-01 1.333501215120000971e-01 5.000000000000000000e-01 0.000000000000000000e+00
9.472199999999996178e-01 2.230237499999998818e-01 4.586906666666659693e-01 6.218417500000000819e-01 1.333501215120000971e-01 6.666666666666666297e-01 0.000000000000000000e+00
9.472199999999996178e-01 2.230237499999998818e-01 4.586906666666659693e-01 6.218417500000000819e-01 1.333501215120000971e-01 4.864808991355673573e-01 1.000000000000000000e+00
9.472199999999996178e-01 2.230237499999998818e-01 4.586906666666659693e-01 6.218417500000000819e-01 1.333501215120000971e-01 5.236351129767529144e-01 1.000000000000000000e+00
9.472199999999996178e-01 2.230237499999998818e-01 4.586906666666659693e-01 6.218417500000000819e-01 1.333501215120000971e-01 5.607893268179384716e-01 1.000000000000000000e+00
9.472199999999996178e-01 2.230237499999998818e-01 4.586906666666659693e-01 6.218417500000000819e-01 1.333501215120000971e-01 5.979435406591240287e-01 1.000000000000000000e+00
9.472199999999996178e-01 2.230237499999998818e-01 4.586906666666659693e-01 6.218417500000000819e-01 1.333501215120000971e-01 6.350977545003095859e-01 1.000000000000000000e+00
9.472199999999996178e-01 2.230237499999998818e-01 4.586906666666659693e-01 6.218417500000000819e-01 1.333501215120000971e-01 6.722519683414952540e-01 1.000000000000000000e+00
9.472199999999996178e-01 2.230237499999998818e-01 4.586906666666659693e-01 6.218417500000000819e-01 1.333501215120000971e-01 7.094061821826809222e-01 1.000000000000000000e+00
9.472199999999996178e-01 2.230237499999998818e-01 4.586906666666659693e-01 6.218417500000000819e-01 1.333501215120000971e-01 7.465603960238664794e-01 1.000000000000000000e+00
9.472199999999996178e-01 2.230237499999998818e-01 4.586906666666659693e-01 6.218417500000000819e-01 1.333501215120000971e-01 7.837146098650520365e-01 1.000000000000000000e+00
9.472199999999996178e-01 2.230237499999998818e-01 4.586906666666659693e-01 6.218417500000000819e-01 1.333501215120000971e-01 8.208688237062375936e-01 1.000000000000000000e+00
9.472199999999996178e-01 2.230237499999998818e-01 4.586906666666659693e-01 6.218417500000000819e-01 1.333501215120000971e-01 8.580230375474231508e-01 1.000000000000000000e+00
9.472199999999996178e-01 2.230237499999998818e-01 4.586906666666659693e-01 6.218417500000000819e-01 1.333501215120000971e-01 8.951772513886088189e-01 1.000000000000000000e+00
9.472199999999996178e-01 2.230237499999998818e-01 4.586906666666659693e-01 6.218417500000000819e-01 1.333501215120000971e-01 1.009746583576259127e+00 2.000000000000000000e+00
9.472199999999996178e-01 2.230237499999998818e-01 4.586906666666659693e-01 6.218417500000000819e-01 1.333501215120000971e-01 1.065993509920105442e+00 2.000000000000000000e+00
9.472199999999996178e-01 2.230237499999998818e-01 4.586906666666659693e-01 6.218417500000000819e-01 1.333501215120000971e-01 1.122240436263951313e+00 2.000000000000000000e+00
9.472199999999996178e-01 2.230237499999998818e-01 4.586906666666659693e-01 6.218417500000000819e-01 1.333501215120000971e-01 1.178487362607797406e+00 2.000000000000000000e+00
9.472199999999996178e-01 2.230237499999998818e-01 4.586906666666659693e-01 6.218417500000000819e-01 1.333501215120000971e-01 1.234734288951643499e+00 2.000000000000000000e+00
9.472199999999996178e-01 2.230237499999998818e-01 4.586906666666659693e-01 6.218417500000000819e-01 1.333501215120000971e-01 1.290981215295489593e+00 2.000000000000000000e+00
9.472199999999996178e-01 2.230237499999998818e-01 4.586906666666659693e-01 6.218417500000000819e-01 1.333501215120000971e-01 1.347228141639335686e+00 2.000000000000000000e+00
9.472199999999996178e-01 2.230237499999998818e-01 4.586906666666659693e-01 6.218417500000000819e-01 1.333501215120000971e-01 1.403475067983181557e+00 2.000000000000000000e+00
9.472199999999996178e-01 2.230237499999998818e-01 4.586906666666659693e-01 6.218417500000000819e-01 1.333501215120000971e-01 1.459721994327027650e+00 2.000000000000000000e+00
9.472199999999996178e-01 2.230237499999998818e-01 4.586906666666659693e-01 6.218417500000000819e-01 1.333501215120000971e-01 1.515968920670873743e+00 2.000000000000000000e+00
9.472199999999996178e-01 2.230237499999998818e-01 4.586906666666659693e-01 6.218417500000000819e-01 1.333501215120000971e-01 1.572215847014719836e+00 2.000000000000000000e+00
9.472199999999996178e-01 2.230237499999998818e-01 4.586906666666659693e-01 6.218417500000000819e-01 1.333501215120000971e-01 4.100000000000000311e-01 3.000000000000000000e+00
9.472199999999996178e-01 2.230237499999998818e-01 4.586906666666659693e-01 6.218417500000000819e-01 1.333501215120000971e-01 4.699999999999999734e-01 3.000000000000000000e+00
9.472199999999996178e-01 2.230237499999998818e-01 4.586906666666659693e-01 6.218417500000000819e-01 1.333501215120000971e-01 5.300000000000000266e-01 3.000000000000000000e+00
9.472199999999996178e-01 2.230237499999998818e-01 4.586906666666659693e-01 6.218417500000000819e-01 1.333501215120000971e-01 5.899999999999999689e-01 3.000000000000000000e+00
9.472199999999996178e-01 2.230237499999998818e-01 4.586906666666659693e-01 6.218417500000000819e-01 1.333501215120000971e-01 6.500000000000000222e-01 3.000000000000000000e+00
