-3.153095037873377415e-01
0.000000000000000000e+00
-3.966880941258978943e-01
-1.396955053973711225e+00
-2.870073754030065816e-01
-2.293787027935553502e-01
-1.993670252732633319e-01
-1.638880569643211549e-01
-1.323960105983318369e-01
-1.020840963294929737e-01
-7.172344858248831667e-02
-4.978845551677998221e-02
-2.833600660189583911e-02
-2.457782977307028036e-02
-1.395238631088073543e-03
-2.902833189057303729e-03
-1.994591837040677884e-01
-1.174207268119621256e-01
-5.302411762640126675e-02
-1.979933857211851195e-02
0.000000000000000000e+00
-5.225748992176613983e-02
-7.425178362793401210e-02
-1.633760285725513739e-01
-2.655110740237989764e-01
-3.933800013847114085e-01
-5.792406436073153086e-01
0.000000000000000000e+00
-3.328645087565642452e-02
-6.234601873368485897e-02
-1.878355410618498533e-01
-4.246356633136135206e-01
