5.966693333333333849e-01 3.260024999999999729e-01 1.337666666666667559e-01 5.345600000000000351e-01 4.134808804080001288e-01 1.666666666666666574e-01 0.000000000000000000e+00
5.966693333333333849e-01 3.260024999999999729e-01 1.337666666666667559e-01 5.345600000000000351e-01 4.134808804080001288e-01 3.333333333333333148e-01 0.000000000000000000e+00
5.966693333333333849e-01 3.260024999999999729e-01 1.337666666666667559e-01 5.345600000000000351e-01 4.134808804080001288e-01 5.000000000000000000e-01 0.000000000000000000e+00
5.966693333333333849e-01 3.260024999999999729e-01 1.337666666666667559e-01 5.345600000000000351e-01 4.134808804080001288e-01 6.666666666666666297e-01 0.000000000000000000e+00
5.966693333333333849e-01 3.260024999999999729e-01 1.337666666666667559e-01 5.345600000000000351e-01 4.134808804080001288e-01 4.845129773935819006e-01 1.000000000000000000e+00
5.966693333333333849e-01 3.260024999999999729e-01 1.337666666666667559e-01 5.345600000000000351e-01 4.134808804080001288e-01 5.215837233597133693e-01 1.000000000000000000e+00
5.966693333333333849e-01 3.260024999999999729e-01 1.337666666666667559e-01 5.345600000000000351e-01 4.134808804080001288e-01 5.586544693258450600e-01 1.000000000000000000e+00
5.966693333333333849e-01 3.260024999999999729e-01 1.337666666666667559e-01 5.345600000000000351e-01 4.134808804080001288e-01 5.957252152919765287e-01 1.000000000000000000e+00
5.966693333333333849e-01 3.260024999999999729e-01 1.337666666666667559e-01 5.345600000000000351e-01 4.134808804080001288e-01 6.327959612581082194e-01 1.000000000000000000e+00
5.966693333333333849e-01 3.260024999999999729e-01 1.337666666666667559e-01 5.345600000000000351e-01 4.134808804080001288e-01 6.698667072242397991e-01 1.000000000000000000e+00
5.966693333333333849e-01 3.260024999999999729e-01 1.337666666666667559e-01 5.345600000000000351e-01 4.134808804080001288e-01 7.069374531903713788e-01 1.000000000000000000e+00
5.966693333333333849e-01 3.260024999999999729e-01 1.337666666666667559e-01 5.345600000000000351e-01 4.134808804080001288e-01 7.440081991565029584e-01 1.000000000000000000e+00
5.966693333333333849e-01 3.260024999999999729e-01 1.337666666666667559e-01 5.345600000000000351e-01 4.134808804080001288e-01 7.810789451226346491e-01 1.000000000000000000e+00
5.966693333333333849e-01 3.260024999999999729e-01 1.337666666666667559e-01 5.345600000000000351e-01 4.134808804080001288e-01 8.181496910887661178e-01 1.000000000000000000e+00
5.966693333333333849e-01 3.260024999999999729e-01 1.337666666666667559e-01 5.345600000000000351e-01 4.134808804080001288e-01 8.552204370548978085e-01 1.000000000000000000e+00
5.966693333333333849e-01 3.260024999999999729e-01 1.337666666666667559e-01 5.345600000000000351e-01 4.134808804080001288e-01 8.922911830210293882e-01 1.000000000000000000e+00
5.966693333333333849e-01 3.260024999999999729e-01 1.337666666666667559e-01 5.345600000000000351e-01 4.134808804080001288e-01 1.007812679073273765e+00 2.000000000000000000e+00
5.966693333333333849e-01 3.260024999999999729e-01 1.337666666666667559e-01 5.345600000000000351e-01 4.134808804080001288e-01 1.063408161823394149e+00 2.000000000000000000e+00
5.966693333333333849e-01 3.260024999999999729e-01 1.337666666666667559e-01 5.345600000000000351e-01 4.134808804080001288e-01 1.119003644573514311e+00 2.000000000000000000e+00
5.966693333333333849e-01 3.260024999999999729e-01 1.337666666666667559e-01 5.345600000000000351e-01 4.134808804080001288e-01 1.174599127323634917e+00 2.000000000000000000e+00
5.966693333333333849e-01 3.260024999999999729e-01 1.337666666666667559e-01 5.345600000000000351e-01 4.134808804080001288e-01 1.230194610073755079e+00 2.000000000000000000e+00
5.966693333333333849e-01 3.260024999999999729e-01 1.337666666666667559e-01 5.345600000000000351e-01 4.134808804080001288e-01 1.285790092823875685e+00 2.000000000000000000e+00
5.966693333333333849e-01 3.260024999999999729e-01 1.337666666666667559e-01 5.345600000000000351e-01 4.134808804080001288e-01 1.341385575573995848e+00 2.000000000000000000e+00
5.966693333333333849e-01 3.260024999999999729e-01 1.337666666666667559e-01 5.345600000000000351e-01 4.134808804080001288e-01 1.396981058324116454e+00 2.000000000000000000e+00
5.966693333333333849e-01 3.260024999999999729e-01 1.337666666666667559e-01 5.345600000000000351e-01 4.134808804080001288e-01 1.452576541074236616e+00 2.000000000000000000e+00
5.966693333333333849e-01 3.260024999999999729e-01 1.337666666666667559e-01 5.345600000000000351e-01 4.134808804080001288e-01 1.508172023824357222e+00 2.000000000000000000e+00
5.966693333333333849e-01 3.260024999999999729e-01 1.337666666666667559e-01 5.345600000000000351e-01 4.134808804080001288e-01 1.563767506574477384e+00 2.000000000000000000e+00
5.966693333333333849e-01 3.260024999999999729e-01 1.337666666666667559e-01 5.345600000000000351e-01 4.134808804080001288e-01 4.100000000000000311e-01 3.000000000000000000e+00
5.966693333333333849e-01 3.260024999999999729e-01 1.337666666666667559e-01 5.345600000000000351e-01 4.134808804080001288e-01 4.699999999999999734e-01 3.000000000000000000e+00
5.966693333333333849e-01 3.260024999999999729e-01 1.337666666666667559e-01 5.345600000000000351e-01 4.134808804080001288e-01 5.300000000000000266e-01 3.000000000000000000e+00
5.966693333333333849e-01 3.260024999999999729e-01 1.337666666666667559e-01 5.345600000000000351e-01 4.134808804080001288e-01 5.899999999999999689e-01 3.000000000000000000e+00
5.966693333333333849e-01 3.260024999999999729e-01 1.337666666666667559e-01 5.345600000000000351e-01 4.134808804080001288e-01 6.500000000000000222e-01 3.000000000000000000e+00
