-3.423760787971216191e-01
0.000000000000000000e+00
-4.165294770865026197e-01
-1.461822499296325573e+00
-3.453532054811049301e-01
-2.712693494267314209e-01
-2.029180317368590725e-01
-1.435605696097547734e-01
-9.030232432554499700e-02
-4.445495060487882066e-02
-1.396646592031467946e-02
0.000000000000000000e+00
-1.704120268424604706e-02
-1.893560437201384505e-01
-7.035636185820484667e-02
-6.491145089775029672e-03
-1.711211130098470867e-02
-1.114808565287640080e-01
-2.766107131325353241e-01
-5.039500828454187564e-01
-7.996898882286982424e-01
0.000000000000000000e+00
-1.480126757053509302e-02
-7.113691010286771199e-02
-1.884996919330282905e-01
-4.266676634719233641e-01
