-3.131511612777709841e-01
0.000000000000000000e+00
-3.936985132249857244e-01
-1.400648726626477769e+00
-3.122088311568589347e-01
-2.814494673513208700e-01
-2.358678401183792739e-01
-2.000921160674319910e-01
-1.384304506254769029e-01
-1.052930917977437930e-01
-7.730506486453121717e-02
-6.812353218759682749e-02
-4.281541142758040625e-02
-3.521366657220896534e-02
-9.922437851231246178e-03
-1.243887839391050187e-02
-1.896323242129351327e-01
-9.499773403374234260e-02
-5.011219597401085635e-02
-1.319734176621848581e-02
-1.699334471843467337e-02
-4.195967108465432222e-02
-1.188707612273093572e-01
-1.754251630939661633e-01
-2.754663683383862249e-01
-3.667563887063842731e-01
-6.017268156446456961e-01
-3.224872758444576742e-02
-4.406493242158666945e-02
-1.067329240729248951e-01
-2.369070548223720374e-01
-4.170875194931559227e-01
