-3.142973910259962422e-01
0.000000000000000000e+00
-3.966251710337355685e-01
-1.393083432903622132e+00
-3.191431458132162335e-01
-2.752497177650957139e-01
-2.229861722650233746e-01
-1.770947125564042990e-01
-1.503582101799409709e-01
-1.067171201969965427e-01
-6.298910681863419125e-02
-4.250666022256871512e-02
-3.527190538436463657e-02
-7.991203467664641930e-03
-3.320233454788280945e-03
-1.103926487152296233e-03
-2.215158293379579924e-01
-1.298511173128997220e-01
-6.917280414986273773e-02
-9.767406625927434194e-03
0.000000000000000000e+00
-4.597957928037216258e-02
-1.209604387262646352e-01
-1.505466703422720376e-01
-2.701795513816445671e-01
-3.844953157295122326e-01
-5.286902867241464188e-01
0.000000000000000000e+00
-2.908859120688584571e-02
-9.663152984243650323e-02
-2.042871583102261468e-01
-4.588468286504547855e-01
