-3.154878701541167230e-01
0.000000000000000000e+00
-3.981061735682946967e-01
-1.393692075335429825e+00
-2.552725051033060133e-01
-2.204080691610947051e-01
-1.802289439007110361e-01
-1.501165040703643372e-01
-1.242002300843404183e-01
-9.762333561337549481e-02
-6.319695721099902186e-02
-4.326567329078281898e-02
-2.153788818719271775e-02
-1.275064897449130867e-02
-1.756161388271485629e-02
-1.569650903502455702e-02
-1.975953783510060180e-01
-1.403619041073325968e-01
-8.128437113538916625e-02
-3.950854128367363438e-02
-1.639041618816937038e-02
-5.589895747184294578e-02
-6.392681048381018694e-02
-1.877865540354707319e-01
-2.508888177425518951e-01
-3.506118311121316777e-01
-4.898955427560913178e-01
-2.409334214348615374e-02
-4.960222409467937577e-02
-6.638240425956237756e-02
-1.930794205242010453e-01
-4.403221365278334742e-01
