-3.109710343668032340e-01
0.000000000000000000e+00
-3.924521683060084309e-01
-1.395889780893182497e+00
-2.948652405387294784e-01
-2.667457458059779851e-01
-2.073945035655664071e-01
-1.956787203876581005e-01
-1.539859008139609908e-01
-1.058944533070336064e-01
-8.710340824200442367e-02
-6.066101054417611521e-02
-3.039940551164063351e-02
-2.456986185091673824e-02
-5.293757425259236309e-03
0.000000000000000000e+00
-1.989255144497089622e-01
-1.299102731109817443e-01
-5.688366675648726806e-02
-1.253720615524143642e-02
-1.986724483164284058e-02
-3.414464675166312829e-02
-7.328956388222052087e-02
-1.327769137625848805e-01
-2.283707005803601031e-01
-3.471799801346996950e-01
-5.124133116021726275e-01
-1.769381227556398109e-02
-2.920483936448362017e-02
-1.044557917836760746e-01
-2.148214767252850654e-01
-4.644442467019862519e-01
