-3.164199141951242744e-01
0.000000000000000000e+00
-3.981482669473843661e-01
-1.396686940794514831e+00
-3.012315711987688105e-01
-2.402007433929101710e-01
-2.200053205314288773e-01
-1.714806581326754897e-01
-1.192659658329297268e-01
-9.402265648931963649e-02
-6.733322496507440635e-02
-3.744060518307808227e-02
-2.424309482634282378e-02
0.000000000000000000e+00
-1.695273527443923178e-02
-4.252859408299338242e-03
-2.028006763161920856e-01
-1.238968461080245664e-01
-8.036508486169643972e-02
-1.557539146324834513e-02
-3.173021863556167027e-02
-2.800554330177239953e-02
-9.009639612490379090e-02
-1.590445463567888851e-01
-2.596057013145851022e-01
-3.682086563529071155e-01
-5.307146197006178401e-01
-2.013450184592589787e-02
-1.351769892134429413e-02
-6.815403586834187233e-02
-2.004895558414776235e-01
-4.144528538227413295e-01
