-3.156724532219921109e-01
0.000000000000000000e+00
-3.963150677188798099e-01
-1.403444549006937603e+00
-3.047632090405259508e-01
-2.653633568600670678e-01
-2.117448621769851269e-01
-1.760912590556812651e-01
-1.454470806102217406e-01
-8.504427941239853239e-02
-7.449811601712505449e-02
-5.437831400151918460e-02
-2.826283348469922282e-02
-1.161536225386502336e-02
-1.023883342506171253e-02
-3.941558058834211328e-03
-1.747201624728131619e-01
-9.009741085257980120e-02
-4.709466398269517712e-02
-4.486196637425871221e-03
-2.038325541448749237e-02
-5.715897936267663737e-02
-1.104215181318882188e-01
-1.957554837067460862e-01
-3.083001408210180316e-01
-3.852528022123122287e-01
-5.969405471919307926e-01
-2.357099310630846219e-03
-1.525046094415997110e-02
-6.280388958015302447e-02
-2.276663810364937257e-01
-4.397001483592513082e-01
