5.270199999999998219e-01 3.799400000000000555e-01 1.982906666666666706e-01 5.876270000000000104e-01 5.274937349759998284e-01 1.666666666666666574e-01 0.000000000000000000e+00
5.270199999999998219e-01 3.799400000000000555e-01 1.982906666666666706e-01 5.876270000000000104e-01 5.274937349759998284e-01 3.333333333333333148e-01 0.000000000000000000e+00
5.270199999999998219e-01 3.799400000000000555e-01 1.982906666666666706e-01 5.876270000000000104e-01 5.274937349759998284e-01 5.000000000000000000e-01 0.000000000000000000e+00
5.270199999999998219e-01 3.799400000000000555e-01 1.982906666666666706e-01 5.876270000000000104e-01 5.274937349759998284e-01 6.666666666666666297e-01 0.000000000000000000e+00
5.270199999999998219e-01 3.799400000000000555e-01 1.982906666666666706e-01 5.876270000000000104e-01 5.274937349759998284e-01 4.850982338526855786e-01 1.000000000000000000e+00
5.270199999999998219e-01 3.799400000000000555e-01 1.982906666666666706e-01 5.876270000000000104e-01 5.274937349759998284e-01 5.215241835448427565e-01 1.000000000000000000e+00
5.270199999999998219e-01 3.799400000000000555e-01 1.982906666666666706e-01 5.876270000000000104e-01 5.274937349759998284e-01 5.579501332369999345e-01 1.000000000000000000e+00
5.270199999999998219e-01 3.799400000000000555e-01 1.982906666666666706e-01 5.876270000000000104e-01 5.274937349759998284e-01 5.943760829291571124e-01 1.000000000000000000e+00
5.270199999999998219e-01 3.799400000000000555e-01 1.982906666666666706e-01 5.876270000000000104e-01 5.274937349759998284e-01 6.308020326213144013e-01 1.000000000000000000e+00
5.270199999999998219e-01 3.799400000000000555e-01 1.982906666666666706e-01 5.876270000000000104e-01 5.274937349759998284e-01 6.672279823134714682e-01 1.000000000000000000e+00
5.270199999999998219e-01 3.799400000000000555e-01 1.982906666666666706e-01 5.876270000000000104e-01 5.274937349759998284e-01 7.036539320056287572e-01 1.000000000000000000e+00
5.270199999999998219e-01 3.799400000000000555e-01 1.982906666666666706e-01 5.876270000000000104e-01 5.274937349759998284e-01 7.400798816977860461e-01 1.000000000000000000e+00
5.270199999999998219e-01 3.799400000000000555e-01 1.982906666666666706e-01 5.876270000000000104e-01 5.274937349759998284e-01 7.765058313899431131e-01 1.000000000000000000e+00
5.270199999999998219e-01 3.799400000000000555e-01 1.982906666666666706e-01 5.876270000000000104e-01 5.274937349759998284e-01 8.129317810821004020e-01 1.000000000000000000e+00
5.270199999999998219e-01 3.799400000000000555e-01 1.982906666666666706e-01 5.876270000000000104e-01 5.274937349759998284e-01 8.493577307742574689e-01 1.000000000000000000e+00
5.270199999999998219e-01 3.799400000000000555e-01 1.982906666666666706e-01 5.876270000000000104e-01 5.274937349759998284e-01 8.857836804664147579e-01 1.000000000000000000e+00
5.270199999999998219e-01 3.799400000000000555e-01 1.982906666666666706e-01 5.876270000000000104e-01 5.274937349759998284e-01 1.001350729677481732e+00 2.000000000000000000e+00
5.270199999999998219e-01 3.799400000000000555e-01 1.982906666666666706e-01 5.876270000000000104e-01 5.274937349759998284e-01 1.058933493871561993e+00 2.000000000000000000e+00
5.270199999999998219e-01 3.799400000000000555e-01 1.982906666666666706e-01 5.876270000000000104e-01 5.274937349759998284e-01 1.116516258065642031e+00 2.000000000000000000e+00
5.270199999999998219e-01 3.799400000000000555e-01 1.982906666666666706e-01 5.876270000000000104e-01 5.274937349759998284e-01 1.174099022259722069e+00 2.000000000000000000e+00
5.270199999999998219e-01 3.799400000000000555e-01 1.982906666666666706e-01 5.876270000000000104e-01 5.274937349759998284e-01 1.231681786453802108e+00 2.000000000000000000e+00
5.270199999999998219e-01 3.799400000000000555e-01 1.982906666666666706e-01 5.876270000000000104e-01 5.274937349759998284e-01 1.289264550647882146e+00 2.000000000000000000e+00
5.270199999999998219e-01 3.799400000000000555e-01 1.982906666666666706e-01 5.876270000000000104e-01 5.274937349759998284e-01 1.346847314841962184e+00 2.000000000000000000e+00
5.270199999999998219e-01 3.799400000000000555e-01 1.982906666666666706e-01 5.876270000000000104e-01 5.274937349759998284e-01 1.404430079036042223e+00 2.000000000000000000e+00
5.270199999999998219e-01 3.799400000000000555e-01 1.982906666666666706e-01 5.876270000000000104e-01 5.274937349759998284e-01 1.462012843230122261e+00 2.000000000000000000e+00
5.270199999999998219e-01 3.799400000000000555e-01 1.982906666666666706e-01 5.876270000000000104e-01 5.274937349759998284e-01 1.519595607424202299e+00 2.000000000000000000e+00
5.270199999999998219e-01 3.799400000000000555e-01 1.982906666666666706e-01 5.876270000000000104e-01 5.274937349759998284e-01 1.577178371618282560e+00 2.000000000000000000e+00
5.270199999999998219e-01 3.799400000000000555e-01 1.982906666666666706e-01 5.876270000000000104e-01 5.274937349759998284e-01 4.100000000000000311e-01 3.000000000000000000e+00
5.270199999999998219e-01 3.799400000000000555e-01 1.982906666666666706e-01 5.876270000000000104e-01 5.274937349759998284e-01 4.699999999999999734e-01 3.000000000000000000e+00
5.270199999999998219e-01 3.799400000000000555e-01 1.982906666666666706e-01 5.876270000000000104e-01 5.274937349759998284e-01 5.300000000000000266e-01 3.000000000000000000e+00
5.270199999999998219e-01 3.799400000000000555e-01 1.982906666666666706e-01 5.876270000000000104e-01 5.274937349759998284e-01 5.899999999999999689e-01 3.000000000000000000e+00
5.270199999999998219e-01 3.799400000000000555e-01 1.982906666666666706e-01 5.876270000000000104e-01 5.274937349759998284e-01 6.500000000000000222e-01 3.000000000000000000e+00
