5.179999999999996829e-01 5.000000000000000000e-01 5.479999999999991545e-01 4.719999999999999196e-01 8.425679999999999836e-01 1.666666666666666574e-01 0.000000000000000000e+00
5.179999999999996829e-01 5.000000000000000000e-01 5.479999999999991545e-01 4.719999999999999196e-01 8.425679999999999836e-01 3.333333333333333148e-01 0.000000000000000000e+00
5.179999999999996829e-01 5.000000000000000000e-01 5.479999999999991545e-01 4.719999999999999196e-01 8.425679999999999836e-01 5.000000000000000000e-01 0.000000000000000000e+00
5.179999999999996829e-01 5.000000000000000000e-01 5.479999999999991545e-01 4.719999999999999196e-01 8.425679999999999836e-01 6.666666666666666297e-01 0.000000000000000000e+00
5.179999999999996829e-01 5.000000000000000000e-01 5.479999999999991545e-01 4.719999999999999196e-01 8.425679999999999836e-01 5.055225670065972565e-01 1.000000000000000000e+00
5.179999999999996829e-01 5.000000000000000000e-01 5.479999999999991545e-01 4.719999999999999196e-01 8.425679999999999836e-01 5.672422745139957811e-01 1.000000000000000000e+00
5.179999999999996829e-01 5.000000000000000000e-01 5.479999999999991545e-01 4.719999999999999196e-01 8.425679999999999836e-01 6.289619820213943058e-01 1.000000000000000000e+00
5.179999999999996829e-01 5.000000000000000000e-01 5.479999999999991545e-01 4.719999999999999196e-01 8.425679999999999836e-01 6.906816895287926084e-01 1.000000000000000000e+00
5.179999999999996829e-01 5.000000000000000000e-01 5.479999999999991545e-01 4.719999999999999196e-01 8.425679999999999836e-01 7.524013970361909109e-01 1.000000000000000000e+00
5.179999999999996829e-01 5.000000000000000000e-01 5.479999999999991545e-01 4.719999999999999196e-01 8.425679999999999836e-01 8.141211045435894356e-01 1.000000000000000000e+00
5.179999999999996829e-01 5.000000000000000000e-01 5.479999999999991545e-01 4.719999999999999196e-01 8.425679999999999836e-01 8.758408120509879602e-01 1.000000000000000000e+00
5.179999999999996829e-01 5.000000000000000000e-01 5.479999999999991545e-01 4.719999999999999196e-01 8.425679999999999836e-01 9.375605195583864848e-01 1.000000000000000000e+00
5.179999999999996829e-01 5.000000000000000000e-01 5.479999999999991545e-01 4.719999999999999196e-01 8.425679999999999836e-01 9.992802270657850094e-01 1.000000000000000000e+00
5.179999999999996829e-01 5.000000000000000000e-01 5.479999999999991545e-01 4.719999999999999196e-01 8.425679999999999836e-01 1.008860009309882733e+00 2.000000000000000000e+00
5.179999999999996829e-01 5.000000000000000000e-01 5.479999999999991545e-01 4.719999999999999196e-01 8.425679999999999836e-01 1.106818107060397294e+00 2.000000000000000000e+00
5.179999999999996829e-01 5.000000000000000000e-01 5.479999999999991545e-01 4.719999999999999196e-01 8.425679999999999836e-01 1.204776204810911855e+00 2.000000000000000000e+00
5.179999999999996829e-01 5.000000000000000000e-01 5.479999999999991545e-01 4.719999999999999196e-01 8.425679999999999836e-01 1.302734302561426416e+00 2.000000000000000000e+00
5.179999999999996829e-01 5.000000000000000000e-01 5.479999999999991545e-01 4.719999999999999196e-01 8.425679999999999836e-01 1.400692400311940977e+00 2.000000000000000000e+00
5.179999999999996829e-01 5.000000000000000000e-01 5.479999999999991545e-01 4.719999999999999196e-01 8.425679999999999836e-01 1.498650498062455538e+00 2.000000000000000000e+00
5.179999999999996829e-01 5.000000000000000000e-01 5.479999999999991545e-01 4.719999999999999196e-01 8.425679999999999836e-01 1.596608595812970099e+00 2.000000000000000000e+00
5.179999999999996829e-01 5.000000000000000000e-01 5.479999999999991545e-01 4.719999999999999196e-01 8.425679999999999836e-01 1.694566693563484661e+00 2.000000000000000000e+00
5.179999999999996829e-01 5.000000000000000000e-01 5.479999999999991545e-01 4.719999999999999196e-01 8.425679999999999836e-01 4.100000000000000311e-01 3.000000000000000000e+00
5.179999999999996829e-01 5.000000000000000000e-01 5.479999999999991545e-01 4.719999999999999196e-01 8.425679999999999836e-01 4.699999999999999734e-01 3.000000000000000000e+00
5.179999999999996829e-01 5.000000000000000000e-01 5.479999999999991545e-01 4.719999999999999196e-01 8.425679999999999836e-01 5.300000000000000266e-01 3.000000000000000000e+00
5.179999999999996829e-01 5.000000000000000000e-01 5.479999999999991545e-01 4.719999999999999196e-01 8.425679999999999836e-01 5.899999999999999689e-01 3.000000000000000000e+00
5.179999999999996829e-01 5.000000000000000000e-01 5.479999999999991545e-01 4.719999999999999196e-01 8.425679999999999836e-01 6.500000000000000222e-01 3.000000000000000000e+00
