8.847546666666669113e-01 1.252562499999998469e-01 2.257146666666662582e-01 7.080284999999999496e-01 2.139084422800001661e-01 1.666666666666666574e-01 0.000000000000000000e+00
8.847546666666669113e-01 1.252562499999998469e-01 2.257146666666662582e-01 7.080284999999999496e-01 2.139084422800001661e-01 3.333333333333333148e-01 0.000000000000000000e+00
8.847546666666669113e-01 1.252562499999998469e-01 2.257146666666662582e-01 7.080284999999999496e-01 2.139084422800001661e-01 5.000000000000000000e-01 0.000000000000000000e+00
8.847546666666669113e-01 1.252562499999998469e-01 2.257146666666662582e-01 7.080284999999999496e-01 2.139084422800001661e-01 6.666666666666666297e-01 0.000000000000000000e+00
8.847546666666669113e-01 1.252562499999998469e-01 2.257146666666662582e-01 7.080284999999999496e-01 2.139084422800001661e-01 4.853408338083065043e-01 1.000000000000000000e+00
8.847546666666669113e-01 1.252562499999998469e-01 2.257146666666662582e-01 7.080284999999999496e-01 2.139084422800001661e-01 5.226237504454869232e-01 1.000000000000000000e+00
8.847546666666669113e-01 1.252562499999998469e-01 2.257146666666662582e-01 7.080284999999999496e-01 2.139084422800001661e-01 5.599066670826673420e-01 1.000000000000000000e+00
8.847546666666669113e-01 1.252562499999998469e-01 2.257146666666662582e-01 7.080284999999999496e-01 2.139084422800001661e-01 5.971895837198477608e-01 1.000000000000000000e+00
8.847546666666669113e-01 1.252562499999998469e-01 2.257146666666662582e-01 7.080284999999999496e-01 2.139084422800001661e-01 6.344725003570282906e-01 1.000000000000000000e+00
8.847546666666669113e-01 1.252562499999998469e-01 2.257146666666662582e-01 7.080284999999999496e-01 2.139084422800001661e-01 6.717554169942088205e-01 1.000000000000000000e+00
8.847546666666669113e-01 1.252562499999998469e-01 2.257146666666662582e-01 7.080284999999999496e-01 2.139084422800001661e-01 7.090383336313892393e-01 1.000000000000000000e+00
8.847546666666669113e-01 1.252562499999998469e-01 2.257146666666662582e-01 7.080284999999999496e-01 2.139084422800001661e-01 7.463212502685696581e-01 1.000000000000000000e+00
8.847546666666669113e-01 1.252562499999998469e-01 2.257146666666662582e-01 7.080284999999999496e-01 2.139084422800001661e-01 7.836041669057500769e-01 1.000000000000000000e+00
8.847546666666669113e-01 1.252562499999998469e-01 2.257146666666662582e-01 7.080284999999999496e-01 2.139084422800001661e-01 8.208870835429304957e-01 1.000000000000000000e+00
8.847546666666669113e-01 1.252562499999998469e-01 2.257146666666662582e-01 7.080284999999999496e-01 2.139084422800001661e-01 8.581700001801109146e-01 1.000000000000000000e+00
8.847546666666669113e-01 1.252562499999998469e-01 2.257146666666662582e-01 7.080284999999999496e-01 2.139084422800001661e-01 8.954529168172914444e-01 1.000000000000000000e+00
8.847546666666669113e-01 1.252562499999998469e-01 2.257146666666662582e-01 7.080284999999999496e-01 2.139084422800001661e-01 1.013790282546394916e+00 2.000000000000000000e+00
8.847546666666669113e-01 1.252562499999998469e-01 2.257146666666662582e-01 7.080284999999999496e-01 2.139084422800001661e-01 1.070463850428745145e+00 2.000000000000000000e+00
8.847546666666669113e-01 1.252562499999998469e-01 2.257146666666662582e-01 7.080284999999999496e-01 2.139084422800001661e-01 1.127137418311095374e+00 2.000000000000000000e+00
8.847546666666669113e-01 1.252562499999998469e-01 2.257146666666662582e-01 7.080284999999999496e-01 2.139084422800001661e-01 1.183810986193445824e+00 2.000000000000000000e+00
8.847546666666669113e-01 1.252562499999998469e-01 2.257146666666662582e-01 7.080284999999999496e-01 2.139084422800001661e-01 1.240484554075796053e+00 2.000000000000000000e+00
8.847546666666669113e-01 1.252562499999998469e-01 2.257146666666662582e-01 7.080284999999999496e-01 2.139084422800001661e-01 1.297158121958146282e+00 2.000000000000000000e+00
8.847546666666669113e-01 1.252562499999998469e-01 2.257146666666662582e-01 7.080284999999999496e-01 2.139084422800001661e-01 1.353831689840496733e+00 2.000000000000000000e+00
8.847546666666669113e-01 1.252562499999998469e-01 2.257146666666662582e-01 7.080284999999999496e-01 2.139084422800001661e-01 1.410505257722846961e+00 2.000000000000000000e+00
8.847546666666669113e-01 1.252562499999998469e-01 2.257146666666662582e-01 7.080284999999999496e-01 2.139084422800001661e-01 1.467178825605197412e+00 2.000000000000000000e+00
8.847546666666669113e-01 1.252562499999998469e-01 2.257146666666662582e-01 7.080284999999999496e-01 2.139084422800001661e-01 1.523852393487547641e+00 2.000000000000000000e+00
8.847546666666669113e-01 1.252562499999998469e-01 2.257146666666662582e-01 7.080284999999999496e-01 2.139084422800001661e-01 1.580525961369898091e+00 2.000000000000000000e+00
8.847546666666669113e-01 1.252562499999998469e-01 2.257146666666662582e-01 7.080284999999999496e-01 2.139084422800001661e-01 4.100000000000000311e-01 3.000000000000000000e+00
8.847546666666669113e-01 1.252562499999998469e-01 2.257146666666662582e-01 7.080284999999999496e-01 2.139084422800001661e-01 4.699999999999999734e-01 3.000000000000000000e+00
8.847546666666669113e-01 1.252562499999998469e-01 2.257146666666662582e-01 7.080284999999999496e-01 2.139084422800001661e-01 5.300000000000000266e-01 3.000000000000000000e+00
8.847546666666669113e-01 1.252562499999998469e-01 2.257146666666662582e-01 7.080284999999999496e-01 2.139084422800001661e-01 5.899999999999999689e-01 3.000000000000000000e+00
8.847546666666669113e-01 1.252562499999998469e-01 2.257146666666662582e-01 7.080284999999999496e-01 2.139084422800001661e-01 6.500000000000000222e-01 3.000000000000000000e+00
