7.682386666666664032e-01 1.376237499999999336e-01 4.547453333333324466e-01 6.823265000000000580e-01 3.497791733760000632e-01 1.666666666666666574e-01 0.000000000000000000e+00
7.682386666666664032e-01 1.376237499999999336e-01 4.547453333333324466e-01 6.823265000000000580e-01 3.497791733760000632e-01 3.333333333333333148e-01 0.000000000000000000e+00
7.682386666666664032e-01 1.376237499999999336e-01 4.547453333333324466e-01 6.823265000000000580e-01 3.497791733760000632e-01 5.000000000000000000e-01 0.000000000000000000e+00
7.682386666666664032e-01 1.376237499999999336e-01 4.547453333333324466e-01 6.823265000000000580e-01 3.497791733760000632e-01 6.666666666666666297e-01 0.000000000000000000e+00
7.682386666666664032e-01 1.376237499999999336e-01 4.547453333333324466e-01 6.823265000000000580e-01 3.497791733760000632e-01 4.822089455204903730e-01 1.000000000000000000e+00
7.682386666666664032e-01 1.376237499999999336e-01 4.547453333333324466e-01 6.823265000000000580e-01 3.497791733760000632e-01 5.188661823149418595e-01 1.000000000000000000e+00
7.682386666666664032e-01 1.376237499999999336e-01 4.547453333333324466e-01 6.823265000000000580e-01 3.497791733760000632e-01 5.555234191093932905e-01 1.000000000000000000e+00
7.682386666666664032e-01 1.376237499999999336e-01 4.547453333333324466e-01 6.823265000000000580e-01 3.497791733760000632e-01 5.921806559038447215e-01 1.000000000000000000e+00
7.682386666666664032e-01 1.376237499999999336e-01 4.547453333333324466e-01 6.823265000000000580e-01 3.497791733760000632e-01 6.288378926982962636e-01 1.000000000000000000e+00
7.682386666666664032e-01 1.376237499999999336e-01 4.547453333333324466e-01 6.823265000000000580e-01 3.497791733760000632e-01 6.654951294927476946e-01 1.000000000000000000e+00
7.682386666666664032e-01 1.376237499999999336e-01 4.547453333333324466e-01 6.823265000000000580e-01 3.497791733760000632e-01 7.021523662871991256e-01 1.000000000000000000e+00
7.682386666666664032e-01 1.376237499999999336e-01 4.547453333333324466e-01 6.823265000000000580e-01 3.497791733760000632e-01 7.388096030816506676e-01 1.000000000000000000e+00
7.682386666666664032e-01 1.376237499999999336e-01 4.547453333333324466e-01 6.823265000000000580e-01 3.497791733760000632e-01 7.754668398761022097e-01 1.000000000000000000e+00
7.682386666666664032e-01 1.376237499999999336e-01 4.547453333333324466e-01 6.823265000000000580e-01 3.497791733760000632e-01 8.121240766705536407e-01 1.000000000000000000e+00
7.682386666666664032e-01 1.376237499999999336e-01 4.547453333333324466e-01 6.823265000000000580e-01 3.497791733760000632e-01 8.487813134650050717e-01 1.000000000000000000e+00
7.682386666666664032e-01 1.376237499999999336e-01 4.547453333333324466e-01 6.823265000000000580e-01 3.497791733760000632e-01 8.854385502594566137e-01 1.000000000000000000e+00
7.682386666666664032e-01 1.376237499999999336e-01 4.547453333333324466e-01 6.823265000000000580e-01 3.497791733760000632e-01 1.009132033323255850e+00 2.000000000000000000e+00
7.682386666666664032e-01 1.376237499999999336e-01 4.547453333333324466e-01 6.823265000000000580e-01 3.497791733760000632e-01 1.065561537293028493e+00 2.000000000000000000e+00
7.682386666666664032e-01 1.376237499999999336e-01 4.547453333333324466e-01 6.823265000000000580e-01 3.497791733760000632e-01 1.121991041262801136e+00 2.000000000000000000e+00
7.682386666666664032e-01 1.376237499999999336e-01 4.547453333333324466e-01 6.823265000000000580e-01 3.497791733760000632e-01 1.178420545232573780e+00 2.000000000000000000e+00
7.682386666666664032e-01 1.376237499999999336e-01 4.547453333333324466e-01 6.823265000000000580e-01 3.497791733760000632e-01 1.234850049202346423e+00 2.000000000000000000e+00
7.682386666666664032e-01 1.376237499999999336e-01 4.547453333333324466e-01 6.823265000000000580e-01 3.497791733760000632e-01 1.291279553172119066e+00 2.000000000000000000e+00
7.682386666666664032e-01 1.376237499999999336e-01 4.547453333333324466e-01 6.823265000000000580e-01 3.497791733760000632e-01 1.347709057141891709e+00 2.000000000000000000e+00
7.682386666666664032e-01 1.376237499999999336e-01 4.547453333333324466e-01 6.823265000000000580e-01 3.497791733760000632e-01 1.404138561111664574e+00 2.000000000000000000e+00
7.682386666666664032e-01 1.376237499999999336e-01 4.547453333333324466e-01 6.823265000000000580e-01 3.497791733760000632e-01 1.460568065081437217e+00 2.000000000000000000e+00
7.682386666666664032e-01 1.376237499999999336e-01 4.547453333333324466e-01 6.823265000000000580e-01 3.497791733760000632e-01 1.516997569051210082e+00 2.000000000000000000e+00
7.682386666666664032e-01 1.376237499999999336e-01 4.547453333333324466e-01 6.823265000000000580e-01 3.497791733760000632e-01 1.573427073020982725e+00 2.000000000000000000e+00
7.682386666666664032e-01 1.376237499999999336e-01 4.547453333333324466e-01 6.823265000000000580e-01 3.497791733760000632e-01 4.100000000000000311e-01 3.000000000000000000e+00
7.682386666666664032e-01 1.376237499999999336e-01 4.547453333333324466e-01 6.823265000000000580e-01 3.497791733760000632e-01 4.699999999999999734e-01 3.000000000000000000e+00
7.682386666666664032e-01 1.376237499999999336e-01 4.547453333333324466e-01 6.823265000000000580e-01 3.497791733760000632e-01 5.300000000000000266e-01 3.000000000000000000e+00
7.682386666666664032e-01 1.376237499999999336e-01 4.547453333333324466e-01 6.823265000000000580e-01 3.497791733760000632e-01 5.899999999999999689e-01 3.000000000000000000e+00
7.682386666666664032e-01 1.376237499999999336e-01 4.547453333333324466e-01 6.823265000000000580e-01 3.497791733760000632e-01 6.500000000000000222e-01 3.000000000000000000e+00
