1.832119999999998472e-01 7.544208749999999908e-01 5.997639999999992977e-01 3.247047499999999864e-01 8.390795739120000540e-01 1.666666666666666574e-01 0.000000000000000000e+00
1.832119999999998472e-01 7.544208749999999908e-01 5.997639999999992977e-01 3.247047499999999864e-01 8.390795739120000540e-01 3.333333333333333148e-01 0.000000000000000000e+00
1.832119999999998472e-01 7.544208749999999908e-01 5.997639999999992977e-01 3.247047499999999864e-01 8.390795739120000540e-01 5.000000000000000000e-01 0.000000000000000000e+00
1.832119999999998472e-01 7.544208749999999908e-01 5.997639999999992977e-01 3.247047499999999864e-01 8.390795739120000540e-01 6.666666666666666297e-01 0.000000000000000000e+00
1.832119999999998472e-01 7.544208749999999908e-01 5.997639999999992977e-01 3.247047499999999864e-01 8.390795739120000540e-01 4.787104059975770265e-01 1.000000000000000000e+00
1.832119999999998472e-01 7.544208749999999908e-01 5.997639999999992977e-01 3.247047499999999864e-01 8.390795739120000540e-01 5.151724103231727359e-01 1.000000000000000000e+00
1.832119999999998472e-01 7.544208749999999908e-01 5.997639999999992977e-01 3.247047499999999864e-01 8.390795739120000540e-01 5.516344146487685007e-01 1.000000000000000000e+00
1.832119999999998472e-01 7.544208749999999908e-01 5.997639999999992977e-01 3.247047499999999864e-01 8.390795739120000540e-01 5.880964189743642656e-01 1.000000000000000000e+00
1.832119999999998472e-01 7.544208749999999908e-01 5.997639999999992977e-01 3.247047499999999864e-01 8.390795739120000540e-01 6.245584232999600305e-01 1.000000000000000000e+00
1.832119999999998472e-01 7.544208749999999908e-01 5.997639999999992977e-01 3.247047499999999864e-01 8.390795739120000540e-01 6.610204276255557954e-01 1.000000000000000000e+00
1.832119999999998472e-01 7.544208749999999908e-01 5.997639999999992977e-01 3.247047499999999864e-01 8.390795739120000540e-01 6.974824319511515602e-01 1.000000000000000000e+00
1.832119999999998472e-01 7.544208749999999908e-01 5.997639999999992977e-01 3.247047499999999864e-01 8.390795739120000540e-01 7.339444362767473251e-01 1.000000000000000000e+00
1.832119999999998472e-01 7.544208749999999908e-01 5.997639999999992977e-01 3.247047499999999864e-01 8.390795739120000540e-01 7.704064406023430900e-01 1.000000000000000000e+00
1.832119999999998472e-01 7.544208749999999908e-01 5.997639999999992977e-01 3.247047499999999864e-01 8.390795739120000540e-01 8.068684449279388549e-01 1.000000000000000000e+00
1.832119999999998472e-01 7.544208749999999908e-01 5.997639999999992977e-01 3.247047499999999864e-01 8.390795739120000540e-01 8.433304492535346197e-01 1.000000000000000000e+00
1.832119999999998472e-01 7.544208749999999908e-01 5.997639999999992977e-01 3.247047499999999864e-01 8.390795739120000540e-01 8.797924535791302736e-01 1.000000000000000000e+00
1.832119999999998472e-01 7.544208749999999908e-01 5.997639999999992977e-01 3.247047499999999864e-01 8.390795739120000540e-01 1.009071401100272380e+00 2.000000000000000000e+00
1.832119999999998472e-01 7.544208749999999908e-01 5.997639999999992977e-01 3.247047499999999864e-01 8.390795739120000540e-01 1.066478476718679458e+00 2.000000000000000000e+00
1.832119999999998472e-01 7.544208749999999908e-01 5.997639999999992977e-01 3.247047499999999864e-01 8.390795739120000540e-01 1.123885552337086757e+00 2.000000000000000000e+00
1.832119999999998472e-01 7.544208749999999908e-01 5.997639999999992977e-01 3.247047499999999864e-01 8.390795739120000540e-01 1.181292627955493835e+00 2.000000000000000000e+00
1.832119999999998472e-01 7.544208749999999908e-01 5.997639999999992977e-01 3.247047499999999864e-01 8.390795739120000540e-01 1.238699703573900912e+00 2.000000000000000000e+00
1.832119999999998472e-01 7.544208749999999908e-01 5.997639999999992977e-01 3.247047499999999864e-01 8.390795739120000540e-01 1.296106779192307989e+00 2.000000000000000000e+00
1.832119999999998472e-01 7.544208749999999908e-01 5.997639999999992977e-01 3.247047499999999864e-01 8.390795739120000540e-01 1.353513854810715067e+00 2.000000000000000000e+00
1.832119999999998472e-01 7.544208749999999908e-01 5.997639999999992977e-01 3.247047499999999864e-01 8.390795739120000540e-01 1.410920930429122144e+00 2.000000000000000000e+00
1.832119999999998472e-01 7.544208749999999908e-01 5.997639999999992977e-01 3.247047499999999864e-01 8.390795739120000540e-01 1.468328006047529444e+00 2.000000000000000000e+00
1.832119999999998472e-01 7.544208749999999908e-01 5.997639999999992977e-01 3.247047499999999864e-01 8.390795739120000540e-01 1.525735081665936521e+00 2.000000000000000000e+00
1.832119999999998472e-01 7.544208749999999908e-01 5.997639999999992977e-01 3.247047499999999864e-01 8.390795739120000540e-01 1.583142157284343599e+00 2.000000000000000000e+00
1.832119999999998472e-01 7.544208749999999908e-01 5.997639999999992977e-01 3.247047499999999864e-01 8.390795739120000540e-01 4.100000000000000311e-01 3.000000000000000000e+00
1.832119999999998472e-01 7.544208749999999908e-01 5.997639999999992977e-01 3.247047499999999864e-01 8.390795739120000540e-01 4.699999999999999734e-01 3.000000000000000000e+00
1.832119999999998472e-01 7.544208749999999908e-01 5.997639999999992977e-01 3.247047499999999864e-01 8.390795739120000540e-01 5.300000000000000266e-01 3.000000000000000000e+00
1.832119999999998472e-01 7.544208749999999908e-01 5.997639999999992977e-01 3.247047499999999864e-01 8.390795739120000540e-01 5.899999999999999689e-01 3.000000000000000000e+00
1.832119999999998472e-01 7.544208749999999908e-01 5.997639999999992977e-01 3.247047499999999864e-01 8.390795739120000540e-01 6.500000000000000222e-01 3.000000000000000000e+00
