-3.140069410697399199e-01
0.000000000000000000e+00
-3.957114673331233456e-01
-1.397088887149425140e+00
-3.263200110544078325e-01
-2.868023391274620582e-01
-2.475940187084913202e-01
-1.964220312102628874e-01
-1.454944914639119125e-01
-1.237515983331597125e-01
-8.605086241512156786e-02
-5.731318495063792567e-02
-3.807684133934979842e-02
-1.501713080958703289e-02
-2.079817433268683555e-02
-1.012247107974338124e-02
-2.324694764222662302e-01
-1.287275892708499292e-01
-8.876428932583022013e-02
-2.287244144311110713e-02
-4.978424762901175610e-02
-2.324538649127920464e-02
-6.800906773521077364e-02
-1.417646449180981205e-01
-2.422430417853248807e-01
-3.168766600822290891e-01
-4.379203528070049201e-01
-3.092061033314539437e-02
-4.153217270781125320e-02
-1.048621555318348386e-01
-2.055168783018754552e-01
-4.598948527451517942e-01
