-3.144412055708876164e-01
0.000000000000000000e+00
-3.949323587390556889e-01
-1.400400927747484703e+00
-2.971981129701531388e-01
-2.587398611509775237e-01
-2.071890668337960650e-01
-1.626232873231148734e-01
-1.487782805123303576e-01
-1.063744319592429821e-01
-7.795551037151000895e-02
-6.580404544756641994e-02
-3.847944213121203688e-02
-3.048364822330660792e-02
-6.286640271332265273e-03
0.000000000000000000e+00
-1.762613371788274430e-01
-1.185246323371406812e-01
-4.890525284520066268e-02
0.000000000000000000e+00
-2.991464185919765970e-02
-6.165113687100430562e-02
-1.010103847596349746e-01
-1.772832070194626519e-01
-2.979799243391932362e-01
-4.151094051404468077e-01
-5.798516198735712557e-01
-3.146520139742343958e-02
-4.196039044416594727e-02
-8.082964014425284005e-02
-1.915389602006492553e-01
-4.430361129690621458e-01
