4.689339999999996844e-01 5.057067499999999827e-01 5.465933333333328203e-01 4.760690000000000754e-01 5.842465851040001823e-01 1.666666666666666574e-01 0.000000000000000000e+00
4.689339999999996844e-01 5.057067499999999827e-01 5.465933333333328203e-01 4.760690000000000754e-01 5.842465851040001823e-01 3.333333333333333148e-01 0.000000000000000000e+00
4.689339999999996844e-01 5.057067499999999827e-01 5.465933333333328203e-01 4.760690000000000754e-01 5.842465851040001823e-01 5.000000000000000000e-01 0.000000000000000000e+00
4.689339999999996844e-01 5.057067499999999827e-01 5.465933333333328203e-01 4.760690000000000754e-01 5.842465851040001823e-01 6.666666666666666297e-01 0.000000000000000000e+00
4.689339999999996844e-01 5.057067499999999827e-01 5.465933333333328203e-01 4.760690000000000754e-01 5.842465851040001823e-01 4.866927143198248040e-01 1.000000000000000000e+00
4.689339999999996844e-01 5.057067499999999827e-01 5.465933333333328203e-01 4.760690000000000754e-01 5.842465851040001823e-01 5.231338909255065506e-01 1.000000000000000000e+00
4.689339999999996844e-01 5.057067499999999827e-01 5.465933333333328203e-01 4.760690000000000754e-01 5.842465851040001823e-01 5.595750675311883526e-01 1.000000000000000000e+00
4.689339999999996844e-01 5.057067499999999827e-01 5.465933333333328203e-01 4.760690000000000754e-01 5.842465851040001823e-01 5.960162441368701547e-01 1.000000000000000000e+00
4.689339999999996844e-01 5.057067499999999827e-01 5.465933333333328203e-01 4.760690000000000754e-01 5.842465851040001823e-01 6.324574207425519567e-01 1.000000000000000000e+00
4.689339999999996844e-01 5.057067499999999827e-01 5.465933333333328203e-01 4.760690000000000754e-01 5.842465851040001823e-01 6.688985973482336478e-01 1.000000000000000000e+00
4.689339999999996844e-01 5.057067499999999827e-01 5.465933333333328203e-01 4.760690000000000754e-01 5.842465851040001823e-01 7.053397739539154498e-01 1.000000000000000000e+00
4.689339999999996844e-01 5.057067499999999827e-01 5.465933333333328203e-01 4.760690000000000754e-01 5.842465851040001823e-01 7.417809505595972519e-01 1.000000000000000000e+00
4.689339999999996844e-01 5.057067499999999827e-01 5.465933333333328203e-01 4.760690000000000754e-01 5.842465851040001823e-01 7.782221271652790540e-01 1.000000000000000000e+00
4.689339999999996844e-01 5.057067499999999827e-01 5.465933333333328203e-01 4.760690000000000754e-01 5.842465851040001823e-01 8.146633037709608560e-01 1.000000000000000000e+00
4.689339999999996844e-01 5.057067499999999827e-01 5.465933333333328203e-01 4.760690000000000754e-01 5.842465851040001823e-01 8.511044803766426581e-01 1.000000000000000000e+00
4.689339999999996844e-01 5.057067499999999827e-01 5.465933333333328203e-01 4.760690000000000754e-01 5.842465851040001823e-01 8.875456569823243491e-01 1.000000000000000000e+00
4.689339999999996844e-01 5.057067499999999827e-01 5.465933333333328203e-01 4.760690000000000754e-01 5.842465851040001823e-01 1.005321719200880315e+00 2.000000000000000000e+00
4.689339999999996844e-01 5.057067499999999827e-01 5.465933333333328203e-01 4.760690000000000754e-01 5.842465851040001823e-01 1.064956562071130763e+00 2.000000000000000000e+00
4.689339999999996844e-01 5.057067499999999827e-01 5.465933333333328203e-01 4.760690000000000754e-01 5.842465851040001823e-01 1.124591404941381434e+00 2.000000000000000000e+00
4.689339999999996844e-01 5.057067499999999827e-01 5.465933333333328203e-01 4.760690000000000754e-01 5.842465851040001823e-01 1.184226247811631660e+00 2.000000000000000000e+00
4.689339999999996844e-01 5.057067499999999827e-01 5.465933333333328203e-01 4.760690000000000754e-01 5.842465851040001823e-01 1.243861090681882331e+00 2.000000000000000000e+00
4.689339999999996844e-01 5.057067499999999827e-01 5.465933333333328203e-01 4.760690000000000754e-01 5.842465851040001823e-01 1.303495933552132779e+00 2.000000000000000000e+00
4.689339999999996844e-01 5.057067499999999827e-01 5.465933333333328203e-01 4.760690000000000754e-01 5.842465851040001823e-01 1.363130776422383228e+00 2.000000000000000000e+00
4.689339999999996844e-01 5.057067499999999827e-01 5.465933333333328203e-01 4.760690000000000754e-01 5.842465851040001823e-01 1.422765619292633676e+00 2.000000000000000000e+00
4.689339999999996844e-01 5.057067499999999827e-01 5.465933333333328203e-01 4.760690000000000754e-01 5.842465851040001823e-01 1.482400462162884125e+00 2.000000000000000000e+00
4.689339999999996844e-01 5.057067499999999827e-01 5.465933333333328203e-01 4.760690000000000754e-01 5.842465851040001823e-01 1.542035305033134573e+00 2.000000000000000000e+00
4.689339999999996844e-01 5.057067499999999827e-01 5.465933333333328203e-01 4.760690000000000754e-01 5.842465851040001823e-01 1.601670147903385022e+00 2.000000000000000000e+00
4.689339999999996844e-01 5.057067499999999827e-01 5.465933333333328203e-01 4.760690000000000754e-01 5.842465851040001823e-01 4.100000000000000311e-01 3.000000000000000000e+00
4.689339999999996844e-01 5.057067499999999827e-01 5.465933333333328203e-01 4.760690000000000754e-01 5.842465851040001823e-01 4.699999999999999734e-01 3.000000000000000000e+00
4.689339999999996844e-01 5.057067499999999827e-01 5.465933333333328203e-01 4.760690000000000754e-01 5.842465851040001823e-01 5.300000000000000266e-01 3.000000000000000000e+00
4.689339999999996844e-01 5.057067499999999827e-01 5.465933333333328203e-01 4.760690000000000754e-01 5.842465851040001823e-01 5.899999999999999689e-01 3.000000000000000000e+00
4.689339999999996844e-01 5.057067499999999827e-01 5.465933333333328203e-01 4.760690000000000754e-01 5.842465851040001823e-01 6.500000000000000222e-01 3.000000000000000000e+00
