0.000000000000000000e+00
2.914805954090254891e-01
1.240195927061526898e-01
2.113710821635731707e-01
4.038389994787526804e-01
3.903123748998998943e-01
3.307189138830738395e-01
5.650981662507851278e-01
6.547602137424051172e-01
8.379429798619951741e-01
7.948810838735564932e-01
1.131923142267177163e+00
1.291404123183366615e+00
1.463004053095889434e+00
1.304944772538286335e+00
1.491839782785001400e+00
2.056276120654762618e+00
1.849831073368592760e+00
2.472455684006287679e+00
2.666295343613493962e+00
2.903224231350379103e+00
2.871601251915035569e+00
3.282886496667224208e+00
3.365401571042451412e+00
3.941837888282571090e+00
4.591490728442670033e+00
4.932528153429537099e+00
5.330827760242774715e+00
6.172567208018070239e+00
5.515514340249692005e+00
6.621977494487579108e+00
7.669885816457765237e+00
8.566932588994442099e+00
6.872424943888074012e+00
8.933005316486440250e+00
8.569340333421237688e+00
9.983922622772073652e+00
1.297830972960269591e+01
1.369954343160293142e+01
1.378800677615785730e+01
1.361435220410798763e+01
1.331220656953609627e+01
1.463644717605676249e+01
1.413217979857937578e+01
1.895342126726399101e+01
1.646432429859710211e+01
1.615425519600021786e+01
1.935658777353010152e+01
1.927093398059302842e+01
2.110906851183869648e+01
1.818437875923659419e+01
1.986865440170458541e+01
2.215410669287694390e+01
1.785783704007851114e+01
2.113899661134309937e+01
1.663785188160944628e+01
1.853796121096856098e+01
1.490163057353120735e+01
1.571595402568676469e+01
1.725786024495432613e+01
1.542350548624971296e+01
1.731419215556995184e+01
1.657622515032825561e+01
1.335840639763497428e+01
1.215138880951473865e+01
1.524433168221880486e+01
1.100071020434589997e+01
9.537024377885117588e+00
1.075867201087104519e+01
1.132160372639406631e+01
8.924542617832019076e+00
8.234775251183240385e+00
1.055767965082171855e+01
8.845682209417201847e+00
7.997909272702147909e+00
7.057520368373016773e+00
6.902908552514294804e+00
6.003559328379707516e+00
6.410136016497621547e+00
4.709427877938041185e+00
5.053787835314715871e+00
3.375253173374554549e+00
2.944431648786400402e+00
3.309403033403456540e+00
2.726998980106153159e+00
1.767766952966368876e+00
2.431031079475332479e+00
2.024990354915301882e+00
1.608009129132978554e+00
1.253802809206854496e+00
1.257691182037546040e+00
1.277433339748105912e+00
7.419818794114854121e-01
3.899994991983963821e-01
5.144399260360728032e-01
5.829611908180509783e-01
4.038389994787526804e-01
0.000000000000000000e+00
2.683681880830885436e-01
0.000000000000000000e+00
