1.334769326969819370e-01
1.402519953990347401e-01
1.473709487920802363e-01
1.548512481842907740e-01
1.627112348856740720e-01
1.709701811800236060e-01
1.796483375795688842e-01
1.887669824781915140e-01
1.983484743249544491e-01
2.084163064458708914e-01
2.189951646483335734e-01
2.301109877494467160e-01
2.417910311766738318e-01
2.540639337967458555e-01
2.669597881366925218e-01
2.805102141691729334e-01
2.947484368430250967e-01
3.097093675491343623e-01
3.254296897213710404e-01
3.419479487824869657e-01
3.593046466555125384e-01
3.775423410723927065e-01
3.967057499233596629e-01
4.168418609029043709e-01
4.380000467211900284e-01
4.602321861634025568e-01
4.835927912938679518e-01
5.081391411168345584e-01
5.339314220216508922e-01
5.610328753567012106e-01
5.895099524939447777e-01
6.194324777642677970e-01
6.508738196631571604e-01
6.839110707464839400e-01
7.186252366574921169e-01
7.551014347484761302e-01
7.934291027841579025e-01
8.337022182384937752e-01
8.760195287226147931e-01
9.204847941088988295e-01
9.672070409448495498e-01
1.016300829780592663e+00
1.067886536065462133e+00
1.122090645302421530e+00
1.179046063184021609e+00
1.238892441470334171e+00
1.301776520407897486e+00
1.367852488529264443e+00
1.437282360715369078e+00
1.510236375447693291e+00
1.586893412224284150e+00
1.667441430163095983e+00
1.752077928868097212e+00
1.841010432688156451e+00
1.934456999556093182e+00
2.032646755655528992e+00
2.135820457226525804e+00
2.244231080887523877e+00
2.358144443921019295e+00
2.477839856043893008e+00
2.603610804260493961e+00
2.735765672477703969e+00
2.874628497646440017e+00
3.020539764283621587e+00
3.173857239322722457e+00
3.334956849339921092e+00
3.504233602306761064e+00
3.682102556129413617e+00
3.868999836349351629e+00
4.065383705500785538e+00
4.271735686746863436e+00
4.488561744549741661e+00
4.716393525269465314e+00
4.955789660733544544e+00
5.207337137973512498e+00
5.471652738486981526e+00
5.749384550554211160e+00
6.041213558317283017e+00
6.347855311518258326e+00
6.670061679990400449e+00
7.008622697204398122e+00
7.364368497389872203e+00
7.738171350981870589e+00
8.130947803383193673e+00
8.543660922286662185e+00
8.977322659067635158e+00
9.432996330036838017e+00
9.911799223637334677e+00
1.041490533997843748e+01
1.094354826942368319e+01
1.149902421729106550e+01
1.208269518208191329e+01
1.269599229503128868e+01
1.334041932916826667e+01
1.401755638649019886e+01
1.472906377229169372e+01
1.547668606614791820e+01
1.626225639953414515e+01
1.708770095056999949e+01
1.795504366690930453e+01
