0.000000000000000000e+00
4.000000000000000000e+00
2.000000000000000000e+00
2.000000000000000000e+00
4.000000000000000000e+00
5.000000000000000000e+00
1.300000000000000000e+01
1.400000000000000000e+01
1.600000000000000000e+01
3.600000000000000000e+01
3.400000000000000000e+01
5.400000000000000000e+01
8.000000000000000000e+01
6.000000000000000000e+01
1.040000000000000000e+02
1.360000000000000000e+02
1.370000000000000000e+02
1.760000000000000000e+02
2.330000000000000000e+02
2.940000000000000000e+02
3.400000000000000000e+02
3.850000000000000000e+02
5.130000000000000000e+02
5.590000000000000000e+02
7.360000000000000000e+02
8.140000000000000000e+02
1.003000000000000000e+03
1.160000000000000000e+03
1.356000000000000000e+03
1.600000000000000000e+03
1.830000000000000000e+03
2.133000000000000000e+03
2.306000000000000000e+03
2.561000000000000000e+03
2.960000000000000000e+03
3.380000000000000000e+03
3.769000000000000000e+03
4.122000000000000000e+03
4.691000000000000000e+03
4.988000000000000000e+03
5.610000000000000000e+03
6.064000000000000000e+03
6.339000000000000000e+03
6.899000000000000000e+03
7.366000000000000000e+03
7.602000000000000000e+03
7.819000000000000000e+03
8.195000000000000000e+03
8.305000000000000000e+03
8.678000000000000000e+03
8.724000000000000000e+03
8.569000000000000000e+03
8.726000000000000000e+03
8.427000000000000000e+03
8.333000000000000000e+03
8.296000000000000000e+03
8.010000000000000000e+03
7.405000000000000000e+03
7.178000000000000000e+03
6.844000000000000000e+03
6.500000000000000000e+03
5.948000000000000000e+03
5.553000000000000000e+03
5.066000000000000000e+03
4.683000000000000000e+03
4.274000000000000000e+03
3.846000000000000000e+03
3.381000000000000000e+03
3.048000000000000000e+03
2.802000000000000000e+03
2.383000000000000000e+03
2.126000000000000000e+03
1.790000000000000000e+03
1.544000000000000000e+03
1.348000000000000000e+03
1.138000000000000000e+03
9.080000000000000000e+02
7.670000000000000000e+02
6.400000000000000000e+02
5.260000000000000000e+02
3.810000000000000000e+02
3.340000000000000000e+02
2.570000000000000000e+02
1.950000000000000000e+02
1.440000000000000000e+02
1.300000000000000000e+02
8.200000000000000000e+01
6.100000000000000000e+01
3.100000000000000000e+01
3.000000000000000000e+01
2.100000000000000000e+01
1.400000000000000000e+01
1.300000000000000000e+01
6.000000000000000000e+00
4.000000000000000000e+00
1.000000000000000000e+00
2.000000000000000000e+00
1.000000000000000000e+00
2.000000000000000000e+00
0.000000000000000000e+00
