6.640000000000000000e+02
2.089000000000000000e+03
3.201000000000000000e+03
4.249000000000000000e+03
5.101000000000000000e+03
5.919000000000000000e+03
6.314000000000000000e+03
6.763000000000000000e+03
7.173000000000000000e+03
7.422000000000000000e+03
7.743000000000000000e+03
7.982000000000000000e+03
8.368000000000000000e+03
8.583000000000000000e+03
8.628000000000000000e+03
9.104000000000000000e+03
9.342000000000000000e+03
9.386000000000000000e+03
9.544000000000000000e+03
9.541000000000000000e+03
9.697000000000000000e+03
9.467000000000000000e+03
9.438000000000000000e+03
9.264000000000000000e+03
8.901000000000000000e+03
8.636000000000000000e+03
7.892000000000000000e+03
7.406000000000000000e+03
6.667000000000000000e+03
5.851000000000000000e+03
4.841000000000000000e+03
4.093000000000000000e+03
3.338000000000000000e+03
2.582000000000000000e+03
1.831000000000000000e+03
1.242000000000000000e+03
1.011000000000000000e+03
6.930000000000000000e+02
4.160000000000000000e+02
2.830000000000000000e+02
1.540000000000000000e+02
8.100000000000000000e+01
5.300000000000000000e+01
1.400000000000000000e+01
2.000000000000000000e+00
2.000000000000000000e+00
0.000000000000000000e+00
0.000000000000000000e+00
0.000000000000000000e+00
0.000000000000000000e+00
