4.326065620168052739e+00
6.777648813379165027e+00
7.679111276703834754e+00
1.045656940635885590e+01
1.234145548294446471e+01
1.550824346063650694e+01
1.573845528028004992e+01
1.565040902770195963e+01
1.600680397323275628e+01
1.781660451613536367e+01
1.707334247994516119e+01
1.896831239198679953e+01
1.748615523778740766e+01
1.714345920050486782e+01
2.115922131091725689e+01
1.840292706634939179e+01
2.039291773508636396e+01
1.813639189413098407e+01
2.131806653844339650e+01
1.977046012995145219e+01
2.160674242821844260e+01
2.192993103044330283e+01
2.482813974983828587e+01
1.951566252998793161e+01
2.360430227601527875e+01
2.005392510481115309e+01
1.903137186947843063e+01
2.132917236439332598e+01
1.788764303751335660e+01
1.784963234915498020e+01
1.432842318392013503e+01
1.262298870117532879e+01
1.159647668407844456e+01
8.008768997753337615e+00
7.449553651687797817e+00
6.637885464325217200e+00
5.501043047402465191e+00
5.847592319707317188e+00
4.137174269655558234e+00
4.031583077325208819e+00
2.536452985962878159e+00
1.600476003412734771e+00
1.073472752332354174e+00
1.085684547877513006e+00
4.133986423538422716e-01
3.476343040826092023e-01
0.000000000000000000e+00
0.000000000000000000e+00
0.000000000000000000e+00
0.000000000000000000e+00
