3.234186286765188711e+00
6.347193492747404520e+00
8.362805954791728169e+00
1.075799121583578888e+01
1.145605564483256167e+01
1.233385679491617815e+01
1.257756209920567159e+01
1.352135897154941979e+01
1.523872534039510818e+01
1.726966157565052029e+01
1.915632009571188377e+01
1.834840097554484473e+01
1.920168831078077432e+01
1.981771791502177393e+01
2.057066113690503073e+01
1.983680980998456889e+01
2.210945781786609032e+01
2.348756631676374695e+01
2.102058491656154970e+01
2.027535064431685896e+01
2.337926097527464719e+01
2.124383527307098518e+01
1.782937112209443598e+01
2.205388907738269921e+01
1.932592070090064240e+01
1.908113842908750613e+01
2.243684169473000978e+01
1.773808468909481917e+01
1.608515395432617723e+01
1.763760077044210561e+01
1.341727220262654541e+01
1.193806240494557791e+01
1.092247852409767894e+01
1.050873892291553702e+01
8.510548945830404222e+00
6.303443379415730519e+00
5.024549109124120783e+00
5.047213610931778227e+00
3.451533852868895025e+00
3.550968177835447825e+00
1.838113736789701580e+00
2.053424635669641507e+00
1.189040941000350848e+00
6.371858907532400584e-01
4.831132760543845883e-01
2.420614591379635638e-01
0.000000000000000000e+00
0.000000000000000000e+00
0.000000000000000000e+00
0.000000000000000000e+00
