0.000000000000000000e+00
9.843750000000000000e-01
0.000000000000000000e+00
0.000000000000000000e+00
0.000000000000000000e+00
0.000000000000000000e+00
0.000000000000000000e+00
0.000000000000000000e+00
0.000000000000000000e+00
0.000000000000000000e+00
1.968750000000000000e+00
4.921875000000000000e+00
9.843750000000000000e+00
4.331250000000000000e+01
8.957812500000000000e+01
1.447031250000000000e+02
2.510156250000000000e+02
3.986718750000000000e+02
5.453125000000000000e+02
6.584843750000000000e+02
9.656406250000000000e+02
1.170343750000000000e+03
1.353468750000000000e+03
1.617234375000000000e+03
1.872203125000000000e+03
2.195953125000000000e+03
2.657609375000000000e+03
2.956906250000000000e+03
3.189218750000000000e+03
3.489390625000000000e+03
4.055296875000000000e+03
4.565234375000000000e+03
4.843640625000000000e+03
5.466812500000000000e+03
5.952062500000000000e+03
6.446156250000000000e+03
7.023796875000000000e+03
7.692218750000000000e+03
8.203828125000000000e+03
8.957859375000000000e+03
9.699046875000000000e+03
1.059193750000000000e+04
1.119993750000000000e+04
1.213687500000000000e+04
1.306281250000000000e+04
1.373098437500000000e+04
1.466120312500000000e+04
1.571603125000000000e+04
1.681545312500000000e+04
1.789962500000000000e+04
1.874845312500000000e+04
2.033043750000000000e+04
2.132154687500000000e+04
2.274110937500000000e+04
2.320435937500000000e+04
2.500421875000000000e+04
2.580960937500000000e+04
2.672615625000000000e+04
2.809734375000000000e+04
2.928514062500000000e+04
2.951060937500000000e+04
3.064312500000000000e+04
3.095039062500000000e+04
3.145776562500000000e+04
3.191884375000000000e+04
3.197200000000000000e+04
3.201598437500000000e+04
3.164095312500000000e+04
3.098490625000000000e+04
3.003420312500000000e+04
2.906750000000000000e+04
2.735723437500000000e+04
2.486456250000000000e+04
2.277953125000000000e+04
2.034026562500000000e+04
1.774526562500000000e+04
1.527753125000000000e+04
1.280148437500000000e+04
1.060210937500000000e+04
8.733078125000000000e+03
6.882906250000000000e+03
5.654984375000000000e+03
4.296234375000000000e+03
3.198843750000000000e+03
2.480687500000000000e+03
1.767375000000000000e+03
1.228453125000000000e+03
8.704218750000000000e+02
5.940000000000000000e+02
3.578906250000000000e+02
2.290468750000000000e+02
1.357500000000000000e+02
9.934375000000000000e+01
4.131250000000000000e+01
2.162500000000000000e+01
1.179687500000000000e+01
5.906250000000000000e+00
2.953125000000000000e+00
9.687500000000000000e-01
0.000000000000000000e+00
