3.264391214300149002e+00
8.048422181357970828e+00
9.121561316977208733e+00
1.235824900054109676e+01
1.155598422828514416e+01
1.345939350184472438e+01
1.336052626618334216e+01
1.491142467832970020e+01
1.708020487106346152e+01
1.691880165996915508e+01
1.887269750029125959e+01
1.852592672277152275e+01
1.801387675819325196e+01
2.561664783855168892e+01
2.112453771683536630e+01
2.307003074032141399e+01
1.842143765384165022e+01
2.552687003433832658e+01
2.375887478100288774e+01
2.126901722576762666e+01
2.684299966209765742e+01
2.574696584065780769e+01
2.616726172027749797e+01
2.230556177139459706e+01
2.832253116309301433e+01
2.309201617307375898e+01
2.687950089490827921e+01
2.159761068056776878e+01
2.121043536468252100e+01
1.796437446726158527e+01
1.993235018718000973e+01
1.541509000946799546e+01
1.181455628597092122e+01
9.145511514364573102e+00
7.616141755139212322e+00
7.831586061225082496e+00
7.001098546612166906e+00
5.240854198923587504e+00
3.764425379457002840e+00
2.988911800304585586e+00
3.261997087674972207e+00
1.775484088917723913e+00
1.037857619088475847e+00
6.427176187875979219e-01
6.627284393890154890e-01
2.420614591379635638e-01
0.000000000000000000e+00
0.000000000000000000e+00
0.000000000000000000e+00
0.000000000000000000e+00
