0.000000000000000000e+00
9.843750000000000000e-01
0.000000000000000000e+00
9.843750000000000000e-01
0.000000000000000000e+00
2.953125000000000000e+00
7.875000000000000000e+00
1.279687500000000000e+01
3.740625000000000000e+01
7.776562500000000000e+01
1.368281250000000000e+02
2.283750000000000000e+02
3.376250000000000000e+02
5.079218750000000000e+02
6.122656250000000000e+02
8.277968750000000000e+02
1.099468750000000000e+03
1.293421875000000000e+03
1.497187500000000000e+03
1.758984375000000000e+03
2.055281250000000000e+03
2.366359375000000000e+03
2.772781250000000000e+03
2.953984375000000000e+03
3.446078125000000000e+03
3.704859375000000000e+03
4.202843750000000000e+03
4.603546875000000000e+03
4.970750000000000000e+03
5.599718750000000000e+03
6.046453125000000000e+03
6.608640625000000000e+03
7.067921875000000000e+03
7.659671875000000000e+03
8.397968750000000000e+03
8.950656250000000000e+03
9.610250000000000000e+03
1.035054687500000000e+04
1.134748437500000000e+04
1.191342187500000000e+04
1.246550000000000000e+04
1.354154687500000000e+04
1.447409375000000000e+04
1.549771875000000000e+04
1.627850000000000000e+04
1.748956250000000000e+04
1.850276562500000000e+04
1.950332812500000000e+04
2.059509375000000000e+04
2.177581250000000000e+04
2.247934375000000000e+04
2.374609375000000000e+04
2.482406250000000000e+04
2.584560937500000000e+04
2.700843750000000000e+04
2.757078125000000000e+04
2.873779687500000000e+04
2.921846875000000000e+04
3.022921875000000000e+04
3.063418750000000000e+04
3.059471875000000000e+04
3.128976562500000000e+04
3.071764062500000000e+04
3.056359375000000000e+04
3.026926562500000000e+04
2.981729687500000000e+04
2.877442187500000000e+04
2.733201562500000000e+04
2.546257812500000000e+04
2.317301562500000000e+04
2.154264062500000000e+04
1.870557812500000000e+04
1.665953125000000000e+04
1.408623437500000000e+04
1.183214062500000000e+04
1.014381250000000000e+04
8.174578125000000000e+03
6.507687500000000000e+03
5.176843750000000000e+03
4.075875000000000000e+03
3.133859375000000000e+03
2.411703125000000000e+03
1.638281250000000000e+03
1.255828125000000000e+03
8.296718750000000000e+02
6.156406250000000000e+02
4.267500000000000000e+02
2.379687500000000000e+02
1.494687500000000000e+02
8.257812500000000000e+01
5.604687500000000000e+01
3.340625000000000000e+01
1.375000000000000000e+01
6.890625000000000000e+00
2.937500000000000000e+00
2.953125000000000000e+00
9.843750000000000000e-01
0.000000000000000000e+00
1.968750000000000000e+00
0.000000000000000000e+00
