0.000000000000000000e+00
9.843750000000000000e-01
0.000000000000000000e+00
1.968750000000000000e+00
6.890625000000000000e+00
1.476562500000000000e+01
2.756250000000000000e+01
6.103125000000000000e+01
1.269843750000000000e+02
2.145781250000000000e+02
3.051562500000000000e+02
4.655937500000000000e+02
5.650312500000000000e+02
7.195781250000000000e+02
9.203750000000000000e+02
1.114281250000000000e+03
1.329828125000000000e+03
1.548343750000000000e+03
1.814125000000000000e+03
2.155656250000000000e+03
2.338687500000000000e+03
2.589750000000000000e+03
3.079968750000000000e+03
3.247218750000000000e+03
3.555390625000000000e+03
4.053328125000000000e+03
4.410578125000000000e+03
4.833968750000000000e+03
5.283843750000000000e+03
5.643890625000000000e+03
6.128156250000000000e+03
6.621125000000000000e+03
7.218859375000000000e+03
7.803203125000000000e+03
8.265812500000000000e+03
8.993109375000000000e+03
9.785406250000000000e+03
1.044107812500000000e+04
1.105007812500000000e+04
1.194696875000000000e+04
1.233842187500000000e+04
1.346523437500000000e+04
1.424471875000000000e+04
1.506045312500000000e+04
1.589028125000000000e+04
1.691845312500000000e+04
1.799728125000000000e+04
1.897040625000000000e+04
1.985820312500000000e+04
2.104676562500000000e+04
2.186351562500000000e+04
2.296264062500000000e+04
2.412339062500000000e+04
2.484714062500000000e+04
2.580068750000000000e+04
2.685760937500000000e+04
2.753548437500000000e+04
2.825856250000000000e+04
2.893673437500000000e+04
2.952814062500000000e+04
2.975492187500000000e+04
2.977120312500000000e+04
3.004504687500000000e+04
2.972840625000000000e+04
2.954706250000000000e+04
2.892050000000000000e+04
2.808407812500000000e+04
2.699068750000000000e+04
2.596059375000000000e+04
2.394810937500000000e+04
2.229687500000000000e+04
1.980046875000000000e+04
1.754109375000000000e+04
1.562370312500000000e+04
1.328112500000000000e+04
1.113198437500000000e+04
9.332328125000000000e+03
7.762109375000000000e+03
6.345640625000000000e+03
5.072546875000000000e+03
3.988375000000000000e+03
3.013671875000000000e+03
2.301468750000000000e+03
1.817265625000000000e+03
1.265750000000000000e+03
9.370625000000000000e+02
6.116406250000000000e+02
4.464687500000000000e+02
2.507812500000000000e+02
1.651562500000000000e+02
9.245312500000000000e+01
6.687500000000000000e+01
4.326562500000000000e+01
1.279687500000000000e+01
5.906250000000000000e+00
2.953125000000000000e+00
3.921875000000000000e+00
9.843750000000000000e-01
9.843750000000000000e-01
0.000000000000000000e+00
