7.174227652894555884e-01
7.521610919793733085e-01
7.885814831361588340e-01
8.267653860009517297e-01
8.667981915716381769e-01
9.087694255634903850e-01
9.527729486163117878e-01
9.989071661958107695e-01
1.047275248658610325e+00
1.097985361973022878e+00
1.151150909611558415e+00
1.206890786156106010e+00
1.265329643182934616e+00
1.326598168022108393e+00
1.390833376014713796e+00
1.458178916921471613e+00
1.528785396167960275e+00
1.602810711644854669e+00
1.680420406816367507e+00
1.761788040926555166e+00
1.847095577131381283e+00
1.936533789424524254e+00
2.030302689266936689e+00
2.128611972874234759e+00
2.231681490162191750e+00
2.339741736399036487e+00
2.453034367664050919e+00
2.571812741265184776e+00
2.696342482324233458e+00
2.826902077796635382e+00
2.963783499254296405e+00
3.107292855824189015e+00
3.257751078742885387e+00
3.415494639057900628e+00
3.580876300080860997e+00
3.754265906275200404e+00
3.936051210342585094e+00
4.126638740357694068e+00
4.326454708890527634e+00
4.535945966149326658e+00
4.755580999275625054e+00
4.985850980026164336e+00
5.227270863184618754e+00
5.480380538159499437e+00
5.745746036343601482e+00
6.023960796934970219e+00
6.315646994050215568e+00
6.621456928097951611e+00
6.942074484523945266e+00
7.278216663190156588e+00
7.630635181807827294e+00
8.000118157010421172e+00
8.387491866825781628e+00
8.793622598488951780e+00
9.219418585727943594e+00
9.665832039854812763e+00
1.013386127920419000e+01
1.062455296168135455e+01
1.113900442541251934e+01
1.167836614273173268e+01
1.224384429299227683e+01
1.283670345995618511e+01
1.345826945979400868e+01
1.410993230601918924e+01
1.479314931798752220e+01
1.550944837991323055e+01
1.626043135768988890e+01
1.704777768115721415e+01
1.787324809982477092e+01
1.873868862045162587e+01
1.964603463528746374e+01
2.059731525020731624e+01
2.159465782241889187e+01
2.264029271789018694e+01
2.373655829913657556e+01
2.488590615452139687e+01
2.609090658076463853e+01
2.735425433092007808e+01
2.867877464067524684e+01
3.006742954645085675e+01
3.152332450942889963e+01
3.304971536032279289e+01
3.465001558042030894e+01
3.632780393518172701e+01
3.808683247746454725e+01
3.993103493827232597e+01
4.186453552379186505e+01
4.389165813839190378e+01
4.601693605420834388e+01
4.824512204894073619e+01
5.058119903453076915e+01
5.303039120049214716e+01
5.559817569681151639e+01
5.829029488254716540e+01
6.111276916751717891e+01
6.407191047579473775e+01
6.717433636111955764e+01
7.042698480579147713e+01
7.383712973614139230e+01
7.741239728927659769e+01
