7.343700937321975264e-01
7.697982338446865969e-01
8.069355300387519581e-01
8.458644369536131302e-01
8.866713870790801089e-01
9.294469826585866068e-01
9.742861968501801417e-01
1.021288584592102033e+00
1.070558503641133141e+00
1.122205346274468551e+00
1.176343782169564589e+00
1.233094013001209355e+00
1.292582039321095611e+00
1.354939940312437141e+00
1.420306167040757517e+00
1.488825849851945105e+00
1.560651120600082820e+00
1.635941450420479670e+00
1.714864003797852199e+00
1.797594009715780539e+00
1.884315150711489251e+00
1.975219970699756855e+00
2.070510302471432418e+00
2.170397715815718609e+00
2.275103987261170690e+00
2.384861592478363601e+00
2.499914222437487066e+00
2.620517324466880460e+00
2.746938669413797385e+00
2.879458946166645994e+00
3.018372384858709179e+00
3.163987410137010237e+00
3.316627325946766902e+00
3.476631033351825106e+00
3.644353782984836698e+00
3.820167963797801658e+00
4.004463929864232163e+00
4.197650867068641212e+00
4.400157701607646743e+00
4.612434052319787980e+00
4.834951228958507485e+00
5.068203278624705987e+00
5.312708082682225275e+00
5.569008506591722529e+00
5.837673605215855765e+00
6.119299886271885036e+00
6.414512634736881935e+00
6.723967301146082320e+00
7.048350956866776151e+00
7.388383819578821843e+00
7.744820852348758500e+00
8.118453439847888475e+00
8.510111145435962143e+00
8.920663553011680236e+00
9.351022197719403906e+00
9.802142589798728878e+00
1.027502633607043592e+01
1.077072336376906847e+01
1.129033425165963678e+01
1.183501267361414477e+01
1.240596796007327107e+01
1.300446778308050710e+01
1.363184097084997148e+01
1.428948045811721101e+01
1.497884637882349779e+01
1.570146930800003027e+01
1.645895366005022353e+01
1.725298125097479129e+01
1.808531503244898531e+01
1.895780300604254265e+01
1.987238232627281675e+01
2.083108360160127859e+01
2.183603540292237710e+01
2.288946898955493836e+01
2.399372326322930959e+01
2.515124996106889910e+01
2.636461909909635182e+01
2.763652467835026982e+01
2.896979066628128408e+01
3.036737726670834192e+01
3.183238749225560937e+01
3.336807405386269210e+01
3.497784658266514413e+01
3.666527920027892407e+01
3.843411845429776008e+01
4.028829163662159374e+01
4.223191550308524000e+01
4.426930541374753858e+01
4.640498491413411841e+01
4.864369577870726857e+01
5.099040853886197766e+01
5.345033351882258899e+01
5.602893240394366359e+01
5.873193036709872672e+01
6.156532878008108156e+01
6.453541853823999475e+01
6.764879402793502550e+01
7.091236776782183426e+01
7.433338575647498203e+01
7.791944356042530728e+01
