0.000000000000000000e+00
2.113710821635731707e-01
1.739926363384381724e-01
2.683681880830885436e-01
3.750000000000000000e-01
3.121091305537215255e-01
7.545435292281023054e-01
4.394487847007885195e-01
5.829611908180509783e-01
8.094896154367886565e-01
7.473912964438373940e-01
9.180269263480238529e-01
1.179247641507075395e+00
1.328768226591831247e+00
1.628601777599422817e+00
1.358476714697384846e+00
1.778506659391524414e+00
2.053008463207105283e+00
2.012109337082605087e+00
2.420564161383663926e+00
2.641133456965020443e+00
2.781030539094276222e+00
3.251051512587888936e+00
2.905367809654226807e+00
4.709090900521564649e+00
4.222076235026435143e+00
4.734529700442800859e+00
5.236496771458948984e+00
5.364451859230353392e+00
6.213938936727251061e+00
7.851154373721102253e+00
7.158910531638176700e+00
8.378366277764120795e+00
7.900751546530241143e+00
8.935314418082890953e+00
1.070355838538637627e+01
1.207771061708302440e+01
1.369341160866695795e+01
1.447768184083263421e+01
1.286793457530675333e+01
1.579902309826069562e+01
1.267701806851181345e+01
1.588477030788846456e+01
1.630111402203466042e+01
1.786788948391429344e+01
1.969914710042988304e+01
1.841083214399542101e+01
1.978073162827907083e+01
1.820732918188442184e+01
2.363919464443533158e+01
2.216125207992544688e+01
2.143316624380016933e+01
2.195391457654818623e+01
2.108760905980986422e+01
1.817922250425949926e+01
1.518279730433015473e+01
2.080179318254498355e+01
2.052437575177379259e+01
1.695092151578712958e+01
1.856144778162522613e+01
1.891923624251253955e+01
1.863222778170595006e+01
1.654205695908159868e+01
1.367465150378611938e+01
1.285602363680154347e+01
1.500260394064977021e+01
9.900284086833064379e+00
1.152337129218268252e+01
9.944364276281064008e+00
1.155945905957540987e+01
8.932240038723488595e+00
9.857963448875990409e+00
8.133589210028988603e+00
8.616617303211278056e+00
5.582390700900466740e+00
6.981490595675110100e+00
7.298179754868675317e+00
6.736803506439459355e+00
5.002514016409649322e+00
5.127452728633877577e+00
5.012094746710201498e+00
3.244549215126039776e+00
3.363406011768427462e+00
3.059309562630104118e+00
2.959648878562286534e+00
2.363252195069328820e+00
1.903366158776340189e+00
1.977843581877748003e+00
1.311011060212689427e+00
9.791528146183311465e-01
1.192321625810334851e+00
9.921567416492215186e-01
5.535309244974484510e-01
4.918773824592873045e-01
5.863019699779287164e-01
4.281934251888975251e-01
2.113710821635731707e-01
2.683681880830885436e-01
4.133986423538422716e-01
0.000000000000000000e+00
