4.943331208557646406e+00
6.059096177184762233e+00
7.176350047203661653e+00
1.133387784958771327e+01
1.124651638772535556e+01
1.405124549639639575e+01
1.617856896483740314e+01
1.399215042220101424e+01
1.712884879195037868e+01
1.702203735924037531e+01
1.632814742821426179e+01
2.131256873156072729e+01
1.857117195371296603e+01
1.949676956414831253e+01
1.895192700253393880e+01
2.141762357520962112e+01
2.253737672421914695e+01
1.949777130693403038e+01
2.062045404446759633e+01
2.463719162034301391e+01
2.219154892633680021e+01
1.848096043060262517e+01
2.896249173904715946e+01
1.989442348844268338e+01
2.328638261375894913e+01
1.862497378353859645e+01
2.013060383936607067e+01
1.907698604298841971e+01
1.797347763894066119e+01
1.678863896918091569e+01
1.765383694793783320e+01
1.382366630094925242e+01
1.243969829819035411e+01
9.031506808632489225e+00
8.503445992654977914e+00
6.847601655871930149e+00
6.014305861859703839e+00
4.730609063257605662e+00
4.200510339158207707e+00
2.861210135152607137e+00
2.714211369693782849e+00
1.740768059650681820e+00
1.003412147375145169e+00
8.190839013800722546e-01
4.798172666495027494e-01
2.113710821635731707e-01
0.000000000000000000e+00
0.000000000000000000e+00
0.000000000000000000e+00
0.000000000000000000e+00
