0.000000000000000000e+00
2.953125000000000000e+00
9.843750000000000000e-01
3.921875000000000000e+00
2.953125000000000000e+00
3.921875000000000000e+00
4.890625000000000000e+00
1.273437500000000000e+01
9.781250000000000000e+00
1.857812500000000000e+01
2.837500000000000000e+01
3.425000000000000000e+01
5.468750000000000000e+01
6.851562500000000000e+01
9.979687500000000000e+01
1.095625000000000000e+02
1.058906250000000000e+02
1.477031250000000000e+02
1.634062500000000000e+02
2.212500000000000000e+02
2.965781250000000000e+02
3.149843750000000000e+02
4.209218750000000000e+02
5.459375000000000000e+02
6.032968750000000000e+02
7.251093750000000000e+02
8.466093750000000000e+02
9.761875000000000000e+02
1.133031250000000000e+03
1.384062500000000000e+03
1.562453125000000000e+03
1.822421875000000000e+03
2.076187500000000000e+03
2.416234375000000000e+03
2.798937500000000000e+03
3.109171875000000000e+03
3.335609375000000000e+03
3.788078125000000000e+03
4.248593750000000000e+03
4.488218750000000000e+03
4.976546875000000000e+03
5.485140625000000000e+03
5.922937500000000000e+03
6.435921875000000000e+03
6.804453125000000000e+03
7.001125000000000000e+03
7.445546875000000000e+03
7.617500000000000000e+03
7.841234375000000000e+03
8.044218750000000000e+03
8.100687500000000000e+03
8.026031250000000000e+03
7.975484375000000000e+03
7.926500000000000000e+03
7.863734375000000000e+03
7.523421875000000000e+03
7.479234375000000000e+03
7.020000000000000000e+03
6.661968750000000000e+03
6.228328125000000000e+03
5.906359375000000000e+03
5.464906250000000000e+03
5.160203125000000000e+03
4.687703125000000000e+03
4.324171875000000000e+03
4.134093750000000000e+03
3.608734375000000000e+03
3.216281250000000000e+03
2.803921875000000000e+03
2.532890625000000000e+03
2.277906250000000000e+03
1.854296875000000000e+03
1.656593750000000000e+03
1.494109375000000000e+03
1.153984375000000000e+03
1.051656250000000000e+03
8.945937500000000000e+02
7.315468750000000000e+02
5.571875000000000000e+02
4.903125000000000000e+02
3.953750000000000000e+02
2.873750000000000000e+02
2.165000000000000000e+02
1.740937500000000000e+02
1.488906250000000000e+02
9.698437500000000000e+01
7.976562500000000000e+01
4.603125000000000000e+01
3.465625000000000000e+01
2.579687500000000000e+01
1.910937500000000000e+01
1.054687500000000000e+01
1.153125000000000000e+01
5.734375000000000000e+00
1.906250000000000000e+00
1.921875000000000000e+00
2.890625000000000000e+00
0.000000000000000000e+00
9.218750000000000000e-01
0.000000000000000000e+00
