0.000000000000000000e+00
1.968750000000000000e+00
9.843750000000000000e-01
4.890625000000000000e+00
2.921875000000000000e+00
5.859375000000000000e+00
5.875000000000000000e+00
1.373437500000000000e+01
1.954687500000000000e+01
3.418750000000000000e+01
4.010937500000000000e+01
4.404687500000000000e+01
4.796875000000000000e+01
8.520312500000000000e+01
9.784375000000000000e+01
1.133125000000000000e+02
1.272343750000000000e+02
1.663437500000000000e+02
2.183906250000000000e+02
2.682031250000000000e+02
3.240468750000000000e+02
3.327656250000000000e+02
4.461093750000000000e+02
5.520625000000000000e+02
6.378593750000000000e+02
7.581875000000000000e+02
8.410468750000000000e+02
1.002609375000000000e+03
1.191187500000000000e+03
1.417765625000000000e+03
1.555906250000000000e+03
1.794593750000000000e+03
2.146640625000000000e+03
2.387218750000000000e+03
2.796468750000000000e+03
3.008890625000000000e+03
3.367390625000000000e+03
3.829046875000000000e+03
4.092968750000000000e+03
4.517828125000000000e+03
5.015937500000000000e+03
5.490531250000000000e+03
5.785468750000000000e+03
6.182968750000000000e+03
6.618375000000000000e+03
6.971578125000000000e+03
7.348234375000000000e+03
7.564125000000000000e+03
7.899484375000000000e+03
8.075234375000000000e+03
8.119640625000000000e+03
8.225796875000000000e+03
8.018093750000000000e+03
8.221984375000000000e+03
7.914281250000000000e+03
7.755203125000000000e+03
7.690578125000000000e+03
7.308968750000000000e+03
6.825171875000000000e+03
6.707546875000000000e+03
6.352953125000000000e+03
5.785171875000000000e+03
5.438515625000000000e+03
5.107187500000000000e+03
4.718859375000000000e+03
4.389921875000000000e+03
3.883875000000000000e+03
3.592859375000000000e+03
3.283859375000000000e+03
2.953093750000000000e+03
2.560796875000000000e+03
2.199187500000000000e+03
1.914328125000000000e+03
1.631296875000000000e+03
1.441265625000000000e+03
1.217421875000000000e+03
1.045625000000000000e+03
8.400937500000000000e+02
6.862343750000000000e+02
5.889687500000000000e+02
4.814375000000000000e+02
4.105156250000000000e+02
3.091250000000000000e+02
2.367031250000000000e+02
2.026250000000000000e+02
1.355468750000000000e+02
1.083593750000000000e+02
8.560937500000000000e+01
5.167187500000000000e+01
4.223437500000000000e+01
3.371875000000000000e+01
3.164062500000000000e+01
1.725000000000000000e+01
8.656250000000000000e+00
2.890625000000000000e+00
4.812500000000000000e+00
4.765625000000000000e+00
0.000000000000000000e+00
9.687500000000000000e-01
0.000000000000000000e+00
