3.403668746734910933e+00
6.385714036033871999e+00
6.884936001881208689e+00
9.438741640176406378e+00
1.282967598723755742e+01
1.325692625573515038e+01
1.316577557473827653e+01
1.645495745968369405e+01
1.593884798221000665e+01
1.734405264375586952e+01
1.271586077441771145e+01
1.935583099118647965e+01
2.135721459447310622e+01
1.822534186064832085e+01
2.133796133068949175e+01
2.128002818629183679e+01
1.768650615582399155e+01
2.039952511702172089e+01
2.161732161369673477e+01
2.404845369249341047e+01
2.252584778336600024e+01
2.681424364231396851e+01
2.415497146519479799e+01
1.971159240142713642e+01
2.172649929197925189e+01
2.165115380152984059e+01
2.106553668762084897e+01
1.741037316515645372e+01
1.894317159295137643e+01
1.635213545639758337e+01
1.536260139053197626e+01
1.392809905763794376e+01
1.208675306314210296e+01
1.157005665230296110e+01
9.590224820585541821e+00
6.662464088786895999e+00
5.221649643551355524e+00
4.850801319112131971e+00
3.977352880685846248e+00
3.365691735642912352e+00
2.171369095755026013e+00
1.660004588660826563e+00
1.074836470119989951e+00
7.741868213648434027e-01
3.307189138830738395e-01
2.420614591379635638e-01
0.000000000000000000e+00
0.000000000000000000e+00
0.000000000000000000e+00
0.000000000000000000e+00
