0.000000000000000000e+00
2.113710821635731707e-01
2.420614591379635638e-01
2.914805954090254891e-01
6.366108996082300298e-01
9.514585842273955985e-01
1.231008066332223594e+00
1.774314898594665957e+00
2.320877982440050502e+00
2.597324344397518470e+00
3.138680990380354086e+00
3.482903276632154821e+00
4.254564414763866154e+00
4.064873104953584892e+00
4.866754846340115570e+00
4.891773028194889683e+00
4.775834351189328864e+00
6.244997998398398309e+00
6.568672692218725295e+00
7.466330675104070558e+00
6.803875705020999476e+00
6.861616945689624103e+00
1.015884582211483256e+01
9.642625400241108480e+00
1.065665092720855789e+01
8.402342841992048506e+00
1.133973542942581147e+01
1.098141852104613037e+01
1.200715932267078756e+01
1.397007823662773873e+01
1.315647268220095611e+01
1.515015180152908592e+01
1.350541521888072083e+01
1.448783838043136107e+01
1.550400023985745435e+01
1.683270161768454898e+01
1.729669150760847174e+01
1.877904001140633383e+01
2.170881067533410658e+01
2.519393528212692601e+01
2.177546551597691860e+01
2.275103019645484181e+01
2.694213544078076694e+01
2.381430439357824369e+01
2.394438849155215010e+01
2.754080779044071647e+01
2.792179630654831257e+01
3.025721440313863297e+01
2.826561636262996657e+01
2.961583043085867928e+01
3.356983160145430389e+01
3.333130039373651243e+01
3.155643119253783624e+01
3.335942622946885905e+01
3.310872241570187668e+01
3.448231827237692926e+01
3.527486586947390634e+01
3.543224994179031739e+01
3.896875939755299356e+01
3.557615895424209640e+01
3.809486513954341547e+01
3.534460653250365425e+01
3.184186007026560361e+01
3.114181272822762381e+01
3.010398239202539372e+01
3.016672017073409151e+01
2.546251840941896916e+01
2.561842522360615249e+01
2.074679356814866793e+01
2.012018939981368604e+01
2.106460950118705711e+01
1.831154007722998855e+01
1.638393571793343639e+01
1.471532437577829988e+01
1.135214049199533193e+01
1.292613480269720760e+01
1.310086135944407992e+01
1.085342687817999696e+01
1.046193808228188615e+01
8.658393236478694632e+00
7.236787529698519350e+00
6.673100736351879725e+00
5.551516543927434100e+00
5.231272401385727910e+00
3.991660006735919364e+00
3.878495147525003794e+00
2.969859989860633043e+00
2.355180460177096702e+00
1.556237449748591573e+00
1.270822660474308696e+00
1.201805282689338172e+00
7.287014885225636673e-01
6.801812143649661468e-01
4.496092053105674724e-01
3.307189138830738395e-01
2.420614591379635638e-01
2.113710821635731707e-01
0.000000000000000000e+00
1.240195927061526898e-01
0.000000000000000000e+00
