3.690114274568607300e+00
8.171740558167519097e+00
1.031685514098167467e+01
1.015743983414989238e+01
1.261350807418380349e+01
1.224234454669529448e+01
1.206035440762417998e+01
1.730120767777136948e+01
1.513529479189288907e+01
1.439777407926308506e+01
1.817873903037212813e+01
1.495148404005435161e+01
1.789105485291462472e+01
1.752932810321034651e+01
1.668082731761227677e+01
1.901217100923445358e+01
2.216204525760201705e+01
2.359194426036936321e+01
1.829163033287014173e+01
2.048007797226367899e+01
1.861077870440608351e+01
1.962414782186413831e+01
2.281232876648063623e+01
1.748687426283997226e+01
1.979859527845346889e+01
1.771954225521570692e+01
1.921262605684085045e+01
1.980961631222321273e+01
1.272983047744057750e+01
1.900333415441550855e+01
1.385637122184231984e+01
1.210725787944466880e+01
1.075861527959685837e+01
9.368630648839509689e+00
6.902714026924481772e+00
6.160115379144695424e+00
5.845671475544961027e+00
5.570022126022032616e+00
3.701212586352613076e+00
3.186733976581666461e+00
2.297884557043717191e+00
1.514174563706245813e+00
1.488809166540493889e+00
7.691246546399355122e-01
2.113710821635731707e-01
2.420614591379635638e-01
0.000000000000000000e+00
0.000000000000000000e+00
0.000000000000000000e+00
0.000000000000000000e+00
