3.440871925744258153e+00
7.227723724269972116e+00
9.274658328443964095e+00
1.136039584477583197e+01
1.271057015833672210e+01
1.304435791587688698e+01
1.382895477736387058e+01
1.693920079099070009e+01
1.556133906312371273e+01
1.740465095886728619e+01
1.929031391495483305e+01
2.129360759968528782e+01
1.270565203954523525e+01
2.162923888187873800e+01
1.934134551897501808e+01
1.969682318928613540e+01
1.931257584936561500e+01
1.705860761463256026e+01
2.040942619806777003e+01
2.075618789511937479e+01
2.392847720780357079e+01
2.179686379928027762e+01
1.945240962540052365e+01
1.979484006905271798e+01
2.227881188448735372e+01
2.043945303168299077e+01
2.011106247776021760e+01
1.802433657542976064e+01
1.564460488824741802e+01
1.680913070328147541e+01
1.455133021196000520e+01
1.192963377934859359e+01
1.013173724537776366e+01
1.072922228949983037e+01
8.551258587921429566e+00
5.911600585659944507e+00
4.653207898858592984e+00
5.322417214010942033e+00
3.984558819289156784e+00
3.144897591238067669e+00
2.214950532037905262e+00
2.165063509461096825e+00
1.325733140332171045e+00
7.335434121440939093e-01
3.750000000000000000e-01
2.113710821635731707e-01
0.000000000000000000e+00
0.000000000000000000e+00
0.000000000000000000e+00
0.000000000000000000e+00
