3.947377244370621430e+00
7.037774750409393043e+00
7.662417796255630797e+00
9.896140346114741249e+00
1.303876993755066671e+01
1.304884902730888285e+01
1.695339861530350944e+01
1.756543986737522545e+01
1.670112242438737837e+01
1.877495734848683995e+01
1.596746570177935354e+01
1.945585447718757877e+01
2.085419528386314880e+01
1.801924291512756682e+01
1.866038480143161493e+01
1.836476649558877483e+01
1.764077723583558566e+01
2.160303594658341098e+01
2.430655454296227447e+01
2.193304798129981847e+01
2.312666801416710882e+01
2.618503866714731387e+01
2.200488227075982195e+01
2.310078440733939686e+01
2.173045435522172752e+01
2.294273079832422724e+01
1.884252561320734998e+01
1.827264754865862173e+01
2.061969628777301011e+01
1.758503336469680889e+01
1.651609063913128495e+01
1.441223946804850264e+01
1.088823727411834064e+01
1.050519542223632286e+01
8.848552141452294961e+00
7.339277228336247738e+00
5.730946693173825324e+00
4.349928160326328452e+00
3.432382554436495425e+00
3.143538760298654200e+00
2.573148606279862527e+00
2.044189555178286266e+00
1.297533718251668411e+00
7.432968682666435400e-01
3.307189138830738395e-01
2.420614591379635638e-01
1.739926363384381724e-01
0.000000000000000000e+00
0.000000000000000000e+00
0.000000000000000000e+00
