0.000000000000000000e+00
2.683681880830885436e-01
5.144399260360728032e-01
7.627497029661827188e-01
9.569594998614100456e-01
1.324996314853365886e+00
1.826388063740836065e+00
2.212303575320304194e+00
2.465385365414502594e+00
2.960679820581752608e+00
2.903224231350379103e+00
3.666219048198702701e+00
3.748665126998542707e+00
4.726504390138657641e+00
5.749915080894673736e+00
5.728539264888999227e+00
6.112211617685941789e+00
6.550416703109428695e+00
7.696625046692544103e+00
6.896273903348097534e+00
9.020322108300788955e+00
7.441175562369161334e+00
1.068566093460647792e+01
9.874011026426899207e+00
1.069389428599329328e+01
1.318142632646406831e+01
1.258090031493672534e+01
1.373549483489309964e+01
1.258190936858849795e+01
1.590025519400160370e+01
1.469906459608909977e+01
1.697044765909255659e+01
1.971208162801115904e+01
1.869402451946543664e+01
1.969572620797148943e+01
2.228052681154554904e+01
2.067144392029739208e+01
2.278429334953138152e+01
2.076129210815165038e+01
2.159566629521707881e+01
2.765128839674563821e+01
2.579607528287975882e+01
2.881707105145099490e+01
2.857172563670901155e+01
2.999481970248154283e+01
3.364230139808177711e+01
3.296313266718403412e+01
3.237698699862875173e+01
3.238886874158119156e+01
3.474760769080909029e+01
3.831603967641195396e+01
3.794452352098224424e+01
3.611796738964383024e+01
3.896010329089875768e+01
4.192766045151458343e+01
3.857631184985806527e+01
4.556742675266374221e+01
4.164416026268719406e+01
3.857560302104815975e+01
3.697928843876663763e+01
3.840256288241059224e+01
4.127051750625832938e+01
3.955279489472741261e+01
3.745721191719125898e+01
3.501338680932444447e+01
3.463139818480297549e+01
3.063083091811867575e+01
3.305498201387349155e+01
2.812301642310751504e+01
2.733072904259964986e+01
2.004331247573614050e+01
1.620407422484774429e+01
1.672805669703970821e+01
1.887918388025221361e+01
1.702111940676567414e+01
1.227659740115313802e+01
1.298811618786092481e+01
1.101152405933778944e+01
1.319592999221256058e+01
1.028784932578233224e+01
7.771753115248515087e+00
8.327699918795104850e+00
7.086449988358063834e+00
6.330651501820329763e+00
5.873483015585811984e+00
4.250430814561624970e+00
3.674234614174767266e+00
3.464630154774821058e+00
3.005488144108207749e+00
2.142392062625326332e+00
2.111572928973801666e+00
1.242064655875450008e+00
9.837547649185746090e-01
8.921314014762623534e-01
7.485337229377178048e-01
4.496092053105674724e-01
4.918773824592873045e-01
1.739926363384381724e-01
1.739926363384381724e-01
0.000000000000000000e+00
