7.300000000000000000e+02
1.990000000000000000e+03
3.326000000000000000e+03
4.324000000000000000e+03
5.298000000000000000e+03
5.963000000000000000e+03
6.696000000000000000e+03
6.950000000000000000e+03
7.508000000000000000e+03
8.013000000000000000e+03
8.547000000000000000e+03
8.904000000000000000e+03
9.281000000000000000e+03
9.736000000000000000e+03
9.812000000000000000e+03
1.025700000000000000e+04
1.050500000000000000e+04
1.071700000000000000e+04
1.077300000000000000e+04
1.087800000000000000e+04
1.107100000000000000e+04
1.100900000000000000e+04
1.098100000000000000e+04
1.069400000000000000e+04
1.017200000000000000e+04
9.814000000000000000e+03
9.134000000000000000e+03
8.616000000000000000e+03
7.637000000000000000e+03
6.650000000000000000e+03
5.565000000000000000e+03
4.734000000000000000e+03
3.816000000000000000e+03
2.874000000000000000e+03
2.184000000000000000e+03
1.458000000000000000e+03
1.115000000000000000e+03
7.660000000000000000e+02
4.680000000000000000e+02
3.270000000000000000e+02
1.760000000000000000e+02
1.110000000000000000e+02
5.000000000000000000e+01
2.000000000000000000e+01
6.000000000000000000e+00
0.000000000000000000e+00
0.000000000000000000e+00
0.000000000000000000e+00
0.000000000000000000e+00
0.000000000000000000e+00
