0.000000000000000000e+00
1.968750000000000000e+00
9.843750000000000000e-01
8.859375000000000000e+00
2.067187500000000000e+01
3.150000000000000000e+01
7.579687500000000000e+01
1.456875000000000000e+02
2.214843750000000000e+02
3.022031250000000000e+02
4.350781250000000000e+02
5.463125000000000000e+02
7.431718750000000000e+02
8.623125000000000000e+02
1.069984375000000000e+03
1.200906250000000000e+03
1.455812500000000000e+03
1.731375000000000000e+03
1.967671875000000000e+03
2.216671875000000000e+03
2.451984375000000000e+03
2.744234375000000000e+03
3.047468750000000000e+03
3.432281250000000000e+03
3.690109375000000000e+03
4.115421875000000000e+03
4.434343750000000000e+03
4.820156250000000000e+03
5.351531250000000000e+03
5.853671875000000000e+03
6.101531250000000000e+03
6.553375000000000000e+03
7.205000000000000000e+03
7.814062500000000000e+03
8.226531250000000000e+03
8.727531250000000000e+03
9.516828125000000000e+03
1.017028125000000000e+04
1.080328125000000000e+04
1.145468750000000000e+04
1.228734375000000000e+04
1.317476562500000000e+04
1.381367187500000000e+04
1.468073437500000000e+04
1.538607812500000000e+04
1.638331250000000000e+04
1.707409375000000000e+04
1.812201562500000000e+04
1.891364062500000000e+04
2.002212500000000000e+04
2.111035937500000000e+04
2.185829687500000000e+04
2.283342187500000000e+04
2.340518750000000000e+04
2.431021875000000000e+04
2.567704687500000000e+04
2.615453125000000000e+04
2.655487500000000000e+04
2.762207812500000000e+04
2.807187500000000000e+04
2.821756250000000000e+04
2.856220312500000000e+04
2.862765625000000000e+04
2.886376562500000000e+04
2.836260937500000000e+04
2.829596875000000000e+04
2.724118750000000000e+04
2.660387500000000000e+04
2.554903125000000000e+04
2.477181250000000000e+04
2.311070312500000000e+04
2.099609375000000000e+04
1.905729687500000000e+04
1.685335937500000000e+04
1.461884375000000000e+04
1.301503125000000000e+04
1.114098437500000000e+04
9.185015625000000000e+03
7.922968750000000000e+03
6.476609375000000000e+03
5.271562500000000000e+03
4.192765625000000000e+03
3.308796875000000000e+03
2.592671875000000000e+03
1.885328125000000000e+03
1.390593750000000000e+03
1.010828125000000000e+03
7.120312500000000000e+02
5.024843750000000000e+02
3.480625000000000000e+02
2.467500000000000000e+02
1.426250000000000000e+02
9.935937500000000000e+01
6.195312500000000000e+01
2.459375000000000000e+01
1.279687500000000000e+01
5.906250000000000000e+00
4.921875000000000000e+00
3.921875000000000000e+00
0.000000000000000000e+00
