6.890000000000000000e+02
2.023000000000000000e+03
3.281000000000000000e+03
4.318000000000000000e+03
5.228000000000000000e+03
6.005000000000000000e+03
6.550000000000000000e+03
6.990000000000000000e+03
7.510000000000000000e+03
8.055000000000000000e+03
8.259000000000000000e+03
8.429000000000000000e+03
8.799000000000000000e+03
9.122000000000000000e+03
9.469000000000000000e+03
9.642000000000000000e+03
9.813000000000000000e+03
1.006700000000000000e+04
1.026900000000000000e+04
1.047900000000000000e+04
1.010700000000000000e+04
1.020900000000000000e+04
1.017700000000000000e+04
1.013200000000000000e+04
9.610000000000000000e+03
9.150000000000000000e+03
8.600000000000000000e+03
7.781000000000000000e+03
7.231000000000000000e+03
6.341000000000000000e+03
5.367000000000000000e+03
4.377000000000000000e+03
3.553000000000000000e+03
2.732000000000000000e+03
1.975000000000000000e+03
1.391000000000000000e+03
9.760000000000000000e+02
6.630000000000000000e+02
4.630000000000000000e+02
3.190000000000000000e+02
1.560000000000000000e+02
9.300000000000000000e+01
3.300000000000000000e+01
2.900000000000000000e+01
7.000000000000000000e+00
3.000000000000000000e+00
0.000000000000000000e+00
0.000000000000000000e+00
0.000000000000000000e+00
0.000000000000000000e+00
