2.582383873277918629e-01
2.695260189892644265e-01
2.813070344185163441e-01
2.936029994807007881e-01
3.064364226875881947e-01
3.198307964007660043e-01
3.338106398358350324e-01
3.484015439463249986e-01
3.636302182694906571e-01
3.795245398197443221e-01
3.961136041192256929e-01
4.134277784589249771e-01
4.314987574878549337e-01
4.503596212320338243e-01
4.700448956494843178e-01
4.905906158320997301e-01
5.120343919700703905e-01
5.344154781996240944e-01
5.577748444601097200e-01
5.821552514919625665e-01
6.076013291128400384e-01
6.341596579152162239e-01
6.618788545349899577e-01
6.908096606471929579e-01
7.210050358517111624e-01
7.525202546190529196e-01
7.854130074736290767e-01
8.197435065997656922e-01
8.555745960637689551e-01
8.929718668538100257e-01
9.320037769482180101e-01
9.727417766319719217e-01
1.015260439290792016e+00
1.059637597922257646e+00
1.105954487613841852e+00
1.154295894248679843e+00
1.204750309711283496e+00
1.257410093877316282e+00
1.312371643683963640e+00
1.369735569590387447e+00
1.429606879751290416e+00
1.492095172240727630e+00
1.557314835678046849e+00
1.625385258623212925e+00
1.696431048124825036e+00
1.770582257820897842e+00
1.847974626009954324e+00
1.928749824128235701e+00
2.013055716087879254e+00
2.101046628950803630e+00
2.192883635433777734e+00
2.288734848761825535e+00
2.388775730409707698e+00
2.493189411294818747e+00
2.602167027009469891e+00
2.715908067706214180e+00
2.834620743276698995e+00
2.958522364492536916e+00
3.087839740805886191e+00
3.222809595537946326e+00
3.363678999215392373e+00
3.510705821848000063e+00
3.664159204975376394e+00
3.824320054346917352e+00
3.991481554136863341e+00
4.165949703635758894e+00
4.348043877400762369e+00
4.538097409890192502e+00
4.736458205652526843e+00
4.943489376186834150e+00
5.159569904640453508e+00
5.385095339560688643e+00
5.620478518970482895e+00
5.866150326093520384e+00
6.122560478112172078e+00
6.390178349402144242e+00
6.669493830750818475e+00
6.961018226132127396e+00
7.265285188679566630e+00
7.582851697570714755e+00
7.914299077611484101e+00
8.260234063386528547e+00
8.621289909923801176e+00
8.998127551906382138e+00
9.391436813553616147e+00
9.801937671386294681e+00
1.023038157218745425e+01
1.067755280857141820e+01
1.114426995467908910e+01
1.163138736462775391e+01
1.213979673645816959e+01
1.267042874444213219e+01
1.322425474273826218e+01
1.380228854351488366e+01
1.440558827279488163e+01
1.503525830741964953e+01
1.569245129667816663e+01
1.637837027230149189e+01
1.709427085068562846e+01
1.784146353137357011e+01
