0.000000000000000000e+00
2.953125000000000000e+00
2.953125000000000000e+00
1.082812500000000000e+01
3.937500000000000000e+01
7.284375000000000000e+01
1.279687500000000000e+02
1.909687500000000000e+02
3.031718750000000000e+02
4.301718750000000000e+02
5.827500000000000000e+02
6.920000000000000000e+02
8.485000000000000000e+02
1.078843750000000000e+03
1.321937500000000000e+03
1.508015625000000000e+03
1.773750000000000000e+03
1.986406250000000000e+03
2.302343750000000000e+03
2.453890625000000000e+03
2.750234375000000000e+03
3.090765625000000000e+03
3.493265625000000000e+03
3.756000000000000000e+03
4.144937500000000000e+03
4.577125000000000000e+03
4.891031250000000000e+03
5.235500000000000000e+03
5.843906250000000000e+03
6.246281250000000000e+03
6.788609375000000000e+03
7.272828125000000000e+03
7.900437500000000000e+03
8.445078125000000000e+03
8.976468750000000000e+03
9.615281250000000000e+03
1.019223437500000000e+04
1.087034375000000000e+04
1.145875000000000000e+04
1.244257812500000000e+04
1.336300000000000000e+04
1.418668750000000000e+04
1.495021875000000000e+04
1.558878125000000000e+04
1.666917187500000000e+04
1.713684375000000000e+04
1.809371875000000000e+04
1.954184375000000000e+04
2.042118750000000000e+04
2.141518750000000000e+04
2.212671875000000000e+04
2.324482812500000000e+04
2.384137500000000000e+04
2.497373437500000000e+04
2.568445312500000000e+04
2.663381250000000000e+04
2.724334375000000000e+04
2.788998437500000000e+04
2.840639062500000000e+04
2.870653125000000000e+04
2.882462500000000000e+04
2.939332812500000000e+04
2.892206250000000000e+04
2.877918750000000000e+04
2.840882812500000000e+04
2.753629687500000000e+04
2.666137500000000000e+04
2.549893750000000000e+04
2.440721875000000000e+04
2.228798437500000000e+04
2.051215625000000000e+04
1.842807812500000000e+04
1.620404687500000000e+04
1.425695312500000000e+04
1.228201562500000000e+04
1.043335937500000000e+04
8.724406250000000000e+03
7.190656250000000000e+03
5.980906250000000000e+03
4.776468750000000000e+03
3.706140625000000000e+03
2.908687500000000000e+03
2.239562500000000000e+03
1.645625000000000000e+03
1.198781250000000000e+03
8.545312500000000000e+02
6.422343750000000000e+02
4.336875000000000000e+02
2.988437500000000000e+02
1.809687500000000000e+02
9.339062500000000000e+01
5.504687500000000000e+01
4.523437500000000000e+01
1.667187500000000000e+01
1.370312500000000000e+01
2.953125000000000000e+00
2.953125000000000000e+00
2.937500000000000000e+00
1.953125000000000000e+00
0.000000000000000000e+00
