0.000000000000000000e+00
1.968750000000000000e+00
1.968750000000000000e+00
9.843750000000000000e-01
2.937500000000000000e+00
3.937500000000000000e+00
4.890625000000000000e+00
1.078125000000000000e+01
1.557812500000000000e+01
2.546875000000000000e+01
3.231250000000000000e+01
3.321875000000000000e+01
5.685937500000000000e+01
7.334375000000000000e+01
8.795312500000000000e+01
1.076718750000000000e+02
1.253125000000000000e+02
1.517500000000000000e+02
1.751406250000000000e+02
2.477968750000000000e+02
2.693593750000000000e+02
3.404531250000000000e+02
4.013750000000000000e+02
5.147343750000000000e+02
5.626562500000000000e+02
6.690468750000000000e+02
8.594375000000000000e+02
9.739531250000000000e+02
1.144750000000000000e+03
1.265875000000000000e+03
1.481984375000000000e+03
1.723453125000000000e+03
2.025859375000000000e+03
2.282062500000000000e+03
2.595546875000000000e+03
2.963203125000000000e+03
3.322781250000000000e+03
3.758125000000000000e+03
4.036531250000000000e+03
4.574406250000000000e+03
4.853578125000000000e+03
5.282578125000000000e+03
5.626031250000000000e+03
6.149828125000000000e+03
6.425562500000000000e+03
6.976421875000000000e+03
7.413953125000000000e+03
7.435093750000000000e+03
7.945078125000000000e+03
7.908500000000000000e+03
8.123890625000000000e+03
8.084765625000000000e+03
8.210062500000000000e+03
8.264281250000000000e+03
7.920796875000000000e+03
7.937171875000000000e+03
7.561750000000000000e+03
7.240453125000000000e+03
7.031125000000000000e+03
6.687687500000000000e+03
6.180531250000000000e+03
5.914968750000000000e+03
5.523937500000000000e+03
5.092593750000000000e+03
4.602250000000000000e+03
4.311640625000000000e+03
3.763406250000000000e+03
3.590406250000000000e+03
3.152187500000000000e+03
2.769906250000000000e+03
2.494515625000000000e+03
2.271171875000000000e+03
1.857796875000000000e+03
1.565484375000000000e+03
1.466578125000000000e+03
1.210453125000000000e+03
9.702812500000000000e+02
8.465625000000000000e+02
6.995625000000000000e+02
5.831875000000000000e+02
4.684531250000000000e+02
4.062343750000000000e+02
2.918750000000000000e+02
2.325625000000000000e+02
1.672656250000000000e+02
1.499687500000000000e+02
1.086093750000000000e+02
6.439062500000000000e+01
4.620312500000000000e+01
4.526562500000000000e+01
2.781250000000000000e+01
2.778125000000000000e+01
7.671875000000000000e+00
8.593750000000000000e+00
4.828125000000000000e+00
6.671875000000000000e+00
1.906250000000000000e+00
1.921875000000000000e+00
9.687500000000000000e-01
0.000000000000000000e+00
