6.814535766788010207e-01
7.154037789032482442e-01
7.510453894209770942e-01
7.884626746524249219e-01
8.277440991939760684e-01
8.689825349722275494e-01
9.122754808183767272e-01
9.577252929818650395e-01
1.005439427128273833e+00
1.055530692393620962e+00
1.108117518095711462e+00
1.163324233733120883e+00
1.221281362933802406e+00
1.282125932048294503e+00
1.346001794117126948e+00
1.413059968978368275e+00
1.483459000319426124e+00
1.557365330517263891e+00
1.634953694153258974e+00
1.716407531133079090e+00
1.801919420388301107e+00
1.891691535185163531e+00
1.985936121116924635e+00
2.084875997909931389e+00
2.188745086229797021e+00
2.297788960733212704e+00
2.412265430672947186e+00
2.532445149428743658e+00
2.658612254405215758e+00
2.791065038809624976e+00
2.930116656897814753e+00
3.076095864355685272e+00
3.229347795566674062e+00
3.390234779602915527e+00
3.559137196869301079e+00
3.736454378425777101e+00
3.922605550114128814e+00
4.118030823721407607e+00
4.323192237523403314e+00
4.538574848668258888e+00
4.764687879982943741e+00
5.002065923913939116e+00
5.251270206448565681e+00
5.512889914005218550e+00
5.787543586429645615e+00
6.075880579390653402e+00
6.378582599632792949e+00
6.696365316715730209e+00
7.029980055050915944e+00
7.380215570235987954e+00
7.747899913886629797e+00
8.133902391374855156e+00
8.539135617102353137e+00
8.964557672168107061e+00
9.411174369531604356e+00
9.880041632027070975e+00
1.037226798885105339e+01
1.088901719642566412e+01
1.143151098983396352e+01
1.200103197133258348e+01
1.259892664277083973e+01
1.322660858908581005e+01
1.388556182039995157e+01
1.457734428062298271e+01
1.530359153085322355e+01
1.606602061628701961e+01
1.686643412577862122e+01
1.770672445364846226e+01
1.858887827381584756e+01
1.951498123683418129e+01
2.048722290093377296e+01
2.150790190873047081e+01
2.257943142183940566e+01
2.370434482624260752e+01
2.488530172189962997e+01
2.612509421076215332e+01
2.742665349805923469e+01
2.879305682246036824e+01
3.022753473150110182e+01
3.173347871947238374e+01
3.331444924583164635e+01
3.497418415309324047e+01
3.671660750410052998e+01
3.854583885957321598e+01
4.046620301786465035e+01
4.248224023995642540e+01
4.459871698386510985e+01
4.682063717383983459e+01
4.915325403099454604e+01
5.160208249334548469e+01
5.417291225461834614e+01
5.687182145265227007e+01
5.970519103976394604e+01
6.267971986904715465e+01
6.580244053227569623e+01
6.908073598685501793e+01
7.252235701113325206e+01
7.613544052934048523e+01
7.992852884948122494e+01
8.391058985966431294e+01
