6.555911049974297855e-01
6.900565327801009285e-01
7.263338608512103223e-01
7.645183435820646078e-01
8.047102430120580685e-01
8.470150921094485863e-01
8.915439718721553941e-01
9.384138029961698324e-01
9.877476528774200570e-01
1.039675058753195325e+00
1.094332367831607922e+00
1.151863095302182227e+00
1.212418301167607959e+00
1.276156986886116451e+00
1.343246512865952758e+00
1.413863037908170472e+00
1.488191981751609161e+00
1.566428511934567336e+00
1.648778056251538171e+00
1.735456842150582712e+00
1.826692464487645440e+00
1.922724483128586570e+00
2.023805051968064372e+00
2.130199581016904098e+00
2.242187433296416010e+00
2.360062658369510125e+00
2.484134764434664522e+00
2.614729531010060448e+00
2.752189864341761272e+00
2.896876697782007959e+00
3.049169939501783499e+00
3.209469470026076632e+00
3.378196192211095461e+00
3.555793136420401623e+00
3.742726623801832186e+00
3.939487490719676632e+00
4.146592377557133169e+00
4.364585085273064990e+00
4.594038003275042747e+00
4.835553612357847975e+00
5.089766066653740317e+00
5.357342858748306291e+00
5.638986572333961611e+00
5.935436727003142288e+00
6.247471720025115083e+00
6.575910870204936032e+00
6.921616569191225921e+00
7.285496545881473551e+00
7.668506249870612024e+00
8.071651360201103742e+00
8.495990426001881701e+00
8.942637645949718106e+00
9.412765793851121998e+00
9.907609298026555322e+00
1.042846748258260625e+01
1.097670797908277329e+01
1.155377031757503836e+01
1.216116970640523043e+01
1.280050101074097668e+01
1.347344294025271516e+01
1.418176245694755799e+01
1.492731941472970547e+01
1.571207144286963242e+01
1.653807908620475331e+01
1.740751121556826320e+01
1.832265072265257544e+01
1.928590051426035146e+01
2.029978982168258028e+01
2.136698084177023205e+01
2.249027572713729484e+01
2.367262394384937707e+01
2.491713001591737253e+01
2.622706167693096901e+01
2.760585845023597784e+01
2.905714068018475515e+01
3.058471903817322257e+01
3.219260452842492981e+01
3.388501901979430642e+01
3.566640633124315940e+01
3.754144390009741983e+01
3.951505506372216558e+01
4.159242198686295922e+01
4.377899926859748803e+01
4.608052826462522233e+01
4.850305216250207963e+01
5.105293184940296669e+01
5.373686261407696207e+01
5.656189172685002120e+01
5.953543694383499485e+01
6.266530598393667617e+01
6.595971702979248619e+01
6.942732030647918862e+01
7.307722079464510045e+01
7.691900213770649941e+01
8.096275180588210674e+01
8.521908758313900023e+01
8.969918544659812198e+01
9.441480891160270517e+01
9.937833991950176937e+01
1.046028113492517804e+02
