0.000000000000000000e+00
2.113710821635731707e-01
2.113710821635731707e-01
4.166341133116682194e-01
7.806247497997997886e-01
9.222721602108566730e-01
1.262051281644291922e+00
1.499674443837728299e+00
2.328858944714127688e+00
2.211862107902524688e+00
3.201562118716424266e+00
3.418698582794335916e+00
4.007804885470349632e+00
4.507697409709307657e+00
4.646487248449090224e+00
5.577555993387695032e+00
5.567764362830021518e+00
6.597155518668633256e+00
5.531779635659757943e+00
7.196173435192831924e+00
7.950515288921529589e+00
7.652087516447717341e+00
8.611841751877179263e+00
8.605957239029253358e+00
1.105508225885271223e+01
9.294655722510650975e+00
1.193074907277409835e+01
1.442437173675165596e+01
1.159838182409511731e+01
1.387383863382805771e+01
1.423092713456769154e+01
1.588390959381143652e+01
1.716817094946342692e+01
1.805832969807493171e+01
1.690780953989900937e+01
1.757970131821072712e+01
1.946209632489200914e+01
2.339018140026921699e+01
2.045498105596776028e+01
1.979883573557735588e+01
2.399674457087877499e+01
2.543243192756052551e+01
2.307018418733365905e+01
2.974972098083442518e+01
2.984991346694953052e+01
2.542465508001042807e+01
2.846514796092758814e+01
3.118554289951515202e+01
3.269885080167191660e+01
3.387056013339608285e+01
3.623036914575257583e+01
3.479114232077433400e+01
3.678590932680609882e+01
3.739202880774691096e+01
3.828386151806495974e+01
3.852266986788428937e+01
4.099894005870761760e+01
3.652032490079154314e+01
4.281888353412983150e+01
3.861709820063516929e+01
3.806183291697865911e+01
3.348416355509534270e+01
3.252733225688820795e+01
3.875236887920530648e+01
3.495915236364255918e+01
3.314206149644851251e+01
3.057495911689825974e+01
2.792617220010647827e+01
3.148286674427060561e+01
2.452708463840280828e+01
1.843249402380209645e+01
1.596803906196296197e+01
1.558187016164539251e+01
1.656467409079861852e+01
1.722960042657330604e+01
1.329751761079394079e+01
1.399633741153377642e+01
1.248901861386634415e+01
1.054264961655749921e+01
9.151449253396972239e+00
8.446277263349516673e+00
7.644186925370153318e+00
6.453862699965037031e+00
5.091352963604075299e+00
3.874873989886638892e+00
3.944809683305393833e+00
3.366852143972912881e+00
3.635222654803966780e+00
2.550850042142814633e+00
1.740768059650681820e+00
1.398852068438618090e+00
1.081516405042013185e+00
9.477306365075468531e-01
6.137662294188236389e-01
4.898879814559650714e-01
2.113710821635731707e-01
2.113710821635731707e-01
2.420614591379635638e-01
2.113710821635731707e-01
0.000000000000000000e+00
