3.691966310027083864e+00
7.677521470989188579e+00
9.632492518002544912e+00
9.291279828924269069e+00
1.321316186551784355e+01
1.213907647782050248e+01
1.137980667674104218e+01
1.411891461834088801e+01
1.806887187566990960e+01
1.275884344043377538e+01
1.782047518831919319e+01
1.669367278155110057e+01
1.606674767522584091e+01
1.845702752976152894e+01
1.721746677387167068e+01
2.000209339630167449e+01
1.623890847432486595e+01
1.983205240852229423e+01
1.922309402125474875e+01
2.237132804192399860e+01
2.067756086770149082e+01
2.135260156866137038e+01
2.042229341575952972e+01
2.006288331993621910e+01
2.268921631765572755e+01
2.307790813202097979e+01
2.204376306882232228e+01
2.085683505135367000e+01
1.619401413331481621e+01
1.762294286532118903e+01
1.547222183261020767e+01
1.385721692611831735e+01
1.157565763183133356e+01
9.451975653269531819e+00
7.277359475627132035e+00
6.526818921524864869e+00
5.974473695439623810e+00
3.743614354804725153e+00
4.565495591937418496e+00
3.610389467824073773e+00
2.312447212235340999e+00
2.083229164062369687e+00
1.159097001710814645e+00
8.051045642492656862e-01
4.525858861862574467e-01
2.420614591379635638e-01
2.420614591379635638e-01
0.000000000000000000e+00
0.000000000000000000e+00
0.000000000000000000e+00
