0.000000000000000000e+00
2.420614591379635638e-01
2.113710821635731707e-01
2.420614591379635638e-01
1.739926363384381724e-01
5.226790213649290529e-01
4.677071733467426662e-01
4.284784125250652442e-01
5.226790213649290529e-01
7.648273906575260295e-01
6.844748785565472060e-01
8.892533296957622069e-01
1.157516198590758494e+00
1.047574393241358370e+00
1.205051217791177631e+00
1.322506498093676708e+00
1.510057428543696068e+00
2.211254946291810963e+00
2.289955563842888342e+00
2.674340967299233540e+00
3.064054133721367368e+00
2.672194790803993580e+00
3.512116304665891864e+00
3.201409601644250813e+00
3.830356492465812224e+00
4.207943334857897177e+00
5.365157230629406193e+00
4.740301571036910744e+00
5.766196618005667851e+00
6.540439109876339252e+00
6.625718563625759394e+00
7.191150567494397627e+00
8.121498644608333706e+00
8.937062926375755723e+00
7.573065321214059509e+00
1.064684106246425621e+01
1.066004102287486432e+01
1.137807951103238757e+01
1.432763937290438605e+01
1.361578673589961852e+01
1.518116508827632849e+01
1.401213202014597137e+01
1.786483539666682674e+01
1.718487906152891753e+01
2.141748678613751267e+01
1.874744123165545417e+01
1.784588428566934226e+01
1.708125543130173440e+01
1.821990240780668913e+01
1.992053917090034432e+01
1.669299271728634793e+01
2.079503771936949263e+01
1.998094184740486767e+01
1.836574357627196719e+01
1.624392163962800595e+01
1.516597626061375514e+01
1.423021515780769874e+01
1.832508100254948502e+01
1.797594285383592805e+01
1.282084332005894289e+01
1.485679525450811944e+01
1.276863680811307233e+01
1.664776841980254574e+01
1.235225181900045222e+01
1.275649918607667921e+01
1.220911544707477958e+01
1.110035014931961506e+01
1.041369619104451338e+01
1.117544741833632393e+01
1.115794586200233418e+01
6.955213871621777955e+00
5.902528589511447876e+00
6.514838081976788153e+00
5.589798709200090698e+00
6.329494450586081733e+00
6.115985074989964687e+00
5.929414725280649279e+00
4.992548157942494846e+00
4.365055662588966712e+00
4.129939041242013609e+00
3.651271985127237940e+00
3.395194213885267764e+00
2.862020633988336726e+00
1.976423537605237035e+00
2.533949178160446181e+00
1.637497018127056059e+00
1.950310472078740531e+00
1.314637396537539527e+00
1.384819341782530078e+00
9.930176153397279881e-01
8.964992679863157399e-01
5.367363761661770871e-01
6.959705453537526898e-01
3.121091305537215255e-01
2.914805954090254891e-01
2.420614591379635638e-01
0.000000000000000000e+00
2.420614591379635638e-01
0.000000000000000000e+00
1.739926363384381724e-01
