0.000000000000000000e+00
1.240195927061526898e-01
1.739926363384381724e-01
1.240195927061526898e-01
2.113710821635731707e-01
2.914805954090254891e-01
3.903123748998998943e-01
5.319388915796625650e-01
4.677071733467426662e-01
6.279228530440662537e-01
8.590908621182046234e-01
8.026749711900826867e-01
9.596345332990054988e-01
7.614683081882003268e-01
1.130952136199848246e+00
1.192014445172540738e+00
1.550500801152646879e+00
1.494455900152292793e+00
1.847652120767055983e+00
1.865536011277991957e+00
2.478373253643405327e+00
2.418798449127169459e+00
2.828383966044037745e+00
4.031825298097004406e+00
3.372105240054052544e+00
4.179563374325121927e+00
4.387482193696061294e+00
4.119314263321020242e+00
5.400285727394431134e+00
6.004860498743913588e+00
6.706383968838944831e+00
6.924378779672224482e+00
9.169612156976706174e+00
8.858686040230514536e+00
9.659788995495709685e+00
1.095088466745951905e+01
1.135178563528113038e+01
1.120894200446121580e+01
1.339155481019194482e+01
1.226338554396786407e+01
1.612012402053718674e+01
1.476699729072823430e+01
1.504419758110664418e+01
1.685806441847639903e+01
1.675757029253868424e+01
1.763508133664259603e+01
2.040401858971352311e+01
1.635058264204597123e+01
1.940280263260954641e+01
2.402459981944288359e+01
2.119150381601964028e+01
1.981161275615895079e+01
2.134381863092918863e+01
2.062301126775621896e+01
2.003058574366648514e+01
1.676421242884302742e+01
1.718874995454876142e+01
1.475370716125272708e+01
1.627543082187073864e+01
1.469573406160355766e+01
1.690580954832908844e+01
1.579346680592959551e+01
1.510118864319958121e+01
1.299154622966412020e+01
1.301463081437099412e+01
1.333800373931571492e+01
1.230233360421408051e+01
1.261709800664855763e+01
1.019650675476655621e+01
1.032271038096947713e+01
1.115861319508387695e+01
8.507450204636816338e+00
7.658736841020195030e+00
6.369406246856923914e+00
6.496919342080521353e+00
6.909978490152846042e+00
4.843623990296418214e+00
5.285593627966493457e+00
5.105048818326814342e+00
3.718585868226656821e+00
3.343457931169464992e+00
3.892318908359770901e+00
2.596384204523667805e+00
2.570870475150391687e+00
2.302289536390894398e+00
1.720453701062600427e+00
1.418264647156869618e+00
1.558432204973960289e+00
1.039150607166737794e+00
1.331613066688292824e+00
9.473441494515073558e-01
7.064159097160821466e-01
5.860937291722203568e-01
3.903123748998998943e-01
2.914805954090254891e-01
1.739926363384381724e-01
2.420614591379635638e-01
0.000000000000000000e+00
0.000000000000000000e+00
1.739926363384381724e-01
