0.000000000000000000e+00
1.000000000000000000e+00
0.000000000000000000e+00
0.000000000000000000e+00
0.000000000000000000e+00
1.000000000000000000e+00
0.000000000000000000e+00
0.000000000000000000e+00
0.000000000000000000e+00
2.000000000000000000e+00
4.000000000000000000e+00
1.200000000000000000e+01
5.300000000000000000e+01
7.300000000000000000e+01
1.510000000000000000e+02
2.440000000000000000e+02
3.770000000000000000e+02
5.440000000000000000e+02
6.940000000000000000e+02
8.800000000000000000e+02
1.104000000000000000e+03
1.412000000000000000e+03
1.579000000000000000e+03
1.938000000000000000e+03
2.281000000000000000e+03
2.552000000000000000e+03
2.842000000000000000e+03
3.284000000000000000e+03
3.627000000000000000e+03
4.168000000000000000e+03
4.356000000000000000e+03
4.817000000000000000e+03
5.357000000000000000e+03
5.760000000000000000e+03
6.443000000000000000e+03
6.954000000000000000e+03
7.308000000000000000e+03
8.102000000000000000e+03
8.770000000000000000e+03
9.659000000000000000e+03
1.036100000000000000e+04
1.099500000000000000e+04
1.183600000000000000e+04
1.254100000000000000e+04
1.353300000000000000e+04
1.441200000000000000e+04
1.551300000000000000e+04
1.638600000000000000e+04
1.755100000000000000e+04
1.852100000000000000e+04
1.962500000000000000e+04
2.077800000000000000e+04
2.187900000000000000e+04
2.298700000000000000e+04
2.403900000000000000e+04
2.502100000000000000e+04
2.630400000000000000e+04
2.722100000000000000e+04
2.803000000000000000e+04
2.898900000000000000e+04
2.992500000000000000e+04
3.033400000000000000e+04
3.064500000000000000e+04
3.122300000000000000e+04
3.123400000000000000e+04
3.141900000000000000e+04
3.081300000000000000e+04
3.063400000000000000e+04
2.957600000000000000e+04
2.837100000000000000e+04
2.688900000000000000e+04
2.505500000000000000e+04
2.315800000000000000e+04
2.083000000000000000e+04
1.824400000000000000e+04
1.549500000000000000e+04
1.335100000000000000e+04
1.117900000000000000e+04
9.228000000000000000e+03
7.518000000000000000e+03
6.004000000000000000e+03
4.867000000000000000e+03
3.653000000000000000e+03
2.824000000000000000e+03
2.026000000000000000e+03
1.480000000000000000e+03
1.024000000000000000e+03
7.030000000000000000e+02
4.370000000000000000e+02
3.300000000000000000e+02
1.770000000000000000e+02
1.020000000000000000e+02
7.800000000000000000e+01
3.600000000000000000e+01
2.000000000000000000e+01
1.200000000000000000e+01
4.000000000000000000e+00
3.000000000000000000e+00
3.000000000000000000e+00
0.000000000000000000e+00
