6.153620338944626456e-01
6.463604582273501098e-01
6.789204061157946279e-01
7.131205381971362778e-01
7.490434775823163749e-01
7.867760094626639056e-01
8.264092907717318637e-01
8.680390704086995424e-01
9.117659205553708679e-01
9.576954796456028651e-01
1.005938707574146163e+00
1.056612153761448125e+00
1.109838238722030468e+00
1.165745549816673554e+00
1.224469151902904951e+00
1.286150913634287241e+00
1.350939850196798631e+00
1.418992483310316244e+00
1.490473219364914614e+00
1.565554746605515080e+00
1.644418452324426516e+00
1.727254861069664305e+00
1.814264094927700688e+00
1.905656356992630140e+00
2.001652439189753441e+00
2.102484255680408864e+00
2.208395403136695023e+00
2.319641749239629736e+00
2.436492050822491429e+00
2.559228603152686521e+00
2.688147921920726713e+00
2.823561459583921796e+00
2.965796357795371208e+00
3.115196237736030493e+00
3.272122030259197345e+00
3.436952847852925430e+00
3.610086900526936482e+00
3.791942457836677161e+00
3.982958859368645133e+00
4.183597576128212481e+00
4.394343325394087785e+00
4.615705241732785957e+00
4.848218107002119304e+00
5.092443642315230612e+00
5.348971865086405764e+00
5.618422514437097171e+00
5.901446548405756332e+00
6.198727716578554592e+00
6.510984211940256117e+00
6.838970405935885566e+00
7.183478670934921873e+00
7.545341294500802931e+00
7.925432490090401849e+00
8.324670509041064648e+00
8.744019858947472912e+00
9.184493633787690570e+00
9.647155961427623438e+00
1.013312457441677950e+01
1.064357351028604981e+01
1.117973594787107139e+01
1.174290718651329257e+01
1.233444777533629377e+01
1.295578680015706929e+01
1.360842533597315906e+01
1.429394007336636108e+01
1.501398712758398979e+01
1.577030603949980048e+01
1.656472397812054709e+01
1.739916015479080968e+01
1.827563045976022593e+01
1.919625233231443673e+01
2.016324987623556808e+01
2.117895923295027671e+01
2.224583422534622912e+01
2.336645228589205558e+01
2.454352068338192083e+01
2.577988306334790636e+01
2.707852631794122900e+01
2.844258780187860935e+01
2.987536291188686732e+01
3.138031304795668319e+01
3.296107397563887531e+01
3.462146460958523875e+01
3.636549623955417587e+01
3.819738222116975379e+01
4.012154815484579018e+01
4.214264257746592790e+01
4.426554819264973872e+01
4.649539366673530338e+01
4.883756601897581362e+01
5.129772363588404716e+01
5.388180994116473244e+01
5.659606775425994130e+01
5.944705437219658251e+01
6.244165741117059554e+01
6.558711144613990029e+01
6.889101548862507229e+01
7.236135134494176668e+01
7.600650289921587444e+01
7.983527636776689462e+01
