3.342398967713908320e+00
6.181420624540931108e+00
8.066359904527878655e+00
1.256769754109220294e+01
1.178783801212079752e+01
1.255550178208740419e+01
1.494984289998978610e+01
1.632410237530305963e+01
1.461102931809990579e+01
1.858872700010345014e+01
2.042304056543736124e+01
1.833541654830890266e+01
1.706375911105170218e+01
1.960697819017504884e+01
2.125457211842901373e+01
2.131055251366092662e+01
1.903181444154760626e+01
2.241563502021245569e+01
2.358973475767584915e+01
2.528972258367764425e+01
2.542205746707718816e+01
2.370051897341859970e+01
2.359595912671012741e+01
2.389525891128823787e+01
2.407467224595175992e+01
2.079435676902510011e+01
1.920833050885734750e+01
1.645112909308963012e+01
1.807403935033616094e+01
1.637165250850918241e+01
1.493010244386738883e+01
1.016576477386231936e+01
1.179363573076597937e+01
1.096425299553052035e+01
9.025787708006431487e+00
7.452830182848325435e+00
5.491270593803860400e+00
4.102656104205542498e+00
4.571881408061127416e+00
3.312168320658689158e+00
2.689679348918751600e+00
1.667708008015791776e+00
1.028879852072145606e+00
7.485337229377178048e-01
5.000000000000000000e-01
1.739926363384381724e-01
0.000000000000000000e+00
0.000000000000000000e+00
0.000000000000000000e+00
0.000000000000000000e+00
