7.010000000000000000e+02
2.011000000000000000e+03
3.298000000000000000e+03
4.252000000000000000e+03
5.251000000000000000e+03
5.944000000000000000e+03
6.484000000000000000e+03
6.825000000000000000e+03
7.353000000000000000e+03
7.746000000000000000e+03
8.362000000000000000e+03
8.666000000000000000e+03
9.054000000000000000e+03
9.271000000000000000e+03
9.475000000000000000e+03
9.596000000000000000e+03
1.019300000000000000e+04
1.049800000000000000e+04
1.018200000000000000e+04
1.043900000000000000e+04
1.033700000000000000e+04
1.043200000000000000e+04
1.045200000000000000e+04
1.021100000000000000e+04
9.726000000000000000e+03
9.256000000000000000e+03
8.680000000000000000e+03
7.908000000000000000e+03
7.336000000000000000e+03
6.293000000000000000e+03
5.384000000000000000e+03
4.375000000000000000e+03
3.471000000000000000e+03
2.847000000000000000e+03
1.947000000000000000e+03
1.402000000000000000e+03
9.880000000000000000e+02
6.710000000000000000e+02
4.680000000000000000e+02
2.730000000000000000e+02
1.570000000000000000e+02
1.020000000000000000e+02
4.200000000000000000e+01
1.300000000000000000e+01
7.000000000000000000e+00
1.000000000000000000e+00
0.000000000000000000e+00
0.000000000000000000e+00
0.000000000000000000e+00
0.000000000000000000e+00
