0.000000000000000000e+00
1.000000000000000000e+00
6.000000000000000000e+00
1.100000000000000000e+01
2.800000000000000000e+01
4.900000000000000000e+01
8.400000000000000000e+01
1.520000000000000000e+02
2.840000000000000000e+02
3.210000000000000000e+02
4.290000000000000000e+02
5.750000000000000000e+02
7.230000000000000000e+02
9.200000000000000000e+02
1.120000000000000000e+03
1.378000000000000000e+03
1.619000000000000000e+03
1.793000000000000000e+03
2.134000000000000000e+03
2.336000000000000000e+03
2.651000000000000000e+03
3.046000000000000000e+03
3.386000000000000000e+03
3.437000000000000000e+03
3.945000000000000000e+03
4.475000000000000000e+03
4.742000000000000000e+03
5.210000000000000000e+03
5.489000000000000000e+03
6.102000000000000000e+03
6.452000000000000000e+03
7.061000000000000000e+03
7.450000000000000000e+03
8.183000000000000000e+03
8.844000000000000000e+03
9.398000000000000000e+03
1.015000000000000000e+04
1.052400000000000000e+04
1.126300000000000000e+04
1.228400000000000000e+04
1.289100000000000000e+04
1.358800000000000000e+04
1.468400000000000000e+04
1.554300000000000000e+04
1.620100000000000000e+04
1.719400000000000000e+04
1.825800000000000000e+04
1.918300000000000000e+04
2.014800000000000000e+04
2.121300000000000000e+04
2.189400000000000000e+04
2.289700000000000000e+04
2.382500000000000000e+04
2.499900000000000000e+04
2.613200000000000000e+04
2.668600000000000000e+04
2.742900000000000000e+04
2.825000000000000000e+04
2.915400000000000000e+04
2.899000000000000000e+04
2.976300000000000000e+04
3.021200000000000000e+04
3.006300000000000000e+04
3.034000000000000000e+04
2.990700000000000000e+04
2.958500000000000000e+04
2.901100000000000000e+04
2.782900000000000000e+04
2.689700000000000000e+04
2.540400000000000000e+04
2.350500000000000000e+04
2.168200000000000000e+04
1.970800000000000000e+04
1.713900000000000000e+04
1.487700000000000000e+04
1.276000000000000000e+04
1.104200000000000000e+04
8.941000000000000000e+03
7.671000000000000000e+03
6.313000000000000000e+03
5.137000000000000000e+03
4.038000000000000000e+03
3.204000000000000000e+03
2.389000000000000000e+03
1.729000000000000000e+03
1.256000000000000000e+03
9.600000000000000000e+02
6.510000000000000000e+02
4.450000000000000000e+02
3.270000000000000000e+02
1.980000000000000000e+02
1.190000000000000000e+02
6.600000000000000000e+01
5.800000000000000000e+01
3.600000000000000000e+01
1.900000000000000000e+01
9.000000000000000000e+00
4.000000000000000000e+00
2.000000000000000000e+00
0.000000000000000000e+00
