0.000000000000000000e+00
1.240195927061526898e-01
1.739926363384381724e-01
2.420614591379635638e-01
6.773036500529138193e-01
6.073684914242752919e-01
1.081516405042013185e+00
1.299038105676658006e+00
1.658017924360288609e+00
2.129991839039530266e+00
2.714076442825441138e+00
3.206286549499280270e+00
2.874830158026731031e+00
3.834338070319308844e+00
4.633438248212659261e+00
4.304793839430640645e+00
5.597066056203017226e+00
6.153949443243744710e+00
6.236841617307192998e+00
6.863466888852528314e+00
7.302594118487963470e+00
8.745073948193633484e+00
7.833222516946649172e+00
1.083667816953147245e+01
9.344416259690863313e+00
1.171653103991855538e+01
9.810658664814509322e+00
1.284158284636282765e+01
1.361703286271921343e+01
1.472229920053250396e+01
1.320613870930390377e+01
1.352095270716435138e+01
1.823819716796317536e+01
1.666043421881239439e+01
1.893656531315473401e+01
2.101784955698370183e+01
1.978241011606017707e+01
2.103804566100128426e+01
2.130190696239129977e+01
2.390663806874567499e+01
2.606272481917422112e+01
2.611445193009753751e+01
2.679580901669839577e+01
2.823665337376226603e+01
3.136572323014408070e+01
3.323407381151722717e+01
3.397522865426184069e+01
3.366972150886275017e+01
3.470002237368694864e+01
3.917743092330072585e+01
3.602857684684998674e+01
4.145422927760206022e+01
4.377954080800043357e+01
3.729494719043720607e+01
4.049323583559975503e+01
4.161725716274440146e+01
4.797947762780978564e+01
4.212712983766369490e+01
4.011788962993161789e+01
3.961770437569546743e+01
3.964131170571932472e+01
4.387052316458483858e+01
4.194821025681548576e+01
4.032896647707916316e+01
3.944816800542675139e+01
3.569614606298556936e+01
3.280755543101885507e+01
3.067215757001779508e+01
3.018671954865872920e+01
3.031576979787087467e+01
2.325260402084033373e+01
1.663721355876638341e+01
1.770325601231310131e+01
1.761735206408727095e+01
1.775429085460751466e+01
1.173310579021492472e+01
1.316348524327808889e+01
1.212463755901593920e+01
1.295891946691544128e+01
1.039977275893564901e+01
8.344569248169733555e+00
8.954529231065137651e+00
7.751007998963747703e+00
6.592787251989859598e+00
4.974912648416553118e+00
3.648094536878121907e+00
3.907843425007583527e+00
2.855230945125105002e+00
2.534864317744640161e+00
1.843220262882328431e+00
1.499267399223700892e+00
1.131491686889479542e+00
1.024003898613184083e+00
7.703933147263156700e-01
5.760096434739613303e-01
3.750000000000000000e-01
3.121091305537215255e-01
1.240195927061526898e-01
1.739926363384381724e-01
0.000000000000000000e+00
