0.000000000000000000e+00
1.240195927061526898e-01
1.240195927061526898e-01
2.914805954090254891e-01
2.683681880830885436e-01
2.914805954090254891e-01
4.284784125250652442e-01
5.482126497765260620e-01
6.782042004440845817e-01
9.270248108869578729e-01
1.053152818623679154e+00
1.233385679491617815e+00
1.158781013608697341e+00
1.143937826107695344e+00
1.731980328807172009e+00
1.674428540577351798e+00
2.266379184817712833e+00
1.914620454391679161e+00
2.120399431710921601e+00
2.660061603492482885e+00
2.793992928476197957e+00
2.896657556564116831e+00
3.237807659126774151e+00
3.129644985357764142e+00
3.995816904510891110e+00
3.964195220974870093e+00
5.681809481527429817e+00
5.245882872250866136e+00
5.209572769191346708e+00
5.630531134748745892e+00
6.709641354750266906e+00
7.586593206728235117e+00
7.431704017880084834e+00
7.076520927510919101e+00
9.355604937683079214e+00
1.022146131844048078e+01
1.108955686600573820e+01
1.163187590672179539e+01
1.213916698130477201e+01
1.283545961146308123e+01
1.361008357799466317e+01
1.105525892957736289e+01
1.328047791873470196e+01
1.759576892279433835e+01
1.495432499103520207e+01
1.350864162073670549e+01
1.395553065768192091e+01
1.499686653469233910e+01
1.555923660563075295e+01
1.385625669542012339e+01
1.589292172438724293e+01
1.786515654449674884e+01
1.800857000847096856e+01
1.700643260651686361e+01
1.683281764886675091e+01
1.433659952490478062e+01
1.747766431763695394e+01
1.506884429408489900e+01
1.499778629498367089e+01
1.526036245013122183e+01
1.465634994635431099e+01
1.462496661320975377e+01
1.412575184669386097e+01
1.421473157502455287e+01
1.275902522175479525e+01
1.190168670753750746e+01
1.202016534828036320e+01
1.203538889847353488e+01
9.641827822047021712e+00
1.059881884633849225e+01
1.076629397413520373e+01
8.903988199642618895e+00
9.556523867887319668e+00
8.402226616164014672e+00
7.837958519282938852e+00
6.096854177309393386e+00
6.344885212466416569e+00
4.988438782261940929e+00
5.478985956303866978e+00
4.387899509944935161e+00
3.864906208435076707e+00
3.362825263078651261e+00
3.504322108125907054e+00
2.530864168125188218e+00
2.554866679496211823e+00
2.030468599701802823e+00
1.723006094011277689e+00
1.811354702805334060e+00
1.478276947792598106e+00
1.233880438899977117e+00
1.068800254666417926e+00
7.965685685331803656e-01
6.584783595532961442e-01
3.903123748998998943e-01
5.075119302784910635e-01
2.420614591379635638e-01
1.739926363384381724e-01
0.000000000000000000e+00
3.121091305537215255e-01
0.000000000000000000e+00
