6.783766168424737453e-01
7.127857475062577830e-01
7.489402040607665567e-01
7.869285142428555924e-01
8.268436961600524882e-01
8.687834860545263771e-01
9.128505776198740929e-01
9.591528734567112968e-01
1.007803749282786265e+00
1.058922331544555728e+00
1.112633789109987115e+00
1.169069639756821655e+00
1.228368072206766470e+00
1.290674284494148560e+00
1.356140839497558925e+00
1.424928038505040462e+00
1.497204313727532154e+00
1.573146640721675427e+00
1.652940971731841957e+00
1.736782691012461521e+00
1.824877093245555360e+00
1.917439886224921786e+00
2.014697719037849222e+00
2.116888737037661894e+00
2.224263164965999184e+00
2.337083919652668040e+00
2.455627253793312370e+00
2.580183432381267128e+00
2.711057443449891302e+00
2.848569744865719233e+00
2.993057049001007996e+00
3.144873147207043917e+00
3.304389776107007126e+00
3.471997527829587593e+00
3.648106806412174663e+00
3.833148832715428167e+00
4.027576700309902336e+00
4.231866484920147720e+00
4.446518410142859423e+00
4.672058072293470588e+00
4.909037727380350269e+00
5.158037643357848090e+00
5.419667520969374763e+00
5.694567986659522241e+00
5.983412161210822866e+00
6.286907307946086654e+00
6.605796564532076864e+00
6.940860762625068681e+00
7.292920339813822928e+00
7.662837348541577498e+00
8.051517566926108316e+00
8.459912716646378783e+00
8.889022793326526894e+00
9.339898515123337575e+00
9.813643895512811355e+00
1.031141894657557501e+01
1.083444251940035663e+01
1.138399528856054665e+01
1.196142288797166309e+01
1.256813920580808563e+01
1.320562984654710981e+01
1.387545576861735519e+01
1.457925710655877616e+01
1.531875718705311407e+01
1.609576674865846968e+01
1.691218837558048094e+01
1.777002115633655421e+01
1.867136557872040115e+01
1.961842867305264448e+01
2.061352941631124480e+01
2.165910441037433998e+01
2.275771384827919874e+01
2.391204778310627077e+01
2.512493271483823776e+01
2.639933851132283138e+01
2.773838568028578067e+01
2.914535301020043789e+01
3.062368559872326657e+01
3.217700328835376666e+01
3.380910952997423635e+01
3.552400069597268839e+01
3.732587586575309047e+01
3.921914710759354250e+01
4.120845028202874261e+01
4.329865639320967574e+01
4.549488351603547898e+01
4.780250932826246668e+01
5.022718427827607712e+01
5.277484542076869189e+01
5.545173095420078369e+01
5.826439549564262421e+01
6.121972613039755373e+01
6.432495927570670347e+01
6.758769839982706173e+01
7.101593263987034277e+01
7.461805636398925401e+01
7.840288972581241467e+01
8.237970026145650593e+01
8.655822558199837147e+01
9.094869721697200760e+01
