7.537640609025580973e-01
7.897724451326421091e-01
8.275010012336280196e-01
8.670319042691491118e-01
9.084512549228292988e-01
9.518492670307480141e-01
9.973204640726004433e-01
1.044963885049518426e+00
1.094883300196970888e+00
1.147187437002574750e+00
1.201990217021101204e+00
1.259411004002470857e+00
1.319574863873178128e+00
1.382612837137399353e+00
1.448662224291088707e+00
1.517866884870714195e+00
1.590377550787977823e+00
1.666352154632982030e+00
1.745956173660906385e+00
1.829362990211419238e+00
1.916754269345837702e+00
2.008320354524554041e+00
2.104260682186537501e+00
2.204784216133888641e+00
2.310109902667564885e+00
2.420467147465588109e+00
2.536096315242404753e+00
2.657249253277684797e+00
2.784189839954841261e+00
2.917194559504013629e+00
3.056553104201344961e+00
3.202569005336178165e+00
3.355560294320452108e+00
3.515860195380241304e+00
3.683817851338152760e+00
3.859799084067388364e+00
4.044187191273777238e+00
4.237383781341231170e+00
4.439809648058941960e+00
4.651905687135561962e+00
4.874133856496563943e+00
5.106978182456377802e+00
5.350945813956811570e+00
5.606568127167927962e+00
5.874401882857300805e+00
6.155030439048440272e+00
6.449065021609641235e+00
6.757146055540675711e+00
7.079944559856946817e+00
7.418163609109254431e+00
7.772539864722435965e+00
8.143845179488234720e+00
8.532888278707099872e+00
8.940516521640516245e+00
9.367617747110410065e+00
9.815122207265497778e+00
1.028400459372639197e+01
1.077528616052255472e+01
1.129003694844498895e+01
1.182937811565938802e+01
1.239448437965606509e+01
1.298658657585526655e+01
1.360697433844070225e+01
1.425699890926035529e+01
1.493807608091247907e+01
1.565168928042698582e+01
1.639939280025872037e+01
1.718281518362986304e+01
1.800366277159498907e+01
1.886372341955450338e+01
1.976487039131118451e+01
2.070906643915133927e+01
2.169836807883737251e+01
2.273493006882267764e+01
2.382101010344518954e+01
2.495897373032134325e+01
2.615129950265099978e+01
2.740058437765540944e+01
2.870954937290608555e+01
3.008104549286477791e+01
3.151805993854255306e+01
3.302372261380318719e+01
3.460131294248198941e+01
3.625426701116812467e+01
3.798618505320774830e+01
3.980083929022875822e+01
4.170218214826621761e+01
4.369435486638395361e+01
4.578169651654228289e+01
4.796875345435756799e+01
5.026028922133805565e+01
5.266129492016383296e+01
5.517700008560837688e+01
5.781288407477989466e+01
6.057468800149046473e+01
6.346842724074704734e+01
6.650040453060009327e+01
6.967722369988575792e+01
7.300580405176238230e+01
7.649339543436866506e+01
