7.010000000000000000e+02
2.126000000000000000e+03
3.308000000000000000e+03
4.441000000000000000e+03
5.360000000000000000e+03
6.008000000000000000e+03
6.681000000000000000e+03
7.158000000000000000e+03
7.521000000000000000e+03
7.977000000000000000e+03
8.390000000000000000e+03
8.584000000000000000e+03
8.800000000000000000e+03
9.193000000000000000e+03
9.685000000000000000e+03
9.912000000000000000e+03
9.931000000000000000e+03
1.023400000000000000e+04
1.039300000000000000e+04
1.052700000000000000e+04
1.041700000000000000e+04
1.028500000000000000e+04
1.027900000000000000e+04
1.011900000000000000e+04
9.791000000000000000e+03
9.234000000000000000e+03
8.619000000000000000e+03
7.916000000000000000e+03
7.241000000000000000e+03
6.346000000000000000e+03
5.524000000000000000e+03
4.418000000000000000e+03
3.542000000000000000e+03
2.772000000000000000e+03
2.074000000000000000e+03
1.345000000000000000e+03
1.024000000000000000e+03
6.640000000000000000e+02
4.610000000000000000e+02
3.170000000000000000e+02
1.410000000000000000e+02
9.200000000000000000e+01
3.200000000000000000e+01
2.300000000000000000e+01
1.000000000000000000e+01
1.000000000000000000e+00
0.000000000000000000e+00
0.000000000000000000e+00
0.000000000000000000e+00
0.000000000000000000e+00
