2.210516416366369308e-01
2.314378068653593079e-01
2.423119685973406101e-01
2.536970554671584277e-01
2.656170734168715186e-01
2.780971563135736235e-01
2.911636189452262991e-01
3.048440125065138284e-01
3.191671826917136801e-01
3.341633305170756962e-01
3.498640760009549266e-01
3.663025248359711439e-01
3.835133381937761987e-01
4.015328058096153119e-01
4.203989225007838670e-01
4.401514682803231437e-01
4.608320922348774773e-01
4.824844003435723172e-01
5.051540474230845623e-01
5.288888333927738161e-01
5.537388040628542507e-01
5.797563566581239725e-01
6.069963502997517413e-01
6.355162216780776419e-01
6.653761061603283844e-01
6.966389645886084114e-01
7.293707160355253905e-01
7.636403767973705126e-01
7.995202059179283838e-01
8.370858575497569509e-01
8.764165404742015886e-01
9.175951851164934059e-01
9.607086184080941837e-01
1.005847746864990899e+00
1.053107748267968269e+00
1.102588272349025678e+00
1.154393650907094448e+00
1.208633117796092948e+00
1.265421039249174484e+00
1.324877155024815956e+00
1.387126830883213868e+00
1.452301322925345417e+00
1.520538054352065238e+00
1.591980905226795473e+00
1.666780515852786193e+00
1.745094604404630712e+00
1.827088299483773826e+00
1.912934488299223634e+00
2.002814181207617228e+00
2.096916893381290947e+00
2.195441044409118803e+00
2.298594376672689954e+00
2.406594393379998031e+00
2.519668817180245934e+00
2.638056070326780134e+00
2.762005777400599715e+00
2.891779291654446915e+00
3.027650246087308705e+00
3.169905130411284855e+00
3.318843895127382648e+00
3.474780583983966498e+00
3.638043996151417492e+00
3.808978379509227352e+00
3.987944156507362337e+00
4.175318684132397706e+00
4.371497049580842287e+00
4.576892903317374639e+00
4.791939331274517322e+00
5.017089768032827912e+00
5.252818952907086114e+00
5.499623930954420814e+00
5.758025101015042502e+00
6.028567312995436467e+00
6.311821016707664711e+00
6.608383464687165088e+00
6.918879971525240258e+00
7.243965232371586183e+00
7.584324703386984723e+00
7.940676047056907549e+00
8.313770645413521621e+00
8.704395184356801707e+00
9.113373312415369298e+00
9.541567377444595266e+00
9.989880244923892150e+00
1.045925720168716033e+01
1.095068794910045185e+01
1.146520868988958419e+01
1.200390431301785554e+01
1.256791068122079302e+01
1.315841702602121899e+01
1.377666845527475026e+01
1.442396857853289838e+01
1.510168225575950274e+01
1.581123847519626935e+01
1.655413336644553368e+01
1.733193335512344291e+01
1.814627846573527847e+01
1.899888577973722548e+01
1.989155305607592439e+01
2.082616252184005745e+01
