7.317826690799136280e-01
7.677790323621910273e-01
8.055460554650661908e-01
8.451708370816960469e-01
8.867447602868339107e-01
9.303637032854075173e-01
9.761282605278107649e-01
1.024143974701849702e+00
1.074521580136363452e+00
1.127377258177860497e+00
1.182832905129122647e+00
1.241016413367700189e+00
1.302061966292614059e+00
1.366110347779477152e+00
1.433309266857701658e+00
1.503813698358565931e+00
1.577786240319748234e+00
1.655397488970576925e+00
1.736826432162790201e+00
1.822260862154143179e+00
1.911897808696823686e+00
2.005943993429473604e+00
2.104616306620733290e+00
2.208142307363792245e+00
2.316760748375481516e+00
2.430722126610222578e+00
2.550289260958653159e+00
2.675737898363228506e+00
2.807357349748625719e+00
2.945451157233546002e+00
3.090337794162638207e+00
3.242351399572964699e+00
3.401842548788857279e+00
3.569179061922294061e+00
3.744746852143384874e+00
3.928950815677259012e+00
4.122215765579857027e+00
4.324987411446123531e+00
4.537733387310016298e+00
4.760944330106876343e+00
4.995135011185317886e+00
5.240845523478161461e+00
5.498642527070241925e+00
5.769120556035675307e+00
6.052903389558392355e+00
6.350645490498033396e+00
6.663033514718867956e+00
6.990787894662537028e+00
7.334664500816677091e+00
7.695456384911143921e+00
8.073995608861979534e+00
8.471155163681073574e+00
8.887850982776928532e+00
9.325044054289591600e+00
9.783742637331316772e+00
1.026500458724397014e+01
1.076993979523578915e+01
1.129971274802380954e+01
1.185554521338495348e+01
1.243871905780933851e+01
1.305057920275380923e+01
1.369253672631352714e+01
1.436607211746458113e+01
1.507273869038280267e+01
1.581416616671267583e+01
1.659206443404800879e+01
1.740822748929210206e+01
1.826453757599170657e+01
1.916296952518617402e+01
2.010559530978300202e+01
2.109458882296275561e+01
2.213223089163371426e+01
2.322091453649806425e+01
2.436315049086065798e+01
2.556157299090764567e+01
2.681894585080886984e+01
2.813816883665416668e+01
2.952228435392347805e+01
3.097448446391332411e+01
3.249811824530110727e+01
3.409669951782440478e+01
3.577391494588783161e+01
3.753363254078600875e+01
3.937991058115058962e+01
4.131700697219384466e+01
4.334938906533282221e+01
4.548174396084088045e+01
4.771898931728586746e+01
5.006628469268449066e+01
5.252904344352745625e+01
5.511294520911744854e+01
5.782394901001092791e+01
6.066830699077220856e+01
6.365257883873269407e+01
6.678364691200870595e+01
7.006873211166583815e+01
7.351541053463439823e+01
7.713163094578142420e+01
8.092573310943311071e+01
8.490646702262402812e+01
