3.887957167652442259e+00
8.135990163311408452e+00
9.791927079870438533e+00
1.139609993594299731e+01
1.299863837520588206e+01
1.457386225190494855e+01
1.496163714095152031e+01
1.491295544935258555e+01
1.711689332529051555e+01
1.919164755661952171e+01
1.810644928911726126e+01
1.901412278371986986e+01
1.872904427912366643e+01
1.854039087371137384e+01
2.003473546119339233e+01
2.009405982459430717e+01
2.368063472412637793e+01
2.431555250760303011e+01
2.467827656025385963e+01
2.415525446687273003e+01
2.248857674430231768e+01
2.570121573455962150e+01
2.470671226325702463e+01
2.579516196613959877e+01
2.589197341087339765e+01
2.538023345046298118e+01
2.200477132209057984e+01
2.227688311870345572e+01
2.153719076243464059e+01
1.773370042769909460e+01
1.910323516449504311e+01
1.439067589567546968e+01
1.306459313373363429e+01
1.051290826719110072e+01
8.575890533204116650e+00
6.793551630038590972e+00
5.667805875071939781e+00
4.543168592444594367e+00
4.616942939800642520e+00
3.235393861263262227e+00
2.200352865877425401e+00
1.569982085885058831e+00
9.477306365075468531e-01
5.829611908180509783e-01
4.023247871744916604e-01
0.000000000000000000e+00
2.420614591379635638e-01
0.000000000000000000e+00
0.000000000000000000e+00
0.000000000000000000e+00
