3.972039729078121972e+00
6.783985623326453052e+00
8.509057100194768353e+00
1.085698040145140908e+01
1.130143407313315329e+01
1.255743640176509146e+01
1.390732966314435970e+01
1.354791122046125551e+01
1.562846836505420356e+01
1.725079255425674774e+01
1.587103173828028169e+01
1.676771451331397245e+01
2.132188553421988075e+01
1.969761644844370352e+01
1.812586204846544646e+01
2.047251873701670277e+01
2.015030799043466203e+01
2.124852361599212358e+01
1.962131110831727909e+01
2.552323064845779044e+01
2.088345987819966254e+01
2.075531158485400951e+01
2.264440962156830039e+01
2.403838076909507748e+01
2.263781038405382162e+01
1.640990286715235413e+01
1.770824065539473580e+01
1.733662578906287521e+01
1.959671528598606827e+01
1.999726543805427426e+01
1.495833242659003837e+01
1.393076315602899840e+01
1.249287883093304430e+01
9.919795549808473112e+00
8.072849462085862626e+00
5.461133088414436010e+00
5.650095927006461238e+00
4.895689270930090764e+00
4.842741830564581740e+00
3.128084415321140455e+00
2.482556331183645160e+00
1.763826517652742343e+00
1.103970108290980967e+00
8.744417862270763564e-01
2.914805954090254891e-01
2.914805954090254891e-01
0.000000000000000000e+00
0.000000000000000000e+00
0.000000000000000000e+00
0.000000000000000000e+00
