2.103875980296490145e-01
2.200855279809399156e-01
2.302304892507160694e-01
2.408430879890229304e-01
2.519448801975208152e-01
2.635584155134076956e-01
2.757072830115861461e-01
2.884161591181058637e-01
3.017108577322019092e-01
3.156183826587350971e-01
3.301669824575348966e-01
3.453862078210520048e-01
3.613069715968641460e-01
3.779616115769528495e-01
3.953839561812853010e-01
4.136093931691156578e-01
4.326749415175727420e-01
4.526193266135276616e-01
4.734830589114736310e-01
4.953085162171808054e-01
5.181400297642632102e-01
5.420239742584889164e-01
5.670088620727332662e-01
5.931454417838986082e-01
6.204868012519462184e-01
6.490884754504125942e-01
6.790085592674310888e-01
7.103078255063778323e-01
7.430498483258209941e-01
7.773011323695012686e-01
8.131312478486283357e-01
8.506129718508694815e-01
8.898224361630510115e-01
9.308392819078280533e-01
9.737468213084150559e-01
1.018632206909948268e+00
1.065586608601199137e+00
1.114705398796197677e+00
1.166088346151905597e+00
1.219839818215406879e+00
1.276068993412232455e+00
1.334890082806399869e+00
1.396422562082602070e+00
1.460791414221741746e+00
1.528127383362722913e+00
1.598567240366141062e+00
1.672254060619274396e+00
1.749337514646645442e+00
1.829974172116434650e+00
1.914327819860232482e+00
2.002569794552084836e+00
2.094879330722559718e+00
2.191443924814704847e+00
2.292459716021370220e+00
2.398131884677425774e+00
2.508675069016083725e+00
2.624313801135832236e+00
2.745282963063497395e+00
2.871828263839781847e+00
3.004206738596315596e+00
3.142687270637930297e+00
3.287551137590606132e+00
3.439092582724397662e+00
3.597619412611800183e+00
3.763453622335496629e+00
3.936932049515402543e+00
4.118407058483430028e+00
4.308247255995668823e+00
4.506838239935698098e+00
4.714583382529778710e+00
4.931904649664785367e+00
5.159243457973031965e+00
5.397061571424886850e+00
5.645842039250307032e+00
5.906090177094377225e+00
6.178334593399736896e+00
6.463128263100665905e+00
6.761049650809677125e+00
7.072703885777994692e+00
7.398723991016477264e+00
7.739772169073536823e+00
8.096541147081680379e+00
8.469755583804692733e+00
8.860173541543424847e+00
9.268588025889881621e+00
9.695828596457097603e+00
1.014276305185647509e+01
1.061029919234505847e+01
1.109938666372300631e+01
1.161101888622648737e+01
1.214623507233395117e+01
1.270612233758428822e+01
1.329181790869423629e+01
1.390451143346019336e+01
1.454544739713623436e+01
1.521592765019627969e+01
1.591731405261491794e+01
1.665103124003774226e+01
1.741856951745980808e+01
1.822148788628974714e+01
