0.000000000000000000e+00
9.843750000000000000e-01
2.937500000000000000e+00
4.859375000000000000e+00
9.843750000000000000e-01
1.468750000000000000e+01
1.271875000000000000e+01
1.371875000000000000e+01
2.648437500000000000e+01
2.154687500000000000e+01
3.723437500000000000e+01
4.207812500000000000e+01
6.556250000000000000e+01
8.317187500000000000e+01
1.105468750000000000e+02
1.105000000000000000e+02
1.419687500000000000e+02
1.752656250000000000e+02
2.382500000000000000e+02
2.397656250000000000e+02
2.828281250000000000e+02
3.749062500000000000e+02
4.511250000000000000e+02
5.205000000000000000e+02
6.338281250000000000e+02
7.737343750000000000e+02
9.469218750000000000e+02
9.960000000000000000e+02
1.113187500000000000e+03
1.294906250000000000e+03
1.631281250000000000e+03
1.848640625000000000e+03
2.066406250000000000e+03
2.378828125000000000e+03
2.672343750000000000e+03
2.984234375000000000e+03
3.367062500000000000e+03
3.666234375000000000e+03
4.078281250000000000e+03
4.474031250000000000e+03
4.738390625000000000e+03
5.396046875000000000e+03
5.779625000000000000e+03
6.154671875000000000e+03
6.633593750000000000e+03
6.981453125000000000e+03
7.347000000000000000e+03
7.569812500000000000e+03
7.854281250000000000e+03
8.232734375000000000e+03
8.400937500000000000e+03
8.321078125000000000e+03
8.412328125000000000e+03
8.335828125000000000e+03
8.136265625000000000e+03
8.052046875000000000e+03
7.817906250000000000e+03
7.682093750000000000e+03
7.364171875000000000e+03
6.970921875000000000e+03
6.759437500000000000e+03
6.399406250000000000e+03
5.967656250000000000e+03
5.524546875000000000e+03
5.155671875000000000e+03
4.758265625000000000e+03
4.250781250000000000e+03
4.013593750000000000e+03
3.476156250000000000e+03
3.227234375000000000e+03
2.914796875000000000e+03
2.622703125000000000e+03
2.251937500000000000e+03
1.960046875000000000e+03
1.654031250000000000e+03
1.509468750000000000e+03
1.220359375000000000e+03
1.024625000000000000e+03
9.003593750000000000e+02
7.222812500000000000e+02
5.931875000000000000e+02
4.688906250000000000e+02
3.866718750000000000e+02
3.362500000000000000e+02
2.294375000000000000e+02
2.046406250000000000e+02
1.516562500000000000e+02
1.150781250000000000e+02
8.051562500000000000e+01
6.609375000000000000e+01
4.901562500000000000e+01
3.923437500000000000e+01
1.726562500000000000e+01
1.815625000000000000e+01
6.656250000000000000e+00
3.828125000000000000e+00
0.000000000000000000e+00
9.531250000000000000e-01
2.859375000000000000e+00
0.000000000000000000e+00
