0.000000000000000000e+00
1.968750000000000000e+00
2.953125000000000000e+00
1.673437500000000000e+01
4.134375000000000000e+01
7.185937500000000000e+01
1.348593750000000000e+02
1.840781250000000000e+02
2.893437500000000000e+02
4.183593750000000000e+02
5.403906250000000000e+02
7.215312500000000000e+02
8.307812500000000000e+02
1.058171875000000000e+03
1.140859375000000000e+03
1.448906250000000000e+03
1.521781250000000000e+03
1.833796875000000000e+03
2.014828125000000000e+03
2.357484375000000000e+03
2.598640625000000000e+03
2.865343750000000000e+03
3.037500000000000000e+03
3.465546875000000000e+03
3.848625000000000000e+03
4.090640625000000000e+03
4.603546875000000000e+03
5.009046875000000000e+03
5.284593750000000000e+03
5.555187500000000000e+03
6.125187500000000000e+03
6.549359375000000000e+03
7.145875000000000000e+03
7.534546875000000000e+03
8.190859375000000000e+03
8.818140625000000000e+03
9.186031250000000000e+03
9.807031250000000000e+03
1.058570312500000000e+04
1.138379687500000000e+04
1.188664062500000000e+04
1.243860937500000000e+04
1.342315625000000000e+04
1.430985937500000000e+04
1.513818750000000000e+04
1.623160937500000000e+04
1.660328125000000000e+04
1.764417187500000000e+04
1.834010937500000000e+04
1.925425000000000000e+04
2.006809375000000000e+04
2.129471875000000000e+04
2.216945312500000000e+04
2.268303125000000000e+04
2.345020312500000000e+04
2.435092187500000000e+04
2.491059375000000000e+04
2.553139062500000000e+04
2.616260937500000000e+04
2.613625000000000000e+04
2.675642187500000000e+04
2.703548437500000000e+04
2.707117187500000000e+04
2.683015625000000000e+04
2.682631250000000000e+04
2.640981250000000000e+04
2.571057812500000000e+04
2.512665625000000000e+04
2.407375000000000000e+04
2.291446875000000000e+04
2.167239062500000000e+04
1.998129687500000000e+04
1.787659375000000000e+04
1.583276562500000000e+04
1.398096875000000000e+04
1.217348437500000000e+04
1.040539062500000000e+04
8.721328125000000000e+03
7.435437500000000000e+03
6.065953125000000000e+03
5.127375000000000000e+03
3.947296875000000000e+03
3.084171875000000000e+03
2.436171875000000000e+03
1.790984375000000000e+03
1.330718750000000000e+03
9.874687500000000000e+02
6.953593750000000000e+02
4.621875000000000000e+02
3.500781250000000000e+02
2.065156250000000000e+02
1.298750000000000000e+02
9.339062500000000000e+01
6.487500000000000000e+01
3.635937500000000000e+01
1.867187500000000000e+01
8.859375000000000000e+00
1.968750000000000000e+00
2.953125000000000000e+00
0.000000000000000000e+00
