0.000000000000000000e+00
3.000000000000000000e+00
6.000000000000000000e+00
1.800000000000000000e+01
3.700000000000000000e+01
7.100000000000000000e+01
1.390000000000000000e+02
2.240000000000000000e+02
2.860000000000000000e+02
4.130000000000000000e+02
5.640000000000000000e+02
7.610000000000000000e+02
8.960000000000000000e+02
1.105000000000000000e+03
1.333000000000000000e+03
1.543000000000000000e+03
1.684000000000000000e+03
2.062000000000000000e+03
2.324000000000000000e+03
2.514000000000000000e+03
2.802000000000000000e+03
3.157000000000000000e+03
3.498000000000000000e+03
3.808000000000000000e+03
4.200000000000000000e+03
4.588000000000000000e+03
4.963000000000000000e+03
5.532000000000000000e+03
5.769000000000000000e+03
6.295000000000000000e+03
6.684000000000000000e+03
7.373000000000000000e+03
7.979000000000000000e+03
8.431000000000000000e+03
9.154000000000000000e+03
9.647000000000000000e+03
1.037400000000000000e+04
1.096200000000000000e+04
1.176400000000000000e+04
1.224300000000000000e+04
1.328600000000000000e+04
1.409000000000000000e+04
1.463000000000000000e+04
1.582600000000000000e+04
1.667400000000000000e+04
1.734200000000000000e+04
1.844700000000000000e+04
1.933500000000000000e+04
2.035700000000000000e+04
2.117400000000000000e+04
2.215500000000000000e+04
2.311200000000000000e+04
2.397900000000000000e+04
2.486200000000000000e+04
2.586000000000000000e+04
2.633000000000000000e+04
2.749200000000000000e+04
2.782500000000000000e+04
2.880900000000000000e+04
2.923900000000000000e+04
2.932000000000000000e+04
2.997900000000000000e+04
2.977900000000000000e+04
2.976100000000000000e+04
2.932800000000000000e+04
2.902100000000000000e+04
2.837700000000000000e+04
2.719700000000000000e+04
2.608600000000000000e+04
2.478500000000000000e+04
2.279700000000000000e+04
2.119700000000000000e+04
1.908700000000000000e+04
1.681800000000000000e+04
1.474400000000000000e+04
1.259300000000000000e+04
1.091300000000000000e+04
9.169000000000000000e+03
7.571000000000000000e+03
6.375000000000000000e+03
5.090000000000000000e+03
4.277000000000000000e+03
3.344000000000000000e+03
2.502000000000000000e+03
1.915000000000000000e+03
1.355000000000000000e+03
1.056000000000000000e+03
7.320000000000000000e+02
5.300000000000000000e+02
3.660000000000000000e+02
2.490000000000000000e+02
1.390000000000000000e+02
9.100000000000000000e+01
5.300000000000000000e+01
4.200000000000000000e+01
2.000000000000000000e+01
2.200000000000000000e+01
2.000000000000000000e+00
3.000000000000000000e+00
0.000000000000000000e+00
