0.000000000000000000e+00
9.687500000000000000e-01
0.000000000000000000e+00
1.968750000000000000e+00
1.968750000000000000e+00
4.906250000000000000e+00
3.937500000000000000e+00
1.968750000000000000e+00
1.565625000000000000e+01
1.570312500000000000e+01
2.451562500000000000e+01
3.521875000000000000e+01
2.932812500000000000e+01
5.582812500000000000e+01
7.743750000000000000e+01
7.931250000000000000e+01
1.058125000000000000e+02
1.184687500000000000e+02
1.567031250000000000e+02
1.957656250000000000e+02
2.310468750000000000e+02
2.822031250000000000e+02
3.692500000000000000e+02
4.059843750000000000e+02
5.148750000000000000e+02
6.017187500000000000e+02
7.594531250000000000e+02
8.218437500000000000e+02
1.020859375000000000e+03
1.148500000000000000e+03
1.408250000000000000e+03
1.608171875000000000e+03
1.866046875000000000e+03
2.106453125000000000e+03
2.413156250000000000e+03
2.720093750000000000e+03
3.106609375000000000e+03
3.437828125000000000e+03
3.764593750000000000e+03
4.189921875000000000e+03
4.773140625000000000e+03
5.133562500000000000e+03
5.616250000000000000e+03
6.149578125000000000e+03
6.380578125000000000e+03
6.976187500000000000e+03
7.482453125000000000e+03
7.760515625000000000e+03
7.947468750000000000e+03
8.409265625000000000e+03
8.449453125000000000e+03
8.557796875000000000e+03
8.624312500000000000e+03
8.680265625000000000e+03
8.664765625000000000e+03
8.336796875000000000e+03
8.078906250000000000e+03
7.905531250000000000e+03
7.651156250000000000e+03
7.285500000000000000e+03
7.178734375000000000e+03
6.655781250000000000e+03
6.076156250000000000e+03
5.755578125000000000e+03
5.295281250000000000e+03
5.095453125000000000e+03
4.454312500000000000e+03
3.949156250000000000e+03
3.678156250000000000e+03
3.371093750000000000e+03
2.974312500000000000e+03
2.634421875000000000e+03
2.181109375000000000e+03
1.937171875000000000e+03
1.611515625000000000e+03
1.427250000000000000e+03
1.217359375000000000e+03
9.611093750000000000e+02
8.230156250000000000e+02
6.542968750000000000e+02
5.029218750000000000e+02
4.693750000000000000e+02
3.393125000000000000e+02
2.982968750000000000e+02
1.950156250000000000e+02
1.690625000000000000e+02
1.247656250000000000e+02
7.685937500000000000e+01
5.670312500000000000e+01
3.540625000000000000e+01
3.070312500000000000e+01
2.209375000000000000e+01
1.823437500000000000e+01
1.248437500000000000e+01
1.875000000000000000e+00
4.812500000000000000e+00
2.890625000000000000e+00
1.906250000000000000e+00
9.687500000000000000e-01
9.687500000000000000e-01
