2.176030117851200929e-01
2.276461970840581439e-01
2.381529125985082651e-01
2.491445519654785223e-01
2.606434962175972481e-01
2.726731593550786314e-01
2.852580360210054677e-01
2.984237513770003902e-01
3.121971132808470384e-01
3.266061668722988753e-01
3.416802516782275201e-01
3.574500613533844184e-01
3.739477061784194922e-01
3.912067784424163031e-01
4.092624208430720723e-01
4.281513980438004796e-01
4.479121715334591913e-01
4.685849779411317972e-01
4.902119109654265450e-01
5.128370070851163698e-01
5.365063352256419504e-01
5.612680905640566875e-01
5.871726926634173171e-01
6.142728881364396543e-01
6.426238580474636919e-01
6.722833302714162906e-01
7.033116970385564493e-01
7.357721379043471455e-01
7.697307483948409024e-01
8.052566745895275435e-01
8.424222539156789313e-01
8.813031624408742548e-01
9.219785689636211812e-01
9.645312962158302250e-01
1.009047989505380327e+00
1.055619293142164183e+00
1.104340035006849297e+00
1.155309419638169910e+00
1.208631230231915543e+00
1.264414039962919123e+00
1.322771433060337953e+00
1.383822236086380109e+00
1.447690759889398437e+00
1.514507052724017866e+00
1.584407165053695055e+00
1.657533426574895330e+00
1.734034736026963452e+00
1.814066864377794186e+00
1.897792772002643069e+00
1.985382940501916105e+00
2.077015719833580132e+00
2.172877691467018479e+00
2.273164048297785289e+00
2.378078992096831268e+00
2.487836149303483513e+00
2.602659006008815723e+00
2.722781363015108091e+00
2.848447811897990345e+00
2.979914233040616089e+00
3.117448316653959051e+00
3.261330107844127468e+00
3.411852576836554185e+00
3.569322215518145658e+00
3.734059661512063588e+00
3.906400351055867137e+00
4.086695202012400330e+00
4.275311328404169942e+00
4.472632787926121622e+00
4.679061363958909148e+00
4.895017383674968414e+00
5.120940573903223658e+00
5.357290956495113221e+00
5.604549785015082719e+00
5.863220524662810185e+00
6.133829877422478205e+00
6.416928854526476655e+00
6.713093898417285210e+00
7.022928056492048654e+00
7.347062209019822099e+00
7.686156353731735891e+00
8.040900949699762990e+00
8.412018323240474160e+00
8.800264138706452854e+00
9.206428937160186621e+00
9.631339746063467544e+00
1.007586176325990834e+01
1.054090011867951482e+01
1.102740171735240970e+01
1.153635716748451578e+01
1.206880279752106588e+01
1.262582276630504552e+01
1.320855127062726631e+01
1.381817485466308604e+01
1.445593482599817747e+01
1.512312978316283285e+01
1.582111825982132203e+01
1.655132149100042582e+01
1.731522630698965060e+01
1.811438816080566383e+01
1.895043429538542057e+01
