0.000000000000000000e+00
1.000000000000000000e+00
0.000000000000000000e+00
0.000000000000000000e+00
0.000000000000000000e+00
0.000000000000000000e+00
0.000000000000000000e+00
1.000000000000000000e+00
0.000000000000000000e+00
0.000000000000000000e+00
7.000000000000000000e+00
1.800000000000000000e+01
3.200000000000000000e+01
7.300000000000000000e+01
1.390000000000000000e+02
2.150000000000000000e+02
3.340000000000000000e+02
4.500000000000000000e+02
6.230000000000000000e+02
8.400000000000000000e+02
1.006000000000000000e+03
1.256000000000000000e+03
1.524000000000000000e+03
1.847000000000000000e+03
2.116000000000000000e+03
2.414000000000000000e+03
2.725000000000000000e+03
3.099000000000000000e+03
3.408000000000000000e+03
3.821000000000000000e+03
4.231000000000000000e+03
4.714000000000000000e+03
5.060000000000000000e+03
5.531000000000000000e+03
6.015000000000000000e+03
6.662000000000000000e+03
7.397000000000000000e+03
7.819000000000000000e+03
8.398000000000000000e+03
9.229000000000000000e+03
9.918000000000000000e+03
1.060200000000000000e+04
1.128200000000000000e+04
1.215700000000000000e+04
1.283700000000000000e+04
1.389100000000000000e+04
1.500600000000000000e+04
1.578700000000000000e+04
1.684700000000000000e+04
1.758800000000000000e+04
1.877100000000000000e+04
2.011700000000000000e+04
2.107000000000000000e+04
2.201500000000000000e+04
2.313100000000000000e+04
2.430800000000000000e+04
2.546100000000000000e+04
2.655000000000000000e+04
2.715900000000000000e+04
2.865900000000000000e+04
2.931100000000000000e+04
2.969500000000000000e+04
3.040200000000000000e+04
3.112600000000000000e+04
3.129300000000000000e+04
3.125100000000000000e+04
3.137800000000000000e+04
3.115100000000000000e+04
3.075400000000000000e+04
2.966100000000000000e+04
2.834200000000000000e+04
2.709300000000000000e+04
2.512800000000000000e+04
2.300900000000000000e+04
2.080800000000000000e+04
1.810400000000000000e+04
1.554300000000000000e+04
1.326900000000000000e+04
1.113500000000000000e+04
9.098000000000000000e+03
7.546000000000000000e+03
5.973000000000000000e+03
4.928000000000000000e+03
3.726000000000000000e+03
2.898000000000000000e+03
2.050000000000000000e+03
1.439000000000000000e+03
1.059000000000000000e+03
7.450000000000000000e+02
4.740000000000000000e+02
3.290000000000000000e+02
2.030000000000000000e+02
1.150000000000000000e+02
7.700000000000000000e+01
4.900000000000000000e+01
2.600000000000000000e+01
1.200000000000000000e+01
6.000000000000000000e+00
4.000000000000000000e+00
0.000000000000000000e+00
