7.150000000000000000e+02
1.925250000000000000e+03
3.210406250000000000e+03
4.297250000000000000e+03
5.095156250000000000e+03
5.924312500000000000e+03
6.288968750000000000e+03
6.942421875000000000e+03
7.295484375000000000e+03
7.427343750000000000e+03
7.947953125000000000e+03
8.478656250000000000e+03
8.488375000000000000e+03
8.893000000000000000e+03
9.120750000000000000e+03
9.431515625000000000e+03
9.739062500000000000e+03
9.697218750000000000e+03
9.844187500000000000e+03
9.847218750000000000e+03
9.973296875000000000e+03
1.007231250000000000e+04
9.831328125000000000e+03
9.572906250000000000e+03
9.391390625000000000e+03
8.725734375000000000e+03
8.359390625000000000e+03
7.568359375000000000e+03
6.726359375000000000e+03
5.971734375000000000e+03
5.041234375000000000e+03
4.176406250000000000e+03
3.372218750000000000e+03
2.623218750000000000e+03
1.933875000000000000e+03
1.378609375000000000e+03
9.308750000000000000e+02
6.861093750000000000e+02
4.178593750000000000e+02
2.632968750000000000e+02
1.525781250000000000e+02
9.167187500000000000e+01
4.057812500000000000e+01
2.118750000000000000e+01
6.718750000000000000e+00
0.000000000000000000e+00
0.000000000000000000e+00
0.000000000000000000e+00
0.000000000000000000e+00
0.000000000000000000e+00
