2.409795278436254740e-01
2.518891978300097922e-01
2.632927724242953293e-01
2.752126117677156092e-01
2.876720882939748924e-01
3.006956325579417388e-01
3.143087811391067632e-01
3.285382267137345047e-01
3.434118703938924821e-01
3.589588764359805118e-01
3.752097294260365867e-01
3.921962940539451825e-01
4.099518775937553983e-01
4.285112952126193808e-01
4.479109382364095393e-01
4.681888455058684784e-01
4.893847779632090611e-01
5.115402966154124487e-01
5.346988440270945553e-01
5.589058295027328205e-01
5.842087181252798578e-01
6.106571238257479939e-01
6.383029066662583295e-01
6.672002745273059032e-01
6.974058893986295748e-01
7.289789784821021357e-01
7.619814503244907167e-01
7.964780162078014536e-01
8.325363170352303444e-01
8.702270559615185030e-01
9.096241370277728944e-01
9.508048100725897678e-01
9.938498222036202812e-01
1.038843576126584844e+00
1.085874295642189624e+00
1.135034198635448410e+00
1.186419677896609404e+00
1.240131490128242753e+00
1.296274953509089167e+00
1.354960154202057732e+00
1.416302162211291016e+00
1.480421257011553138e+00
1.547443163392351551e+00
1.617499297979237305e+00
1.690727026915667341e+00
1.767269935210683096e+00
1.847278108280549391e+00
1.930908426236400244e+00
2.018324871494927564e+00
2.109698850315277152e+00
2.205209528892627890e+00
2.305044184667455198e+00
2.409398573539338173e+00
2.518477313705335341e+00
2.632494286875564526e+00
2.751673057652686882e+00
2.876247311897621728e+00
3.006461314941027307e+00
3.142570390539024761e+00
3.284841421512292747e+00
3.433553373050183488e+00
3.588997839705964310e+00
3.751479617155734747e+00
3.921317299842104198e+00
4.098843905674520727e+00
4.284407529011144078e+00
4.478372023202632057e+00
4.681117714036175492e+00
4.893042145478719185e+00
5.114560859181581876e+00
5.346108209274978762e+00
5.588138214050064612e+00
5.841125446198476290e+00
6.105565963354975700e+00
6.381978280767796718e+00
6.670904388003886964e+00
6.972910811682631049e+00
7.288589726321858642e+00
7.618560115474261707e+00
7.963468985431006786e+00
8.323992633872364877e+00
8.700837975952920189e+00
9.094743930421568479e+00
9.506482868494172678e+00
9.936862128319882359e+00
1.038672559801062611e+01
1.085695537033783609e+01
1.134847347234088311e+01
1.186224367323868734e+01
1.239927337418942166e+01
1.296061558360377752e+01
1.354737098188499900e+01
1.416069007964417814e+01
1.480177547362268164e+01
1.547188420474514992e+01
1.617233022292664657e+01
1.690448696346706825e+01
1.766979004008458176e+01
1.846974005986848510e+01
1.930590556567122462e+01
