6.986956996204086723e-01
7.322928778300729080e-01
7.675055953714736701e-01
8.044115363678459030e-01
8.430921204274630654e-01
8.836326822665497849e-01
9.261226599694635242e-01
9.706557923014740297e-01
1.017330325509439470e+00
1.066249230066609988e+00
1.117520427839728159e+00
1.171257030179587266e+00
1.227577587460309649e+00
1.286606350617862438e+00
1.348473545264800011e+00
1.413315658985970114e+00
1.481275742448996624e+00
1.552503724993828493e+00
1.627156745397593474e+00
1.705399498544464709e+00
1.787404598765345964e+00
1.873352960648949628e+00
1.963434198164392797e+00
2.057847042975827545e+00
2.156799782871966720e+00
2.260510721277745105e+00
2.369208658861854833e+00
2.483133398302653116e+00
2.602536273326025107e+00
2.727680703182332245e+00
2.858842773785696512e+00
2.996311846797697243e+00
3.140391197999202522e+00
3.291398686358672165e+00
3.449667455272985350e+00
3.615546667527835822e+00
3.789402275599109693e+00
3.971617828994640664e+00
4.162595320417453060e+00
4.362756072617242964e+00
4.572541667886612871e+00
4.792414922252660858e+00
5.022860906513121115e+00
5.264388016369612622e+00
5.517529094018839508e+00
5.782842603676146886e+00
6.060913863624790565e+00
6.352356337508992645e+00
6.657812987719561093e+00
6.977957693857805843e+00
7.313496739407114866e+00
7.665170369891961322e+00
8.033754425961877388e+00
8.420062055003189272e+00
8.824945505054568429e+00
9.249298004984042976e+00
9.694055735075364666e+00
1.016019989237114451e+01
1.064875885532920741e+01
1.116081045256761151e+01
1.169748434070362642e+01
1.225996449653239218e+01
1.284949182904343346e+01
1.346736691703744349e+01
1.411495287838293500e+01
1.479367837724271517e+01
1.550504077590454521e+01
1.625060943816937353e+01
1.703202919158484008e+01
1.785102395616227255e+01
1.870940054758254334e+01
1.960905266328128604e+01
2.055196506020726233e+01
2.154021793347055791e+01
2.257599150554061040e+01
2.366157083611841472e+01
2.479935086329412997e+01
2.599184168711162712e+01
2.724167410719621074e+01
2.855160542666233425e+01
2.992452553510544888e+01
3.136346328409802808e+01
3.287159316925486507e+01
3.445224233360928423e+01
3.610889790775073038e+01
3.784521470291686995e+01
3.966502327401254036e+01
4.157233837034343082e+01
4.357136779270813776e+01
4.566652167638846294e+01
4.786242222051755846e+01
5.016391388529029172e+01
5.257607407951215350e+01
5.510422436206511776e+01
5.775394218200223406e+01
6.053107318317133689e+01
6.344174410051357427e+01
6.649237627648783189e+01
6.968969982743982428e+01
7.304076849116931669e+01
