3.339475948315094644e+00
6.394405971970734903e+00
9.120597718043208957e+00
1.167294171832340588e+01
1.183644027397489928e+01
1.523513619893173043e+01
1.491956788447222415e+01
1.455364537667453284e+01
1.701348700985118612e+01
1.634001510862214701e+01
1.571846265890449601e+01
1.746936492656501727e+01
1.820257509899011339e+01
2.061666498248443702e+01
1.927635548695279155e+01
1.915316553470992034e+01
1.984253810275729180e+01
2.047482614967401915e+01
1.772610627718337994e+01
2.089453964818021703e+01
2.213938444830840524e+01
2.067748412185039086e+01
1.995698499272873505e+01
1.974875762508555965e+01
2.146852256065843179e+01
1.492957916300305499e+01
1.876628849784567876e+01
2.047930906083930935e+01
1.746067009023422401e+01
1.417509610582499668e+01
1.322557263351477808e+01
1.303802094776561482e+01
9.520319039264125038e+00
1.067780993462610795e+01
1.040864274293243241e+01
6.902342644666012106e+00
4.928963150032164897e+00
5.089026759545974166e+00
3.653845363107202093e+00
3.079948698334925350e+00
2.207000138055047689e+00
1.774108490904657165e+00
1.211919964354082335e+00
1.188732912600639624e+00
2.914805954090254891e-01
2.113710821635731707e-01
0.000000000000000000e+00
0.000000000000000000e+00
0.000000000000000000e+00
0.000000000000000000e+00
