0.000000000000000000e+00
1.739926363384381724e-01
0.000000000000000000e+00
1.739926363384381724e-01
0.000000000000000000e+00
2.997394702070449446e-01
1.240195927061526898e-01
3.586950088515311608e-01
4.284784125250652442e-01
2.914805954090254891e-01
6.279228530440662537e-01
5.691876750027182741e-01
7.206157848500128749e-01
7.754471996048474258e-01
1.006691479240288345e+00
1.233385679491617815e+00
1.289133520770831653e+00
1.429239171508743578e+00
1.568659733458789285e+00
2.043413102966455952e+00
2.188169540392151724e+00
1.841364982832029318e+00
2.600283563262860920e+00
2.766816480632569686e+00
3.361627152046312350e+00
3.403489420341276883e+00
4.096492402043485193e+00
4.543087984785238120e+00
5.641101087941519765e+00
5.255577394540013714e+00
5.627061254276071622e+00
5.379358697837503200e+00
6.550211709364820223e+00
7.434068930227577532e+00
8.502756905851184044e+00
7.098893372165480997e+00
8.672818079349987386e+00
1.093784597667086445e+01
1.085638448031272496e+01
1.197849635805763313e+01
1.194976464203375066e+01
1.470647046158594762e+01
1.398240209546896828e+01
1.524202532268923882e+01
1.699051177082005992e+01
1.623172048798278055e+01
1.808613829532164274e+01
1.765433479656979188e+01
1.739833751935799100e+01
1.676316384544919202e+01
1.747832781931312240e+01
2.205625243517980394e+01
1.851060058410788045e+01
1.996862773827986359e+01
1.734129346341774536e+01
1.845533433006227142e+01
1.959342603400436289e+01
1.715346061112742504e+01
1.976665017104251376e+01
1.364447253870133991e+01
1.516262752419579840e+01
1.625096151001533684e+01
1.453753224416028544e+01
1.436708341792098054e+01
1.367361596058262840e+01
1.403865165300339690e+01
1.164865494850693040e+01
1.388927158760944458e+01
1.120616459811295051e+01
1.215587844869201462e+01
9.037559971274049531e+00
8.190064006923266859e+00
8.644438579767630415e+00
1.090959610202756380e+01
7.948795481667332297e+00
6.780025811160308891e+00
7.030902769203966507e+00
7.060131654889659103e+00
5.525155540797019427e+00
4.521541323210482410e+00
5.633240491715225673e+00
4.096939358762221595e+00
3.975388149288066497e+00
2.669086629823018697e+00
3.157332735078772323e+00
3.164400059154183431e+00
2.434894440730439591e+00
2.616756027866373291e+00
1.521252439398208534e+00
1.533162071504510005e+00
1.333170562981346396e+00
1.274659114969566964e+00
8.748604799480886873e-01
7.273601132692113502e-01
5.605434723328780455e-01
8.947273938887755351e-01
4.038389994787526804e-01
1.739926363384381724e-01
3.121091305537215255e-01
0.000000000000000000e+00
