0.000000000000000000e+00
3.937500000000000000e+00
5.906250000000000000e+00
1.082812500000000000e+01
2.854687500000000000e+01
6.693750000000000000e+01
1.122187500000000000e+02
1.702968750000000000e+02
2.332812500000000000e+02
3.897968750000000000e+02
4.970937500000000000e+02
6.585468750000000000e+02
8.061875000000000000e+02
1.020703125000000000e+03
1.158562500000000000e+03
1.407562500000000000e+03
1.651703125000000000e+03
1.809187500000000000e+03
2.120218750000000000e+03
2.360375000000000000e+03
2.767937500000000000e+03
2.866406250000000000e+03
3.391046875000000000e+03
3.532703125000000000e+03
3.921390625000000000e+03
4.240406250000000000e+03
4.743343750000000000e+03
4.987546875000000000e+03
5.545359375000000000e+03
6.030859375000000000e+03
6.513890625000000000e+03
6.840890625000000000e+03
7.272625000000000000e+03
7.962765625000000000e+03
8.361484375000000000e+03
9.172265625000000000e+03
9.757000000000000000e+03
1.029731250000000000e+04
1.103448437500000000e+04
1.175645312500000000e+04
1.258243750000000000e+04
1.353164062500000000e+04
1.420807812500000000e+04
1.493156250000000000e+04
1.585346875000000000e+04
1.658109375000000000e+04
1.748723437500000000e+04
1.858142187500000000e+04
1.949304687500000000e+04
2.054746875000000000e+04
2.112375000000000000e+04
2.204667187500000000e+04
2.326817187500000000e+04
2.409835937500000000e+04
2.487285937500000000e+04
2.570368750000000000e+04
2.635818750000000000e+04
2.723953125000000000e+04
2.766578125000000000e+04
2.781817187500000000e+04
2.859356250000000000e+04
2.881628125000000000e+04
2.852348437500000000e+04
2.893098437500000000e+04
2.841953125000000000e+04
2.825878125000000000e+04
2.722551562500000000e+04
2.671629687500000000e+04
2.532507812500000000e+04
2.417951562500000000e+04
2.223400000000000000e+04
2.081626562500000000e+04
1.851923437500000000e+04
1.639059375000000000e+04
1.416365625000000000e+04
1.218540625000000000e+04
1.038192187500000000e+04
8.716562500000000000e+03
7.391250000000000000e+03
5.940921875000000000e+03
4.960250000000000000e+03
3.949187500000000000e+03
3.070890625000000000e+03
2.327953125000000000e+03
1.674921875000000000e+03
1.261750000000000000e+03
9.284375000000000000e+02
6.452656250000000000e+02
4.120937500000000000e+02
3.117187500000000000e+02
1.897968750000000000e+02
1.209843750000000000e+02
7.567187500000000000e+01
5.509375000000000000e+01
3.343750000000000000e+01
1.671875000000000000e+01
1.278125000000000000e+01
5.906250000000000000e+00
1.968750000000000000e+00
0.000000000000000000e+00
