6.854899673756096323e-01
7.203714777687043602e-01
7.570279518012550390e-01
7.955497094131349645e-01
8.360316665209218678e-01
8.785735688865426996e-01
9.232802378864436443e-01
9.702618287868516322e-01
1.019634102161506073e+00
1.071518709120621526e+00
1.126043491053872581e+00
1.183342794625955374e+00
1.243557802800862255e+00
1.306836882710494363e+00
1.373335951224750051e+00
1.443218859123835296e+00
1.516657794819380012e+00
1.593833708619110556e+00
1.674936758580451768e+00
1.760166779051615338e+00
1.849733773054645702e+00
1.943858429723631875e+00
2.042772668073026487e+00
2.146720208435897170e+00
2.255957172980110226e+00
2.370752716782086544e+00
2.491389691013074170e+00
2.618165339871992181e+00
2.751392032982066471e+00
2.891398035055841476e+00
3.038528314724997514e+00
3.193145394527884040e+00
3.355630244149112595e+00
3.526383219112105394e+00
3.705825047237496062e+00
3.894397865297975603e+00
4.092566308423858601e+00
4.300818654943606489e+00
4.519668029480155447e+00
4.749653667267418555e+00
4.991342242802191187e+00
5.245329266105184907e+00
5.512240550031528130e+00
5.792733752246122414e+00
6.087499995663200103e+00
6.397265571342791723e+00
6.722793728039953010e+00
7.064886552816139087e+00
7.424386947346434340e+00
7.802180704792221810e+00
8.199198692356565843e+00
8.616419144900071103e+00
9.054870075268546259e+00
9.515631807271454079e+00
9.999839637552256022e+00
1.050868663290941463e+01
1.104342656996053762e+01
1.160537702439275876e+01
1.219592261741136596e+01
1.281651842738551217e+01
1.346869357509729426e+01
1.415405499142819323e+01
1.487429137676598678e+01
1.563117736188835494e+01
1.642657788057493917e+01
1.726245276472229051e+01
1.814086157328334181e+01
1.906396866693020442e+01
2.003404854094355869e+01
2.105349142946913688e+01
2.212480919494936060e+01
2.325064151724209793e+01
2.443376239767566460e+01
2.567708699406602690e+01
2.698367880353761805e+01
2.835675721084533052e+01
2.979970542079716367e+01
3.131607879432185726e+01
3.290961360872210406e+01
3.458423626369723536e+01
3.634407295581966935e+01
3.819345984530153970e+01
4.013695374010298877e+01
4.217934332370634820e+01
4.432566095422183849e+01
4.658119506389655839e+01
4.895150318957880131e+01
5.144242566624475899e+01
5.406010001732665415e+01
5.681097607730097110e+01
5.970183188379649408e+01
6.273979037838140016e+01
6.593233695717752596e+01
6.928733791454769175e+01
7.281305982529866583e+01
7.651818991315813889e+01
8.041185745571186771e+01
8.450365627854210970e+01
8.880366839399199819e+01
9.332248884280053858e+01
