2.457018552555159940e-01
2.567374950897706176e-01
2.682687980374549586e-01
2.803180266882968064e-01
2.929084435508962914e-01
3.060643559638419053e-01
3.198111630239983683e-01
3.341754046225676733e-01
3.491848126835928046e-01
3.648683647038265532e-01
3.812563396973304153e-01
3.983803766528125623e-01
4.162735356165622735e-01
4.349703615189097206e-01
4.545069508674366432e-01
4.749210214356958115e-01
4.962519850819828715e-01
5.185410238387454518e-01
5.418311694195309114e-01
5.661673862969682780e-01
5.915966585121784638e-01
6.181680803832079185e-01
6.459329512876107460e-01
6.749448747021663531e-01
7.052598616909429019e-01
7.369364390415031885e-01
7.700357622580201733e-01
8.046217336294532174e-01
8.407611256007267997e-01
8.785237096850968541e-01
9.179823911665847547e-01
9.592133498525382551e-01
1.002296187148061124e+00
1.047314079736254788e+00
1.094353940160970540e+00
1.143506584622098643e+00
1.194866908307341991e+00
1.248534068598974311e+00
1.304611676509285667e+00
1.363207996714305370e+00
1.424436156571991852e+00
1.488414364528423794e+00
1.555266138333651904e+00
1.625120543507814430e+00
1.698112442517896614e+00
1.774382755146206581e+00
1.854078730553239573e+00
1.937354231560179274e+00
2.024370031699878947e+00
2.115294125609816778e+00
2.210302053366278052e+00
2.309577239385925296e+00
2.413311346549053660e+00
2.521704646228208890e+00
2.634966404936546436e+00
2.753315288342414568e+00
2.876979783430152260e+00
3.006198639622140067e+00
3.141221329713737909e+00
3.282308531511010763e+00
3.429732631101092277e+00
3.583778248726817051e+00
3.744742788280887691e+00
3.912937011480440042e+00
4.088685637830518971e+00
4.272327971534770619e+00
4.464218556563681162e+00
4.664727861145039789e+00
4.874242992998136792e+00
5.093168446692525109e+00
5.321926884574231131e+00
5.560959952767066561e+00
5.810729133824454884e+00
6.071716637677897488e+00
6.344426332602194130e+00
6.629384717994716958e+00
6.927141940846858859e+00
7.238272857870040156e+00
7.563378145326844937e+00
7.903085458709966815e+00
8.258050644507848759e+00
8.628959006396488718e+00
9.016526628301949842e+00
9.421501756887890267e+00
9.844666246137215637e+00
1.028683706681674259e+01
1.074886788373912161e+01
1.123165070386708919e+01
1.173611759844194680e+01
1.226324250246098302e+01
1.281404309497805905e+01
1.338958276385738344e+01
1.399097265877376195e+01
1.461937383642284694e+01
1.527599950208300150e+01
1.596211735185636726e+01
1.667905202011113985e+01
1.742818763685008321e+01
1.821097049994272510e+01
1.902891186738013118e+01
