6.831875000000000000e+02
1.910640625000000000e+03
3.219625000000000000e+03
4.281687500000000000e+03
5.044718750000000000e+03
5.677312500000000000e+03
6.352484375000000000e+03
6.885781250000000000e+03
7.248453125000000000e+03
7.677546875000000000e+03
8.023281250000000000e+03
8.318265625000000000e+03
8.629828125000000000e+03
8.746531250000000000e+03
9.208828125000000000e+03
9.290218750000000000e+03
9.611875000000000000e+03
9.438593750000000000e+03
9.780125000000000000e+03
9.915562500000000000e+03
9.953000000000000000e+03
9.973468750000000000e+03
9.778593750000000000e+03
9.674187500000000000e+03
9.367531250000000000e+03
8.860046875000000000e+03
8.191328125000000000e+03
7.387484375000000000e+03
6.851859375000000000e+03
5.868859375000000000e+03
5.148984375000000000e+03
4.228390625000000000e+03
3.421000000000000000e+03
2.610937500000000000e+03
1.939468750000000000e+03
1.339625000000000000e+03
9.604687500000000000e+02
6.685625000000000000e+02
4.417656250000000000e+02
2.937187500000000000e+02
1.400625000000000000e+02
8.278125000000000000e+01
5.025000000000000000e+01
2.121875000000000000e+01
5.750000000000000000e+00
9.531250000000000000e-01
0.000000000000000000e+00
0.000000000000000000e+00
0.000000000000000000e+00
0.000000000000000000e+00
