6.455937500000000000e+02
2.001640625000000000e+03
3.108265625000000000e+03
4.178484375000000000e+03
5.022265625000000000e+03
5.805671875000000000e+03
6.262140625000000000e+03
6.876281250000000000e+03
7.358609375000000000e+03
7.657093750000000000e+03
7.994531250000000000e+03
8.310109375000000000e+03
8.766750000000000000e+03
8.918734375000000000e+03
9.118812500000000000e+03
9.317203125000000000e+03
9.603515625000000000e+03
9.769109375000000000e+03
9.746875000000000000e+03
9.866890625000000000e+03
9.795968750000000000e+03
9.843593750000000000e+03
9.699671875000000000e+03
9.506390625000000000e+03
9.179515625000000000e+03
8.763984375000000000e+03
8.210031250000000000e+03
7.534328125000000000e+03
6.772890625000000000e+03
5.941015625000000000e+03
5.235953125000000000e+03
4.221609375000000000e+03
3.351468750000000000e+03
2.612562500000000000e+03
1.926562500000000000e+03
1.329625000000000000e+03
9.773593750000000000e+02
7.002343750000000000e+02
4.422187500000000000e+02
2.931406250000000000e+02
1.575937500000000000e+02
9.653125000000000000e+01
3.859375000000000000e+01
1.348437500000000000e+01
3.796875000000000000e+00
0.000000000000000000e+00
0.000000000000000000e+00
0.000000000000000000e+00
0.000000000000000000e+00
0.000000000000000000e+00
