0.000000000000000000e+00
2.000000000000000000e+00
3.000000000000000000e+00
4.000000000000000000e+00
7.000000000000000000e+00
9.000000000000000000e+00
9.000000000000000000e+00
1.900000000000000000e+01
2.300000000000000000e+01
2.600000000000000000e+01
3.400000000000000000e+01
4.000000000000000000e+01
7.500000000000000000e+01
8.400000000000000000e+01
9.400000000000000000e+01
1.280000000000000000e+02
1.490000000000000000e+02
1.800000000000000000e+02
2.430000000000000000e+02
2.550000000000000000e+02
3.150000000000000000e+02
4.250000000000000000e+02
4.610000000000000000e+02
5.430000000000000000e+02
6.640000000000000000e+02
8.240000000000000000e+02
9.370000000000000000e+02
1.119000000000000000e+03
1.313000000000000000e+03
1.493000000000000000e+03
1.695000000000000000e+03
2.019000000000000000e+03
2.310000000000000000e+03
2.591000000000000000e+03
2.991000000000000000e+03
3.375000000000000000e+03
3.622000000000000000e+03
4.143000000000000000e+03
4.630000000000000000e+03
4.960000000000000000e+03
5.530000000000000000e+03
5.957000000000000000e+03
6.465000000000000000e+03
6.900000000000000000e+03
7.375000000000000000e+03
7.557000000000000000e+03
7.980000000000000000e+03
8.087000000000000000e+03
8.571000000000000000e+03
8.734000000000000000e+03
8.756000000000000000e+03
8.813000000000000000e+03
8.816000000000000000e+03
8.799000000000000000e+03
8.471000000000000000e+03
8.200000000000000000e+03
7.994000000000000000e+03
7.585000000000000000e+03
7.291000000000000000e+03
7.020000000000000000e+03
6.719000000000000000e+03
6.045000000000000000e+03
5.667000000000000000e+03
5.268000000000000000e+03
4.841000000000000000e+03
4.419000000000000000e+03
4.015000000000000000e+03
3.574000000000000000e+03
3.224000000000000000e+03
2.914000000000000000e+03
2.500000000000000000e+03
2.176000000000000000e+03
1.856000000000000000e+03
1.637000000000000000e+03
1.343000000000000000e+03
1.125000000000000000e+03
9.870000000000000000e+02
7.820000000000000000e+02
6.450000000000000000e+02
5.040000000000000000e+02
4.450000000000000000e+02
3.270000000000000000e+02
2.820000000000000000e+02
1.920000000000000000e+02
1.460000000000000000e+02
9.900000000000000000e+01
8.400000000000000000e+01
5.500000000000000000e+01
5.300000000000000000e+01
3.100000000000000000e+01
2.000000000000000000e+01
1.500000000000000000e+01
1.100000000000000000e+01
6.000000000000000000e+00
3.000000000000000000e+00
2.000000000000000000e+00
0.000000000000000000e+00
1.000000000000000000e+00
2.000000000000000000e+00
0.000000000000000000e+00
