6.951093750000000000e+02
2.062015625000000000e+03
3.263015625000000000e+03
4.195421875000000000e+03
5.088375000000000000e+03
5.773656250000000000e+03
6.513765625000000000e+03
6.978187500000000000e+03
7.414781250000000000e+03
7.542515625000000000e+03
7.886250000000000000e+03
8.363312500000000000e+03
8.557640625000000000e+03
8.861296875000000000e+03
9.152281250000000000e+03
9.351328125000000000e+03
9.751937500000000000e+03
9.554500000000000000e+03
9.756265625000000000e+03
9.780421875000000000e+03
9.993203125000000000e+03
1.003560937500000000e+04
9.687000000000000000e+03
9.481437500000000000e+03
9.362796875000000000e+03
8.699609375000000000e+03
8.354640625000000000e+03
7.675437500000000000e+03
6.688250000000000000e+03
6.034890625000000000e+03
5.187328125000000000e+03
4.159656250000000000e+03
3.417093750000000000e+03
2.512046875000000000e+03
1.873187500000000000e+03
1.332687500000000000e+03
9.320625000000000000e+02
6.522343750000000000e+02
4.428906250000000000e+02
2.686093750000000000e+02
1.814843750000000000e+02
8.796875000000000000e+01
4.445312500000000000e+01
1.739062500000000000e+01
6.687500000000000000e+00
9.687500000000000000e-01
9.687500000000000000e-01
0.000000000000000000e+00
0.000000000000000000e+00
0.000000000000000000e+00
