6.894721494014914853e-01
7.236674002322954768e-01
7.595586081520068200e-01
7.972298863160355298e-01
8.367695195790396667e-01
8.782701713956724276e-01
9.218291009828336602e-01
9.675483912523622498e-01
1.015535188048340309e+00
1.065901951249675683e+00
1.118766718326440479e+00
1.174253380967618110e+00
1.232491975428559927e+00
1.293618987278593035e+00
1.357777671262974106e+00
1.425118387028805111e+00
1.495798951501704943e+00
1.569985008739050114e+00
1.647850418126560523e+00
1.729577661827988555e+00
1.815358272442796128e+00
1.905393281874059319e+00
1.999893692458550198e+00
2.099080971463115564e+00
2.203187570106233562e+00
2.312457468321109211e+00
2.427146746536986033e+00
2.547524185818687226e+00
2.673871897770838224e+00
2.806485985682993345e+00
2.945677238465101322e+00
3.091771858999583511e+00
3.245112228616960692e+00
3.406057709486628671e+00
3.574985486803223811e+00
3.752291452742297029e+00
3.938391134256898241e+00
4.133720666889413309e+00
4.338737816880846587e+00
4.553923053972911639e+00
4.779780677417111434e+00
5.016839997829677600e+00
5.265656577662111815e+00
5.526813533194447459e+00
5.800922901102525842e+00
6.088627072801918949e+00
6.390600299929976025e+00
6.707550274494161968e+00
7.040219787389878192e+00
7.389388469174584806e+00
7.755874617177838104e+00
8.140537113229180832e+00
8.544277436498198597e+00
8.968041776163927281e+00
9.412823248864832237e+00
9.879664226126010362e+00
1.036965877721812923e+01
1.088395523317306512e+01
1.142375887796521106e+01
1.199033477316524454e+01
1.258501072268636811e+01
1.320918038457073251e+01
1.386430653710907102e+01
1.455192450694750761e+01
1.527364576721589806e+01
1.603116171410972157e+01
1.682624763077660290e+01
1.766076684779659445e+01
1.853667511000703882e+01
1.945602515990542258e+01
2.042097154837221851e+01
2.143377568398736344e+01
2.249681113277435429e+01
2.361256918079156009e+01
2.478366467260771699e+01
2.601284213934372858e+01
2.730298223064272989e+01
2.865710846564189751e+01
3.007839431876710989e+01
3.157017065695702129e+01
3.313593354574527439e+01
3.477935244249582070e+01
3.650427879599168790e+01
3.831475507253184531e+01
4.021502422968831780e+01
4.220953965992694634e+01
4.430297562739409045e+01
4.650023822232970616e+01
4.880647685877788433e+01
5.122709634254169231e+01
5.376776953766287903e+01
5.643445066111260644e+01
5.923338923684848112e+01
6.217114474194173113e+01
6.525460197909681881e+01
6.849098721159174374e+01
7.188788509845029751e+01
7.545325646953676824e+01
7.919545698222830765e+01
8.312325670338930195e+01
