2.485798779739746001e-01
2.598550983451048957e-01
2.716417462519380988e-01
2.839630193008770287e-01
2.968431673078856248e-01
3.103075400251782967e-01
3.243826370327226871e-01
3.390961598927477727e-01
3.544770666699048056e-01
3.705556289243825407e-01
3.873634912901474658e-01
4.049337337555657390e-01
4.233009367689835600e-01
4.425012492974010336e-01
4.625724599721888208e-01
4.835540714618699609e-01
5.054873782183432196e-01
5.284155477495610098e-01
5.523837055786176009e-01
5.774390240564574173e-01
6.036308152029983276e-01
6.310106277593928725e-01
6.596323486424376936e-01
6.895523090008075506e-01
7.208293950818452922e-01
7.535251641271067946e-01
7.877039655247597416e-01
8.234330674572774011e-01
8.607827892936871228e-01
8.998266399869386811e-01
9.406414627487742486e-01
9.833075862868394523e-01
1.027908982901689861e+00
1.074533433754845335e+00
1.123272701633163839e+00
1.174222711549552933e+00
1.227483739535468743e+00
1.283160609996764068e+00
1.341362902021311365e+00
1.402205165044437374e+00
1.465807144296629616e+00
1.532294016477217191e+00
1.601796636117869932e+00
1.674451793120783405e+00
1.750402481978422076e+00
1.829798183204675466e+00
1.912795157531320678e+00
1.999556753448809232e+00
2.090253728696651603e+00
2.185064586336138870e+00
2.284175926066831508e+00
2.387782811478250444e+00
2.496089153959571760e+00
2.609308114022900416e+00
2.727662520829983173e+00
2.851385310748042912e+00
2.980719985797863458e+00
3.115921092896411171e+00
3.257254724837201465e+00
3.404999043994402008e+00
3.559444829781393427e+00
3.720896050941247424e+00
3.889670463795466659e+00
4.066100237628416103e+00
4.250532608438276405e+00
4.443330562341184731e+00
4.644873549973596027e+00
4.855558233298888915e+00
5.075799266288023581e+00
5.306030111010744399e+00
5.546703890743481580e+00
5.798294281772985670e+00
6.061296445650867781e+00
6.336228003733850755e+00
6.623630055927739235e+00
6.924068245640129682e+00
7.238133873037821964e+00
7.566445058799965651e+00
7.909647960657338217e+00
8.268418045112083448e+00
8.643461416840786171e+00
9.035516208397348592e+00
9.445354032950733725e+00
9.873781502916802566e+00
1.032164181747304887e+01
1.078981642208069402e+01
1.127922674328029728e+01
1.179083600217512462e+01
1.232565111017151871e+01
1.288472465070725370e+01
1.346915695086820719e+01
1.408009824697054491e+01
1.471875094837053410e+01
1.538637200395748650e+01
1.608427537598735668e+01
1.681383462612581781e+01
1.757648561879047833e+01
1.837372934711274297e+01
1.920713488708123151e+01
2.007834248568074287e+01
