0.000000000000000000e+00
1.000000000000000000e+00
1.000000000000000000e+00
2.000000000000000000e+00
1.000000000000000000e+00
2.000000000000000000e+00
7.000000000000000000e+00
7.000000000000000000e+00
1.500000000000000000e+01
1.300000000000000000e+01
2.300000000000000000e+01
4.400000000000000000e+01
3.400000000000000000e+01
5.500000000000000000e+01
8.200000000000000000e+01
9.900000000000000000e+01
1.130000000000000000e+02
1.350000000000000000e+02
1.950000000000000000e+02
2.230000000000000000e+02
2.850000000000000000e+02
3.320000000000000000e+02
4.330000000000000000e+02
5.130000000000000000e+02
5.790000000000000000e+02
7.860000000000000000e+02
8.420000000000000000e+02
1.042000000000000000e+03
1.242000000000000000e+03
1.449000000000000000e+03
1.686000000000000000e+03
1.989000000000000000e+03
2.212000000000000000e+03
2.476000000000000000e+03
3.033000000000000000e+03
3.323000000000000000e+03
3.729000000000000000e+03
4.233000000000000000e+03
4.629000000000000000e+03
5.045000000000000000e+03
5.598000000000000000e+03
6.152000000000000000e+03
6.626000000000000000e+03
7.288000000000000000e+03
7.623000000000000000e+03
7.981000000000000000e+03
8.198000000000000000e+03
8.693000000000000000e+03
8.934000000000000000e+03
8.914000000000000000e+03
9.005000000000000000e+03
9.027000000000000000e+03
9.171000000000000000e+03
8.796000000000000000e+03
8.705000000000000000e+03
8.572000000000000000e+03
8.045000000000000000e+03
7.500000000000000000e+03
7.393000000000000000e+03
6.837000000000000000e+03
6.155000000000000000e+03
5.980000000000000000e+03
5.420000000000000000e+03
5.182000000000000000e+03
4.490000000000000000e+03
4.151000000000000000e+03
3.714000000000000000e+03
3.375000000000000000e+03
2.937000000000000000e+03
2.544000000000000000e+03
2.202000000000000000e+03
1.853000000000000000e+03
1.607000000000000000e+03
1.373000000000000000e+03
1.127000000000000000e+03
9.390000000000000000e+02
7.520000000000000000e+02
6.340000000000000000e+02
5.030000000000000000e+02
3.980000000000000000e+02
3.020000000000000000e+02
2.300000000000000000e+02
1.930000000000000000e+02
1.190000000000000000e+02
9.900000000000000000e+01
7.900000000000000000e+01
5.300000000000000000e+01
3.400000000000000000e+01
2.600000000000000000e+01
1.200000000000000000e+01
8.000000000000000000e+00
4.000000000000000000e+00
4.000000000000000000e+00
4.000000000000000000e+00
0.000000000000000000e+00
0.000000000000000000e+00
0.000000000000000000e+00
0.000000000000000000e+00
0.000000000000000000e+00
1.000000000000000000e+00
