7.401680570998331321e-01
7.759448159701685110e-01
8.134508800475962476e-01
8.527698370184718657e-01
8.939893148630689845e-01
9.372011771472020802e-01
9.825017277534645599e-01
1.029991925508354278e+00
1.079777609183615317e+00
1.131969733373242359e+00
1.186684615771835150e+00
1.244044196405398317e+00
1.304176309392318212e+00
1.367214967840178597e+00
1.433300662513346424e+00
1.502580674936951244e+00
1.575209405635058735e+00
1.651348718234560087e+00
1.731168300201668009e+00
1.814846041014967826e+00
1.902568428617838592e+00
1.994530965033797898e+00
2.090938602071026775e+00
2.192006198087104618e+00
2.297958996831924505e+00
2.409033129435953935e+00
2.525476140662598290e+00
2.647547540597497306e+00
2.775519383004268814e+00
2.909676871635654916e+00
3.050318995851317716e+00
3.197759196958857242e+00
3.352326066763079648e+00
3.514364079880344161e+00
3.684234361450045014e+00
3.862315491954199764e+00
4.049004350938786523e+00
4.244717001517190447e+00
4.449889617627008853e+00
4.664979456106727262e+00
4.890465875758700065e+00
5.126851405669542672e+00
5.374662865168853720e+00
5.634452537922262749e+00
5.906799402775422259e+00
6.192310424092076104e+00
6.491621904461900350e+00
6.805400902792809958e+00
7.134346720948187226e+00
7.479192462242186146e+00
7.840706665266455211e+00
8.219695016689508194e+00
8.617002146845944566e+00
9.033513512117259836e+00
9.470157368299428668e+00
9.927906839355134849e+00
1.040778208616122313e+01
1.091085258008468983e+01
1.143823948645427713e+01
1.199111816323946478e+01
1.257072078050569175e+01
1.317833906648341902e+01
1.381532718637131119e+01
1.448310476028914096e+01
1.518316002710643708e+01
1.591705316119806390e+01
1.668641974951826512e+01
1.749297443674275954e+01
1.833851474660225378e+01
1.922492508792393551e+01
2.015418095430909062e+01
2.112835332680606371e+01
2.214961328939106266e+01
2.322023686754264560e+01
2.434261010069350917e+01
2.551923435986448396e+01
2.675273192233130715e+01
2.804585181574879726e+01
2.940147594475640247e+01
3.082262551371925596e+01
3.231246775991910170e+01
3.387432301220025721e+01
3.551167209080265508e+01
3.722816406487295637e+01
3.902762438494264785e+01
4.091406340849781031e+01
4.289168533764031821e+01
4.496489758876030862e+01
4.713832061510071014e+01
4.941679820410524115e+01
5.180540827249927816e+01
5.430947418316109321e+01
5.693457660900595840e+01
5.968656597032248357e+01
6.257157547327992830e+01
6.559603477866522780e+01
6.876668433131123948e+01
7.209059038215278292e+01
7.557516073638862508e+01
7.922816126284594418e+01
