0.000000000000000000e+00
1.240195927061526898e-01
0.000000000000000000e+00
0.000000000000000000e+00
0.000000000000000000e+00
1.240195927061526898e-01
2.113710821635731707e-01
4.284784125250652442e-01
6.356514252127497544e-01
9.921567416492215186e-01
1.104743854644595791e+00
1.440130066825562771e+00
2.433289632883845588e+00
2.599391455225626313e+00
3.061224224064614141e+00
2.963317397782424312e+00
4.066794605014494302e+00
3.957260682514483818e+00
4.861735760957705210e+00
6.015604707757982617e+00
7.354828744394732887e+00
6.279131328008277890e+00
7.096003909551840572e+00
7.723176868200028800e+00
8.680021511350073382e+00
9.506666554811681991e+00
8.881366004696293004e+00
9.596548858834617945e+00
1.200080360264990809e+01
9.932388622582182691e+00
1.465111850465690502e+01
1.321324501210811597e+01
1.579580856934443212e+01
1.549870836352178038e+01
1.644201458915543057e+01
1.769257877614227326e+01
1.704746934115149060e+01
2.056428088792554831e+01
2.264432336943135482e+01
2.111694904832075892e+01
2.215567700246372596e+01
2.065301128165091527e+01
2.491687351851150822e+01
2.808024216419794428e+01
2.584259746523170165e+01
2.997824325005344548e+01
3.008529541154615217e+01
2.875818073147839016e+01
3.290415769701451865e+01
3.253315241195318208e+01
3.798549013686015030e+01
3.987085781287348851e+01
3.682942098377328222e+01
4.216480871236107220e+01
3.972876791444708289e+01
4.437777004998532959e+01
4.145849004105642877e+01
4.466025994504930452e+01
4.180468676999625899e+01
4.513034237333431520e+01
4.328501788653321114e+01
4.045169766215010299e+01
3.855186239016216376e+01
4.192699372402432090e+01
4.449929774726787457e+01
3.623498813625271708e+01
3.374519280000301080e+01
3.368088626520054873e+01
3.420377454842338238e+01
3.034562864292606932e+01
2.687309222879830628e+01
2.033109125168580178e+01
1.975276879326035129e+01
1.616763229370259225e+01
1.923030013700709162e+01
1.635141879117451325e+01
1.420686316318630560e+01
1.274448410097482132e+01
1.070264597468191425e+01
1.071651762467640445e+01
9.785380018648995204e+00
9.055263813626579505e+00
7.745320537871560163e+00
7.654511920062245345e+00
5.820034599070266879e+00
4.842212457583309870e+00
4.453070175101106365e+00
4.009753733086360405e+00
2.906711992849480897e+00
2.675801208867168324e+00
1.496659692239688866e+00
1.702192978924540245e+00
1.168850263079065144e+00
9.757809372497496803e-01
5.960072225862703688e-01
5.555121510822242925e-01
2.914805954090254891e-01
1.739926363384381724e-01
1.739926363384381724e-01
0.000000000000000000e+00
