6.413906250000000000e+02
1.998968750000000000e+03
3.191421875000000000e+03
4.333562500000000000e+03
5.094921875000000000e+03
5.812906250000000000e+03
6.375640625000000000e+03
6.943953125000000000e+03
7.341703125000000000e+03
7.719468750000000000e+03
8.221406250000000000e+03
8.628968750000000000e+03
8.797593750000000000e+03
9.252796875000000000e+03
9.250593750000000000e+03
9.697718750000000000e+03
9.946078125000000000e+03
1.033989062500000000e+04
1.036193750000000000e+04
1.026681250000000000e+04
1.020146875000000000e+04
1.043650000000000000e+04
1.033118750000000000e+04
1.013170312500000000e+04
9.628421875000000000e+03
9.209578125000000000e+03
8.544921875000000000e+03
7.844218750000000000e+03
7.232875000000000000e+03
6.227218750000000000e+03
5.315750000000000000e+03
4.424421875000000000e+03
3.412906250000000000e+03
2.782984375000000000e+03
1.876125000000000000e+03
1.363296875000000000e+03
9.857500000000000000e+02
6.848750000000000000e+02
4.165000000000000000e+02
2.783437500000000000e+02
1.669375000000000000e+02
1.000937500000000000e+02
4.218750000000000000e+01
1.829687500000000000e+01
2.875000000000000000e+00
1.937500000000000000e+00
9.687500000000000000e-01
0.000000000000000000e+00
0.000000000000000000e+00
0.000000000000000000e+00
