2.421073481983855580e-01
2.532088554853064166e-01
2.648194074788776664e-01
2.769623457404453148e-01
2.896620821273012680e-01
3.029441478696676682e-01
3.168352448980376601e-01
3.313632995240656798e-01
3.465575185829199434e-01
3.624484481499687383e-01
3.790680349498413704e-01
3.964496905813184591e-01
4.146283586871690185e-01
4.336405852039697528e-01
4.535245918331358150e-01
4.743203528808666025e-01
4.960696756214845182e-01
5.188162843457260198e-01
5.426059082629555164e-01
5.674863734340150900e-01
5.935076989195340325e-01
6.207221973369876356e-01
6.491845800286669688e-01
6.789520670519830770e-01
7.100845022132298290e-01
7.426444733760643180e-01
7.766974382865728943e-01
8.123118561678748240e-01
8.495593253488208374e-01
8.885147272034698007e-01
9.292563766907182554e-01
9.718661797967212967e-01
1.016429798196624379e+00
1.063036821466637694e+00
1.111780947192664515e+00
1.162760169337568872e+00
1.216076975245769187e+00
1.271838551681216067e+00
1.330157000312962579e+00
1.391149563081537366e+00
1.454938857899188642e+00
1.521653125157847342e+00
1.591426485540381908e+00
1.664399209653442346e+00
1.740718000023954382e+00
1.820536286026184447e+00
1.904014532332292786e+00
1.991320561506467302e+00
2.082629891391180710e+00
2.178126087963840884e+00
2.278001134373210057e+00
2.382455816897492529e+00
2.491700128600010888e+00
2.605953691493973157e+00
2.725446198065038850e+00
2.850417873039304162e+00
2.981119956325045006e+00
3.117815208099103064e+00
3.260778437053323930e+00
3.410297052863032974e+00
3.566671643988212015e+00
3.730216581968964107e+00
3.901260653430144831e+00
4.080147721065713107e+00
4.267237414931628336e+00
4.462905855437066194e+00
4.667546409487407288e+00
4.881570481299167596e+00
5.105408339476666946e+00
5.339509982013201039e+00
5.584346040955677992e+00
5.840408728551422790e+00
6.108212826779293003e+00
6.388296722254409588e+00
6.681223488587035853e+00
6.987582018371594650e+00
7.307988207081513643e+00
7.643086191249961026e+00
7.993549643425725826e+00
8.360083126507536377e+00
8.743423510179567870e+00
9.144341452295714490e+00
9.563642948190711479e+00
1.000217095103286979e+01
1.046080706647589587e+01
1.094047332501669878e+01
1.144213403562229203e+01
1.196679772435222411e+01
1.251551916187400515e+01
1.308940148394748348e+01
1.368959840914120107e+01
1.431731655823914018e+01
1.497381788000078195e+01
1.566042218815108278e+01
1.637850981470076661e+01
1.712952438493105234e+01
1.791497571962155888e+01
1.873644287035596534e+01
1.959557729400755832e+01
2.049410617278654101e+01
