1.895688281246480922e-01
1.985948349244191780e-01
2.080506001372977309e-01
2.179565860006535960e-01
2.283342290275082731e-01
2.392059863950625476e-01
2.505953845419355841e-01
2.625270700792829981e-01
2.750268631259619734e-01
2.881218131831643214e-01
3.018402576694255712e-01
3.162118832426842885e-01
3.312677900420878951e-01
3.470405589885676712e-01
3.635643222898182758e-01
3.808748373022565192e-01
3.990095639097945290e-01
4.180077455868758673e-01
4.379104943211944434e-01
4.587608795798680528e-01
4.806040215115896519e-01
5.034871885864452556e-01
5.274598998846904419e-01
5.525740322558381212e-01
5.788839325799495228e-01
6.064465353740606801e-01
6.353214859982458940e-01
6.655712697279327905e-01
6.972613469717845458e-01
7.304602949277567703e-01
7.652399559838743981e-01
8.016755931848665861e-01
8.398460531010887298e-01
8.798339364521788886e-01
9.217257768546786023e-01
9.656122280804265712e-01
1.011588260230950498e+00
1.059753365252380730e+00
1.110211772235614625e+00
1.163072672967645715e+00
1.218450458222144928e+00
1.276464965300628362e+00
1.337241737359889271e+00
1.400912295086877757e+00
1.467614421308931050e+00
1.537492459155249680e+00
1.610697624414841211e+00
1.687388332766870613e+00
1.767730542591544829e+00
1.851898114103369908e+00
1.940073185583947257e+00
2.032446567528472414e+00
2.129218155558868286e+00
2.230597362997094990e+00
2.336803574034727049e+00
2.448066618479449730e+00
2.564627269105822727e+00
2.686737762686584485e+00
2.814662345832000145e+00
2.948677846818450909e+00
3.089074274643691886e+00
3.236155446605140540e+00
3.390239645759273834e+00
3.551660309684862238e+00
3.720766752040531866e+00
3.897924918478092859e+00
4.083518178547444144e+00
4.277948155306716238e+00
4.481635594432928471e+00
4.695021274713914394e+00
4.918566961891833067e+00
5.152756407922345794e+00
5.398096397811874780e+00
5.655117846298290729e+00
5.924376946748244777e+00
6.206456374757345351e+00
6.501966549057772049e+00
6.811546952461914550e+00
7.135867515700584640e+00
7.475630067150382807e+00
7.831569851587438791e+00
8.204457121254106866e+00
8.595098802681690131e+00
9.004340242876159195e+00
9.433067038645621238e+00
9.882206953028205731e+00
1.035273192296749656e+01
1.084566016258012588e+01
1.136205836656694501e+01
1.190304401853602911e+01
1.246978780923265084e+01
1.306351616990927766e+01
1.368551392631778185e+01
1.433712707906714812e+01
1.501976571636331137e+01
1.573490706543428175e+01
1.648409868924381882e+01
1.726896183541138541e+01
1.809119494458542832e+01
1.895257732586195587e+01
