0.000000000000000000e+00
2.000000000000000000e+00
2.000000000000000000e+00
1.000000000000000000e+00
1.000000000000000000e+00
2.000000000000000000e+00
8.000000000000000000e+00
1.500000000000000000e+01
9.000000000000000000e+00
2.400000000000000000e+01
2.600000000000000000e+01
3.700000000000000000e+01
5.200000000000000000e+01
7.600000000000000000e+01
7.400000000000000000e+01
9.000000000000000000e+01
1.310000000000000000e+02
1.760000000000000000e+02
1.630000000000000000e+02
2.500000000000000000e+02
2.740000000000000000e+02
3.570000000000000000e+02
4.300000000000000000e+02
5.210000000000000000e+02
6.360000000000000000e+02
6.930000000000000000e+02
9.080000000000000000e+02
9.670000000000000000e+02
1.226000000000000000e+03
1.324000000000000000e+03
1.618000000000000000e+03
1.908000000000000000e+03
2.213000000000000000e+03
2.463000000000000000e+03
2.808000000000000000e+03
3.220000000000000000e+03
3.563000000000000000e+03
4.034000000000000000e+03
4.432000000000000000e+03
4.822000000000000000e+03
5.313000000000000000e+03
5.899000000000000000e+03
6.371000000000000000e+03
6.873000000000000000e+03
7.306000000000000000e+03
7.800000000000000000e+03
8.093000000000000000e+03
8.524000000000000000e+03
8.889000000000000000e+03
8.937000000000000000e+03
9.131000000000000000e+03
9.099000000000000000e+03
9.094000000000000000e+03
9.075000000000000000e+03
8.727000000000000000e+03
8.608000000000000000e+03
8.333000000000000000e+03
8.074000000000000000e+03
7.679000000000000000e+03
7.322000000000000000e+03
6.814000000000000000e+03
6.307000000000000000e+03
5.840000000000000000e+03
5.520000000000000000e+03
5.167000000000000000e+03
4.590000000000000000e+03
4.154000000000000000e+03
3.678000000000000000e+03
3.345000000000000000e+03
2.936000000000000000e+03
2.554000000000000000e+03
2.294000000000000000e+03
1.913000000000000000e+03
1.720000000000000000e+03
1.388000000000000000e+03
1.184000000000000000e+03
9.490000000000000000e+02
7.860000000000000000e+02
6.620000000000000000e+02
5.470000000000000000e+02
4.240000000000000000e+02
3.470000000000000000e+02
2.530000000000000000e+02
2.040000000000000000e+02
1.410000000000000000e+02
1.230000000000000000e+02
8.500000000000000000e+01
7.200000000000000000e+01
3.700000000000000000e+01
2.800000000000000000e+01
2.000000000000000000e+01
1.800000000000000000e+01
6.000000000000000000e+00
3.000000000000000000e+00
2.000000000000000000e+00
4.000000000000000000e+00
1.000000000000000000e+00
1.000000000000000000e+00
2.000000000000000000e+00
0.000000000000000000e+00
