6.881274410000034480e-01
7.216265804345645130e-01
7.567565113126777376e-01
7.935966231582904928e-01
8.322301703037766618e-01
8.727444600349641979e-01
9.152310498953616369e-01
9.597859545954698923e-01
1.006509862994767079e+00
1.055508365646723679e+00
1.106892193421069148e+00
1.160777467742572844e+00
1.217285963011845329e+00
1.276545381801202472e+00
1.338689643447503075e+00
1.403859186694145000e+00
1.472201287066155162e+00
1.543870389695604306e+00
1.619028458349493382e+00
1.697845341448872558e+00
1.780499155906353881e+00
1.867176689649446164e+00
1.958073823739363339e+00
2.053395975039254751e+00
2.153358560432221402e+00
2.258187483638212534e+00
2.368119645729938938e+00
2.483403480501513272e+00
2.604299515899691997e+00
2.731080962786480715e+00
2.864034332363642132e+00
3.003460083654411417e+00
3.149673302505651584e+00
3.303004413644918813e+00
3.463799927401594925e+00
3.632423222779592287e+00
3.809255368651290663e+00
3.994695984928500199e+00
4.189164145656594229e+00
4.393099326072708699e+00
4.606962395768233520e+00
4.831236660200043609e+00
5.066428952904154848e+00
5.313070780880075894e+00
5.571719525734292411e+00
5.842959703297331053e+00
6.127404284560989289e+00
6.425696080920893394e+00
6.738509196854867156e+00
7.066550553319987493e+00
7.410561485311056629e+00
7.771319417190746037e+00
8.149639619577479621e+00
8.546377051761421484e+00
8.962428293812219948e+00
9.398733572744802700e+00
9.856278887322176274e+00
1.033609823629699420e+01
1.083927595512746223e+01
1.136694916644836084e+01
1.192031034983476090e+01
1.250061003666611015e+01
1.310915963618041502e+01
1.374733439910535537e+01
1.441657652556368596e+01
1.511839842427629677e+01
1.585438613042865619e+01
1.662620288992423312e+01
1.743559291812522005e+01
1.828438534157476880e+01
1.917449833160832284e+01
2.010794343919604543e+01
2.108683014081197271e+01
2.211337060560351375e+01
2.318988469463435464e+01
2.431880520349826114e+01
2.550268336015198045e+01
2.674419459039108204e+01
2.804614456399855982e+01
2.941147553522958447e+01
3.084327299196088745e+01
3.234477262853174295e+01
3.391936765803350795e+01
3.557061648057332093e+01
3.730225072484120119e+01
3.911818368115298483e+01
4.102251914502779329e+01
4.301956069128440419e+01
4.511382139961571625e+01
4.731003405361975922e+01
4.961316183633525156e+01
5.202840954645359517e+01
5.456123536055320500e+01
5.721736316793858634e+01
6.000279550595910649e+01
6.292382712503904685e+01
6.598705921407571395e+01
6.919941431835202650e+01
7.256815198367708319e+01
7.610088516210819876e+01
