7.255728899653661745e-01
7.605428251714992927e-01
7.971981821805054214e-01
8.356201921023894696e-01
8.758940010868347947e-01
9.181088590136646799e-01
9.623583172774887728e-01
1.008740436104838434e+00
1.057358001863223596e+00
1.108318754843683251e+00
1.161735628021615563e+00
1.217726997324996674e+00
1.276416943964605588e+00
1.337935529407597190e+00
1.402419083603785976e+00
1.470010507103373998e+00
1.540859587735636582e+00
1.615123332550352897e+00
1.692966315757588935e+00
1.774561043436891694e+00
1.860088335824122696e+00
1.949737728023104300e+00
2.043707890030088681e+00
2.142207067001856036e+00
2.245453540743110654e+00
2.353676113435865247e+00
2.467114614682796248e+00
2.586020432988217710e+00
2.710657072854476990e+00
2.841300738728338882e+00
2.978240947091431501e+00
3.121781168051191102e+00
3.272239497854124934e+00
3.429949363811727103e+00
3.595260263201227158e+00
3.768538537778622022e+00
3.950168185620377859e+00
4.140551712092908510e+00
4.340111021835648231e+00
4.549288353734394441e+00
4.768547260956935929e+00
4.998373638222777693e+00
5.239276798583466288e+00
5.491790602099754892e+00
5.756474638916849962e+00
6.033915469359508954e+00
6.324727923795147255e+00
6.629556465145546973e+00
6.949076617066612727e+00
7.283996460961101427e+00
7.635058205141858068e+00
8.003039829622910162e+00
8.388756810183435775e+00
8.793063925525251179e+00
9.216857151528614622e+00
9.661075646804155426e+00
1.012670383394110196e+01
1.061477358106400004e+01
1.112636648853232657e+01
1.166261628585074206e+01
1.222471134410142568e+01
1.281389730946640704e+01
1.343147986367605462e+01
1.407882761750083489e+01
1.475737514369881609e+01
1.546862615614000802e+01
1.621415684215273245e+01
1.699561935547681912e+01
1.781474547756430127e+01
1.867335045534111515e+01
1.957333702393501440e+01
2.051669962328391961e+01
2.150552881796920701e+01
2.254201593006886739e+01
2.362845789529687934e+01
2.476726235319057423e+01
2.596095298262645201e+01
2.721217509448797145e+01
2.852370149387922993e+01
2.989843862487602877e+01
3.133943301143087012e+01
3.284987800870604246e+01
3.443312087979604286e+01
3.609267021352169991e+01
3.783220369973480501e+01
3.965557627936372853e+01
4.156682868726091584e+01
4.357019640678434058e+01
4.567011905595676780e+01
4.787125022600285007e+01
5.017846779406799840e+01
5.259688473297179456e+01
5.513186044195157365e+01
5.778901262350652956e+01
6.057422973266137234e+01
6.349368402623853314e+01
6.655384524105768662e+01
6.976149493137326374e+01
7.312374149732414708e+01
7.664803593769870815e+01
