3.400331727842888174e+00
6.219908026600956319e+00
9.008622171980574578e+00
1.010867462798041672e+01
1.171866666637036758e+01
1.377440128859962520e+01
1.513589967541985892e+01
1.254304113281045652e+01
1.471871682586495034e+01
1.403646896258100973e+01
1.720147159402357673e+01
1.935128967561012558e+01
1.507141204192560124e+01
1.722189739837048350e+01
2.006335181213497876e+01
2.016840718642649932e+01
1.860395597001817691e+01
2.343306207983711076e+01
2.259820149785154797e+01
2.123790441602878687e+01
2.106157267988314175e+01
2.189300598221952754e+01
2.040334852075450556e+01
2.032374088004900159e+01
1.611972267082703425e+01
1.945909170542140032e+01
1.818760067626774557e+01
1.691173663280918049e+01
1.703895324644019738e+01
1.588919610094780666e+01
1.258032783505660390e+01
1.354649653450570135e+01
1.128254840173531015e+01
8.736694683023722874e+00
8.312030061904252420e+00
6.874360765736694745e+00
5.511861322128396523e+00
5.259454841937042602e+00
4.272001872658765187e+00
2.748534765902552746e+00
2.610029857947031129e+00
1.525499405932365438e+00
1.519405722642902301e+00
6.366108996082300298e-01
3.630921887069453180e-01
2.683681880830885436e-01
0.000000000000000000e+00
0.000000000000000000e+00
0.000000000000000000e+00
0.000000000000000000e+00
