0.000000000000000000e+00
1.240195927061526898e-01
0.000000000000000000e+00
1.240195927061526898e-01
3.408972535823660555e-01
4.281934251888975251e-01
4.236075534914361951e-01
4.677071733467426662e-01
7.691246546399355122e-01
6.463161837483261118e-01
9.354143466934853324e-01
9.222721602108566730e-01
9.185586535436918165e-01
1.155405096708509438e+00
1.394657075906116761e+00
1.745530005471117585e+00
1.407204537149806090e+00
1.991191540259248827e+00
1.970237533268514252e+00
1.938444830108662087e+00
2.799230851390253072e+00
2.780328147786696125e+00
3.479852726768763560e+00
3.454750748516453918e+00
4.499538821854413229e+00
4.419306895600259466e+00
4.904134695272449385e+00
5.482126497765260176e+00
5.109637799051905738e+00
6.137025821804891201e+00
6.217100912000705470e+00
7.265994614254472239e+00
7.256462636849995818e+00
8.949292918996450297e+00
9.791378541860181528e+00
9.708042735278826996e+00
1.291679162405955239e+01
1.217435188213319286e+01
1.098773063964415719e+01
1.149303457534171002e+01
1.548711031592078591e+01
1.228565243930394679e+01
1.410665809943570537e+01
1.655294535724684835e+01
1.764730829997523998e+01
1.915871594038533132e+01
1.812454202007598170e+01
1.508147631150130508e+01
1.888735496924794433e+01
1.727794385191710091e+01
1.866893282258991249e+01
1.675859737381085068e+01
1.766459979556570659e+01
1.996478833941146647e+01
2.063200046915894603e+01
1.653056325369389867e+01
1.604580236191073084e+01
1.555622363396721042e+01
1.728517699504404703e+01
1.477113819031898423e+01
1.631354761961664934e+01
1.370015824498023882e+01
1.513658518086229421e+01
1.393788536462759176e+01
1.179362538023719864e+01
1.035322215469053830e+01
1.268330441712647705e+01
1.059756338076706150e+01
9.375299474383471221e+00
1.075939814476162937e+01
1.257678564297630786e+01
9.370363436788350597e+00
7.166545541612081571e+00
7.889619366610787665e+00
6.833950604107041471e+00
5.921339025877085938e+00
6.299627190110141939e+00
4.121654656733749533e+00
5.077139327416571923e+00
4.410569691094337941e+00
3.820176697484031436e+00
2.872111320527113598e+00
3.894074775781148468e+00
2.019194997393763291e+00
2.146945504664708348e+00
2.109722193648964961e+00
1.576112578268126230e+00
1.525099253942181932e+00
1.030302595114658493e+00
1.058817146631088502e+00
9.920336987093735237e-01
7.680128579652817367e-01
5.777025483542547191e-01
4.831132760543845883e-01
4.284784125250652442e-01
0.000000000000000000e+00
3.476343040826092023e-01
0.000000000000000000e+00
1.739926363384381724e-01
0.000000000000000000e+00
