0.000000000000000000e+00
1.000000000000000000e+00
0.000000000000000000e+00
0.000000000000000000e+00
2.000000000000000000e+00
1.200000000000000000e+01
2.700000000000000000e+01
4.600000000000000000e+01
1.160000000000000000e+02
1.630000000000000000e+02
2.540000000000000000e+02
4.070000000000000000e+02
5.110000000000000000e+02
6.590000000000000000e+02
8.040000000000000000e+02
1.030000000000000000e+03
1.265000000000000000e+03
1.445000000000000000e+03
1.746000000000000000e+03
1.998000000000000000e+03
2.191000000000000000e+03
2.657000000000000000e+03
2.866000000000000000e+03
3.211000000000000000e+03
3.572000000000000000e+03
3.908000000000000000e+03
4.253000000000000000e+03
4.677000000000000000e+03
4.987000000000000000e+03
5.623000000000000000e+03
6.045000000000000000e+03
6.685000000000000000e+03
6.899000000000000000e+03
7.795000000000000000e+03
8.375000000000000000e+03
8.758000000000000000e+03
9.491000000000000000e+03
1.003900000000000000e+04
1.067500000000000000e+04
1.156100000000000000e+04
1.226500000000000000e+04
1.290000000000000000e+04
1.405300000000000000e+04
1.482300000000000000e+04
1.565800000000000000e+04
1.671600000000000000e+04
1.780900000000000000e+04
1.836500000000000000e+04
1.944400000000000000e+04
2.031700000000000000e+04
2.149800000000000000e+04
2.238300000000000000e+04
2.340100000000000000e+04
2.455900000000000000e+04
2.554600000000000000e+04
2.626000000000000000e+04
2.712600000000000000e+04
2.834100000000000000e+04
2.871000000000000000e+04
2.959600000000000000e+04
2.987500000000000000e+04
3.055800000000000000e+04
3.043500000000000000e+04
3.073600000000000000e+04
3.044200000000000000e+04
3.058400000000000000e+04
2.993300000000000000e+04
2.870000000000000000e+04
2.808300000000000000e+04
2.657000000000000000e+04
2.477800000000000000e+04
2.295800000000000000e+04
2.083600000000000000e+04
1.832100000000000000e+04
1.606900000000000000e+04
1.376400000000000000e+04
1.160900000000000000e+04
9.829000000000000000e+03
8.113000000000000000e+03
6.855000000000000000e+03
5.476000000000000000e+03
4.490000000000000000e+03
3.375000000000000000e+03
2.634000000000000000e+03
1.941000000000000000e+03
1.351000000000000000e+03
1.015000000000000000e+03
7.390000000000000000e+02
5.020000000000000000e+02
3.110000000000000000e+02
2.410000000000000000e+02
1.370000000000000000e+02
7.800000000000000000e+01
5.600000000000000000e+01
3.700000000000000000e+01
2.400000000000000000e+01
1.400000000000000000e+01
3.000000000000000000e+00
2.000000000000000000e+00
0.000000000000000000e+00
