0.000000000000000000e+00
9.843750000000000000e-01
0.000000000000000000e+00
9.843750000000000000e-01
7.875000000000000000e+00
2.559375000000000000e+01
5.217187500000000000e+01
7.087500000000000000e+01
1.348437500000000000e+02
2.254218750000000000e+02
3.169375000000000000e+02
4.459062500000000000e+02
5.955312500000000000e+02
7.894687500000000000e+02
9.114843750000000000e+02
1.110343750000000000e+03
1.308156250000000000e+03
1.623156250000000000e+03
1.741281250000000000e+03
2.182218750000000000e+03
2.280656250000000000e+03
2.547437500000000000e+03
2.918546875000000000e+03
3.108515625000000000e+03
3.545546875000000000e+03
3.968750000000000000e+03
4.239156250000000000e+03
4.738500000000000000e+03
5.163578125000000000e+03
5.373218750000000000e+03
6.079859375000000000e+03
6.442125000000000000e+03
6.955031250000000000e+03
7.511906250000000000e+03
8.010046875000000000e+03
8.629218750000000000e+03
9.421406250000000000e+03
9.889750000000000000e+03
1.058681250000000000e+04
1.141717187500000000e+04
1.201787500000000000e+04
1.281407812500000000e+04
1.365695312500000000e+04
1.452020312500000000e+04
1.548789062500000000e+04
1.624162500000000000e+04
1.708126562500000000e+04
1.792134375000000000e+04
1.910248437500000000e+04
1.990129687500000000e+04
2.104187500000000000e+04
2.199542187500000000e+04
2.310175000000000000e+04
2.393228125000000000e+04
2.471656250000000000e+04
2.566514062500000000e+04
2.641592187500000000e+04
2.699660937500000000e+04
2.754395312500000000e+04
2.840895312500000000e+04
2.880859375000000000e+04
2.892503125000000000e+04
2.912984375000000000e+04
2.927045312500000000e+04
2.889190625000000000e+04
2.894295312500000000e+04
2.805107812500000000e+04
2.743481250000000000e+04
2.644237500000000000e+04
2.498406250000000000e+04
2.346610937500000000e+04
2.116539062500000000e+04
1.939587500000000000e+04
1.720823437500000000e+04
1.532575000000000000e+04
1.298681250000000000e+04
1.125489062500000000e+04
9.536140625000000000e+03
7.934234375000000000e+03
6.561203125000000000e+03
5.068531250000000000e+03
4.098500000000000000e+03
3.239890625000000000e+03
2.495218750000000000e+03
1.812750000000000000e+03
1.433875000000000000e+03
1.035593750000000000e+03
6.874687500000000000e+02
4.729531250000000000e+02
3.067656250000000000e+02
2.291093750000000000e+02
1.199687500000000000e+02
7.771875000000000000e+01
5.901562500000000000e+01
2.460937500000000000e+01
1.965625000000000000e+01
5.906250000000000000e+00
9.843750000000000000e-01
1.953125000000000000e+00
0.000000000000000000e+00
