6.305962858189689824e-01
6.628084594471203017e-01
6.966660980949436199e-01
7.322532555478872274e-01
7.696582792340862511e-01
8.089740295525872371e-01
8.502981104053155548e-01
8.937331115050970443e-01
9.393868630612787207e-01
9.873727034752219911e-01
1.037809760710240115e+00
1.090823248034498594e+00
1.146544774871081751e+00
1.205112673526925970e+00
1.266672342611750324e+00
1.331376607999543049e+00
1.399386102228711959e+00
1.470869663282787121e+00
1.546004753741673010e+00
1.624977901344021536e+00
1.707985162054449502e+00
1.795232606785195584e+00
1.886936832980535161e+00
1.983325502333992851e+00
2.084637905973274474e+00
2.191125558516020977e+00
2.303052822471173045e+00
2.420697564536055779e+00
2.544351845418490576e+00
2.674322644896457213e+00
2.810932623915319173e+00
2.954520925614561033e+00
3.105444017272643631e+00
3.264076575260160595e+00
3.430812415198244647e+00
3.606065469631409393e+00
3.790270815641956226e+00
3.983885754957066538e+00
4.187390949230025861e+00
4.401291613313971673e+00
4.626118769490557447e+00
4.862430565767231982e+00
5.110813661515895667e+00
5.371884683892865553e+00
5.646291758655816118e+00
5.934716119178032656e+00
6.237873797654484243e+00
6.556517402698213814e+00
6.891437987740070881e+00
7.243467014870194731e+00
7.613478418996621144e+00
8.002390777445411274e+00
8.411169590388483996e+00
8.840829677760458694e+00
9.292437698615007236e+00
9.767114799175187656e+00
1.026603939615170624e+01
1.079045010223888923e+01
1.134164880105109141e+01
1.192100387913325754e+01
1.252995362306934091e+01
1.317000979012209783e+01
1.384276136126861090e+01
1.454987848594869426e+01
1.529311662831928409e+01
1.607432092530813605e+01
1.689543076728601889e+01
1.775848461272916623e+01
1.866562504882476858e+01
1.961910411058271464e+01
2.062128887165867042e+01
2.167466732076807290e+01
2.278185453827959606e+01
2.394559918832186796e+01
2.516879034252060876e+01
2.645446465230644151e+01
2.780581388759915384e+01
2.922619286058368715e+01
3.071912775424911857e+01
3.228832487636682202e+01
3.393767986064002429e+01
3.567128733786736206e+01
3.749345110112956547e+01
3.940869479023513122e+01
4.142177312194974093e+01
4.353768369388924242e+01
4.576167939138009189e+01
4.809928142808810492e+01
5.055629305278978336e+01
5.313881395631391769e+01
5.585325541442014696e+01
5.870635620420705436e+01
6.170519933356367659e+01
6.485722962519633938e+01
6.817027219888424838e+01
7.165255189784714673e+01
7.531271370745250238e+01
7.915984421695279138e+01
8.320349417753300258e+01
8.745370221267043576e+01
