0.000000000000000000e+00
4.906250000000000000e+00
9.843750000000000000e-01
1.953125000000000000e+00
8.843750000000000000e+00
8.812500000000000000e+00
4.875000000000000000e+00
1.365625000000000000e+01
1.959375000000000000e+01
3.428125000000000000e+01
3.134375000000000000e+01
5.575000000000000000e+01
6.664062500000000000e+01
8.101562500000000000e+01
8.601562500000000000e+01
1.193437500000000000e+02
1.379218750000000000e+02
1.556250000000000000e+02
2.496093750000000000e+02
2.790156250000000000e+02
3.299062500000000000e+02
3.819375000000000000e+02
4.693125000000000000e+02
5.340468750000000000e+02
6.466562500000000000e+02
7.016093750000000000e+02
8.951718750000000000e+02
1.081359375000000000e+03
1.208656250000000000e+03
1.412218750000000000e+03
1.622843750000000000e+03
1.879281250000000000e+03
2.081171875000000000e+03
2.304359375000000000e+03
2.682828125000000000e+03
3.022562500000000000e+03
3.397093750000000000e+03
3.749468750000000000e+03
4.253296875000000000e+03
4.646015625000000000e+03
5.011656250000000000e+03
5.524062500000000000e+03
5.918656250000000000e+03
6.284484375000000000e+03
6.758953125000000000e+03
7.115359375000000000e+03
7.329593750000000000e+03
7.531703125000000000e+03
7.805421875000000000e+03
8.219531250000000000e+03
8.149015625000000000e+03
8.297046875000000000e+03
8.182234375000000000e+03
8.184937500000000000e+03
8.100046875000000000e+03
8.060203125000000000e+03
7.803515625000000000e+03
7.454312500000000000e+03
7.033593750000000000e+03
6.795296875000000000e+03
6.485921875000000000e+03
6.097000000000000000e+03
5.570703125000000000e+03
5.329078125000000000e+03
4.840250000000000000e+03
4.378218750000000000e+03
4.074125000000000000e+03
3.734171875000000000e+03
3.306468750000000000e+03
2.954906250000000000e+03
2.647093750000000000e+03
2.288468750000000000e+03
2.108859375000000000e+03
1.737062500000000000e+03
1.550546875000000000e+03
1.331187500000000000e+03
1.147421875000000000e+03
9.093593750000000000e+02
7.230625000000000000e+02
5.985937500000000000e+02
5.279218750000000000e+02
4.431718750000000000e+02
3.179531250000000000e+02
2.557812500000000000e+02
2.270312500000000000e+02
1.537500000000000000e+02
1.258906250000000000e+02
9.865625000000000000e+01
6.623437500000000000e+01
5.092187500000000000e+01
3.839062500000000000e+01
2.965625000000000000e+01
1.439062500000000000e+01
3.859375000000000000e+00
5.718750000000000000e+00
6.687500000000000000e+00
3.843750000000000000e+00
0.000000000000000000e+00
1.921875000000000000e+00
0.000000000000000000e+00
