6.800781250000000000e+02
1.977640625000000000e+03
3.257875000000000000e+03
4.385968750000000000e+03
5.148390625000000000e+03
5.932343750000000000e+03
6.475468750000000000e+03
6.857531250000000000e+03
7.308484375000000000e+03
7.805968750000000000e+03
8.246796875000000000e+03
8.565687500000000000e+03
8.882171875000000000e+03
9.147468750000000000e+03
9.345031250000000000e+03
9.613953125000000000e+03
1.000068750000000000e+04
1.016990625000000000e+04
1.019637500000000000e+04
1.022159375000000000e+04
1.039945312500000000e+04
1.032737500000000000e+04
1.018765625000000000e+04
1.010967187500000000e+04
9.666921875000000000e+03
9.233781250000000000e+03
8.441218750000000000e+03
8.016015625000000000e+03
7.082890625000000000e+03
6.355218750000000000e+03
5.172796875000000000e+03
4.403281250000000000e+03
3.552218750000000000e+03
2.722171875000000000e+03
1.920671875000000000e+03
1.358062500000000000e+03
1.022656250000000000e+03
6.862187500000000000e+02
4.244062500000000000e+02
2.925468750000000000e+02
1.699375000000000000e+02
9.726562500000000000e+01
3.846875000000000000e+01
1.348437500000000000e+01
5.796875000000000000e+00
2.875000000000000000e+00
0.000000000000000000e+00
0.000000000000000000e+00
0.000000000000000000e+00
0.000000000000000000e+00
