0.000000000000000000e+00
3.899994991983963821e-01
1.240195927061526898e-01
5.000000000000000000e-01
2.683681880830885436e-01
4.677071733467426662e-01
7.287014885225636673e-01
5.067898356320892361e-01
7.485337229377178048e-01
9.258389354390967885e-01
8.556738481308167055e-01
1.359913686369469632e+00
1.448244492264686656e+00
1.510057428543696068e+00
1.643821291229676129e+00
1.712773700755590101e+00
1.921747963281085436e+00
2.571202828322767697e+00
2.914764074393500604e+00
2.570870475150391687e+00
4.367599768107764291e+00
4.116349831768432388e+00
4.008992577241195399e+00
4.646907573860276308e+00
5.221439239747504679e+00
5.557384410347641079e+00
6.380340134693055276e+00
6.418889969262598250e+00
7.602409542991945379e+00
7.983243559755332619e+00
8.228057348753409883e+00
8.917153413505904069e+00
1.134739739915611700e+01
1.193455461045781973e+01
1.149115446155759379e+01
1.272261727139408194e+01
1.370595751796914818e+01
1.570977004924005804e+01
1.535666462606708116e+01
1.671065078353847255e+01
1.927613384311024092e+01
1.871903693436176752e+01
2.129599227811127449e+01
2.274276584845167903e+01
2.239384136005645232e+01
2.391716968747295269e+01
2.158124185490723690e+01
2.688872741706782676e+01
2.463705288787601688e+01
2.428541228803826613e+01
2.713075975714649957e+01
2.651090117026154758e+01
2.608032495214304092e+01
2.694104801895009871e+01
3.037097693908404850e+01
2.694786633483252203e+01
2.328327906426358496e+01
2.362677221362188007e+01
2.805866743734233282e+01
2.321922841869158560e+01
2.712452746564214223e+01
2.225670874105996333e+01
2.901654633028369190e+01
2.341940968513083732e+01
2.221415102720279577e+01
2.197190588996548399e+01
2.243701579387007072e+01
1.893646217246967822e+01
1.831836510172237098e+01
1.587831381505526807e+01
1.762089241807505502e+01
1.404143387387395769e+01
1.262607320624171692e+01
1.026360330168576773e+01
1.131767837279360123e+01
8.595454376442237532e+00
7.977614554763535537e+00
6.794988962463441418e+00
6.989319418763174419e+00
5.212571192559387612e+00
4.739709247411701298e+00
3.122147135286067687e+00
3.635222654803966780e+00
2.636877888716123497e+00
2.480982353322973566e+00
2.175356921145355393e+00
1.517798055572611382e+00
1.483552403649766704e+00
1.196409831276473490e+00
7.680128579652817367e-01
7.866997421983815686e-01
7.069341266164761439e-01
6.051536478449088818e-01
2.420614591379635638e-01
0.000000000000000000e+00
4.133986423538422716e-01
0.000000000000000000e+00
0.000000000000000000e+00
2.420614591379635638e-01
0.000000000000000000e+00
