7.077968750000000000e+02
1.995156250000000000e+03
3.185109375000000000e+03
4.159984375000000000e+03
5.037578125000000000e+03
5.690046875000000000e+03
6.392250000000000000e+03
6.742000000000000000e+03
7.292984375000000000e+03
7.600343750000000000e+03
8.034656250000000000e+03
8.326593750000000000e+03
8.769015625000000000e+03
8.726796875000000000e+03
9.186109375000000000e+03
9.207296875000000000e+03
9.517781250000000000e+03
9.641453125000000000e+03
9.757937500000000000e+03
9.990734375000000000e+03
9.899468750000000000e+03
9.797062500000000000e+03
9.542265625000000000e+03
9.588609375000000000e+03
9.307609375000000000e+03
8.759562500000000000e+03
8.222296875000000000e+03
7.405734375000000000e+03
6.752562500000000000e+03
5.946796875000000000e+03
5.157718750000000000e+03
4.287406250000000000e+03
3.400859375000000000e+03
2.671187500000000000e+03
1.941093750000000000e+03
1.310203125000000000e+03
9.331562500000000000e+02
7.287812500000000000e+02
4.660000000000000000e+02
2.938906250000000000e+02
1.671093750000000000e+02
8.693750000000000000e+01
4.148437500000000000e+01
1.923437500000000000e+01
4.828125000000000000e+00
1.937500000000000000e+00
1.937500000000000000e+00
0.000000000000000000e+00
0.000000000000000000e+00
0.000000000000000000e+00
