0.000000000000000000e+00
9.843750000000000000e-01
2.953125000000000000e+00
7.875000000000000000e+00
2.264062500000000000e+01
6.201562500000000000e+01
1.141875000000000000e+02
1.949062500000000000e+02
2.697187500000000000e+02
3.878281250000000000e+02
5.138281250000000000e+02
6.466718750000000000e+02
8.229375000000000000e+02
1.017796875000000000e+03
1.165468750000000000e+03
1.428234375000000000e+03
1.696000000000000000e+03
1.827828125000000000e+03
2.185203125000000000e+03
2.485421875000000000e+03
2.707718750000000000e+03
3.028703125000000000e+03
3.352515625000000000e+03
3.750218750000000000e+03
4.159718750000000000e+03
4.471703125000000000e+03
4.844750000000000000e+03
5.324109375000000000e+03
5.674515625000000000e+03
6.341750000000000000e+03
6.590734375000000000e+03
7.346921875000000000e+03
7.848765625000000000e+03
8.343546875000000000e+03
8.824093750000000000e+03
9.647656250000000000e+03
1.006085937500000000e+04
1.098525000000000000e+04
1.151267187500000000e+04
1.265846875000000000e+04
1.338085937500000000e+04
1.380576562500000000e+04
1.475825000000000000e+04
1.567656250000000000e+04
1.649021875000000000e+04
1.734296875000000000e+04
1.839365625000000000e+04
1.946896875000000000e+04
2.033289062500000000e+04
2.114103125000000000e+04
2.219418750000000000e+04
2.331648437500000000e+04
2.398028125000000000e+04
2.486440625000000000e+04
2.583629687500000000e+04
2.654817187500000000e+04
2.734207812500000000e+04
2.790848437500000000e+04
2.825196875000000000e+04
2.896434375000000000e+04
2.916365625000000000e+04
2.895993750000000000e+04
2.917068750000000000e+04
2.884537500000000000e+04
2.841565625000000000e+04
2.791103125000000000e+04
2.724185937500000000e+04
2.603145312500000000e+04
2.430168750000000000e+04
2.265357812500000000e+04
2.085746875000000000e+04
1.839965625000000000e+04
1.632321875000000000e+04
1.420517187500000000e+04
1.242201562500000000e+04
1.048020312500000000e+04
8.635062500000000000e+03
7.211546875000000000e+03
5.909515625000000000e+03
4.779156250000000000e+03
3.606890625000000000e+03
2.883765625000000000e+03
2.252343750000000000e+03
1.582421875000000000e+03
1.175984375000000000e+03
8.576250000000000000e+02
6.106718750000000000e+02
4.327187500000000000e+02
2.948906250000000000e+02
1.680937500000000000e+02
1.188437500000000000e+02
5.606250000000000000e+01
3.935937500000000000e+01
2.360937500000000000e+01
1.181250000000000000e+01
4.921875000000000000e+00
1.953125000000000000e+00
0.000000000000000000e+00
1.968750000000000000e+00
0.000000000000000000e+00
