6.569531250000000000e+02
1.877718750000000000e+03
2.959718750000000000e+03
3.955109375000000000e+03
4.775296875000000000e+03
5.458484375000000000e+03
5.853062500000000000e+03
6.223921875000000000e+03
6.523453125000000000e+03
6.922656250000000000e+03
7.179078125000000000e+03
7.423421875000000000e+03
7.777015625000000000e+03
7.991078125000000000e+03
8.242609375000000000e+03
8.246078125000000000e+03
8.272875000000000000e+03
8.673625000000000000e+03
8.859609375000000000e+03
8.842718750000000000e+03
8.705421875000000000e+03
8.780953125000000000e+03
8.686734375000000000e+03
8.527984375000000000e+03
8.216171875000000000e+03
7.653687500000000000e+03
7.224953125000000000e+03
6.617265625000000000e+03
5.994109375000000000e+03
5.199359375000000000e+03
4.478375000000000000e+03
3.757078125000000000e+03
3.008015625000000000e+03
2.356468750000000000e+03
1.660812500000000000e+03
1.138140625000000000e+03
8.872187500000000000e+02
6.129687500000000000e+02
4.139687500000000000e+02
2.539531250000000000e+02
1.380468750000000000e+02
8.592187500000000000e+01
5.100000000000000000e+01
1.821875000000000000e+01
1.906250000000000000e+00
9.687500000000000000e-01
0.000000000000000000e+00
0.000000000000000000e+00
0.000000000000000000e+00
0.000000000000000000e+00
