0.000000000000000000e+00
2.113710821635731707e-01
4.284784125250652442e-01
5.410403029118995288e-01
8.726251253402000918e-01
1.265142654999822591e+00
1.689740988842668656e+00
1.926125888279372145e+00
2.502927972894945174e+00
2.895140054902352933e+00
3.044229620835951167e+00
3.183476320687025130e+00
4.099232969410253169e+00
3.932008819849594605e+00
5.255112837751441113e+00
6.002583265509525923e+00
5.941261144266846372e+00
6.294761587026152405e+00
6.821095494860045072e+00
8.659225007722977097e+00
7.942112341027416811e+00
9.096474570369281309e+00
8.131472782305490199e+00
9.338875714419536678e+00
1.050441685375728085e+01
1.056295071153770948e+01
1.284157334049745636e+01
1.191300456368480454e+01
1.246956255184499263e+01
1.436568142255615399e+01
1.668597839504774072e+01
1.759837722232862589e+01
1.584069096454996739e+01
1.770678608436607249e+01
2.014236440316776822e+01
2.091685082505251358e+01
2.049036906962329496e+01
2.290469384209271553e+01
2.253230645061385928e+01
2.570672467194868105e+01
2.261847605353585777e+01
2.528136588354157865e+01
2.628925636072652239e+01
2.976043671974589699e+01
2.922633591364986572e+01
3.097610832737668218e+01
3.222227717720110007e+01
3.284855162332123513e+01
3.510497649906633910e+01
3.838985868689803027e+01
3.911715863415152228e+01
3.839473929927608253e+01
3.897028803600731806e+01
4.025370894693276824e+01
4.043676342064853912e+01
4.451654088211903115e+01
4.044804912148885023e+01
3.890843367365872041e+01
4.631000910558510242e+01
4.142160092798804527e+01
3.984098948770443371e+01
4.037111775065807961e+01
4.209994386501602293e+01
4.115613135897857688e+01
3.529526335408726112e+01
3.318955972892680251e+01
3.261062527550453183e+01
3.062531488996276252e+01
2.991762371887805827e+01
2.627699040242955775e+01
2.579970456922665889e+01
1.887210242659783788e+01
1.897075771911865516e+01
1.997566268260893096e+01
1.392753812988408235e+01
1.544805275704271352e+01
1.283891142131508722e+01
1.196290449616542695e+01
1.136270583903213627e+01
1.025947542214025709e+01
8.960852359011390433e+00
8.624094155330169542e+00
7.475595058881600252e+00
7.871511504112472579e+00
5.313602826708070381e+00
4.754700593557390498e+00
4.211104182693655495e+00
4.004757912471114345e+00
2.751375721230199467e+00
2.256068205972505680e+00
1.861409076479428881e+00
1.348827615931702306e+00
1.224744871391588941e+00
9.842509842514763907e-01
7.027776920015318396e-01
6.427176187875979219e-01
4.166341133116682194e-01
2.914805954090254891e-01
1.739926363384381724e-01
0.000000000000000000e+00
