6.870000000000000000e+02
2.100000000000000000e+03
3.192000000000000000e+03
4.319000000000000000e+03
5.331000000000000000e+03
6.009000000000000000e+03
6.454000000000000000e+03
6.734000000000000000e+03
7.439000000000000000e+03
7.667000000000000000e+03
7.940000000000000000e+03
8.239000000000000000e+03
8.465000000000000000e+03
8.764000000000000000e+03
8.972000000000000000e+03
9.218000000000000000e+03
9.453000000000000000e+03
9.614000000000000000e+03
9.710000000000000000e+03
9.903000000000000000e+03
9.904000000000000000e+03
9.918000000000000000e+03
9.461000000000000000e+03
9.439000000000000000e+03
9.160000000000000000e+03
8.762000000000000000e+03
8.057000000000000000e+03
7.700000000000000000e+03
6.752000000000000000e+03
5.972000000000000000e+03
4.934000000000000000e+03
4.100000000000000000e+03
3.317000000000000000e+03
2.636000000000000000e+03
1.871000000000000000e+03
1.332000000000000000e+03
9.620000000000000000e+02
7.030000000000000000e+02
4.780000000000000000e+02
2.800000000000000000e+02
1.530000000000000000e+02
8.300000000000000000e+01
4.900000000000000000e+01
2.100000000000000000e+01
9.000000000000000000e+00
1.000000000000000000e+00
1.000000000000000000e+00
0.000000000000000000e+00
0.000000000000000000e+00
0.000000000000000000e+00
