6.732196367540961290e-01
7.074902150877346863e-01
7.435053541489609064e-01
7.813538616638252554e-01
8.211290661595640472e-01
8.629290470982180494e-01
9.068568767253172291e-01
9.530208742299914881e-01
1.001534872843227619e+00
1.052518500532895862e+00
1.106097474987694396e+00
1.162403913617397588e+00
1.221576659333821091e+00
1.283761622915826184e+00
1.349112142802585845e+00
1.417789363202303754e+00
1.489962631448743302e+00
1.565809915585390621e+00
1.645518243206941733e+00
1.729284162640235101e+00
1.817314227601827703e+00
1.909825506527301320e+00
2.007046117828233722e+00
2.109215792396685885e+00
2.216586464744262130e+00
2.329422894233391883e+00
2.448003317932701872e+00
2.572620136706310401e+00
2.703580636228835932e+00
2.841207744704032923e+00
2.985840829155468334e+00
3.137836532252769928e+00
3.297569651736924623e+00
3.465434064613161169e+00
3.641843698390323958e+00
3.827233551761671126e+00
4.022060767243929469e+00
4.226805758419573067e+00
4.441973394561926192e+00
4.668094245564192946e+00
4.905725890242212728e+00
5.155454291237018261e+00
5.417895239907483784e+00
5.693695874775948518e+00
5.983536277271065629e+00
6.288131148702730044e+00
6.608231572604243986e+00
6.944626866787379171e+00
7.298146529677217664e+00
7.669662285726134954e+00
8.060090234950584076e+00
8.470393111891121762e+00
8.901582659565900002e+00
9.354722124271443562e+00
9.830928877382488551e+00
1.033137717061584304e+01
1.085730103155230530e+01
1.140999730655656030e+01
1.199082885859843550e+01
1.260122792786080836e+01
1.324269966342090754e+01
1.391682583471362555e+01
1.462526873192870447e+01
1.536977526495955360e+01
1.615218127101106305e+01
1.697441604148836447e+01
1.783850707932907653e+01
1.874658509850992516e+01
1.970088927805567991e+01
2.070377278350601813e+01
2.175770856945540999e+01
2.286529547747419144e+01
2.402926464444725596e+01
2.525248623713240903e+01
2.653797652954477471e+01
2.788890534061898308e+01
2.930860385048913841e+01
3.080057281466041630e+01
3.236849119632715599e+01
3.401622523812338272e+01
3.574783799567521925e+01
3.756759935646348225e+01
3.947999656870150176e+01
4.148974530619066314e+01
4.360180129643785563e+01
4.582137254070791244e+01
4.815393215614399480e+01
5.060523187162247183e+01
5.318131621062082814e+01
5.588853739607149862e+01
5.873357101395473734e+01
6.172343247425445156e+01
6.486549430986701736e+01
6.816750435611949399e+01
7.163760485572564107e+01
7.528435253628853729e+01
7.911673970985897597e+01
8.314421644657689114e+01
8.737671387707322879e+01
9.182466868109207780e+01
