0.000000000000000000e+00
1.240195927061526898e-01
0.000000000000000000e+00
0.000000000000000000e+00
0.000000000000000000e+00
0.000000000000000000e+00
0.000000000000000000e+00
0.000000000000000000e+00
0.000000000000000000e+00
2.420614591379635638e-01
4.166341133116682194e-01
7.180703308172535770e-01
9.721462643938925119e-01
1.037857619088475847e+00
1.681630416998634026e+00
2.116654107164182008e+00
2.601081505835601604e+00
3.396021051815639069e+00
3.676858320546903869e+00
3.724391728859895334e+00
4.444509209055033772e+00
4.846445822391394209e+00
6.208593307616065538e+00
5.594273718500016201e+00
5.541370508220416546e+00
7.588475534486488705e+00
7.721469662570720871e+00
1.019362114802070707e+01
8.025107086512926813e+00
1.105462952723314984e+01
9.848845407425939058e+00
1.239438782713268949e+01
1.218205006351558239e+01
1.434425210177843368e+01
1.495552488578635675e+01
1.279433735522770199e+01
1.530101610188029326e+01
1.772339968754231521e+01
1.702835411159869139e+01
1.923050961363218647e+01
1.971545014980319976e+01
1.964041368223630357e+01
2.024681085033825667e+01
2.481934237362817441e+01
2.421461154157495343e+01
2.492982337983965735e+01
2.540082968010100117e+01
3.102147300031665011e+01
3.246984403233830108e+01
2.981056319049298153e+01
3.055316830952233786e+01
3.293817821289415093e+01
3.383507434393155222e+01
3.774404637965271547e+01
3.685163123403596330e+01
4.046013421798672027e+01
4.346219790213530842e+01
3.857819777737161360e+01
3.940306229672225413e+01
4.285876833785007278e+01
4.474169572040715792e+01
4.372887603871582485e+01
4.006473948011362296e+01
3.902438140124709065e+01
4.288973132037988023e+01
3.877924488672226744e+01
4.257330247918729071e+01
3.620581560998695636e+01
3.867575738087587922e+01
3.432706529998413458e+01
2.933637337392567090e+01
3.199212549597165989e+01
2.898598378284537347e+01
2.325333897395167781e+01
1.788592323588581223e+01
1.817229148275954387e+01
1.994278926705088395e+01
1.694957480108276826e+01
1.188420695713432984e+01
1.271529437085512448e+01
1.191899744106021686e+01
1.202467352727299676e+01
8.688848816155106292e+00
9.753555040983775015e+00
8.139170335482603491e+00
8.126066636717606428e+00
5.144185696917928929e+00
4.913087393317464802e+00
3.841049610376700230e+00
3.240370349203930189e+00
3.021892773991162073e+00
2.174907954230477447e+00
1.787270527228600692e+00
1.299695727612813156e+00
1.030776406404415146e+00
8.285670989726782176e-01
5.017060736875725846e-01
5.226790213649290529e-01
2.420614591379635638e-01
0.000000000000000000e+00
