7.703398383820886375e-01
8.080770299724794326e-01
8.476628805029566838e-01
8.891879515583320792e-01
9.327472411288922904e-01
9.784404009397842383e-01
1.026371964426871397e+00
1.076651585880606055e+00
1.129394291305016562e+00
1.184720741565701951e+00
1.242757508428848023e+00
1.303637364122764097e+00
1.367499585084380298e+00
1.434490270585592642e+00
1.504762676968384394e+00
1.578477568253364938e+00
1.655803583923822764e+00
1.736917624726677323e+00
1.822005257372940834e+00
1.911261139063533676e+00
2.004889462811648926e+00
2.103104424580446885e+00
2.206130713304756519e+00
2.314204024917823510e+00
2.427571601559057601e+00
2.546492797196336255e+00
2.671239670956854884e+00
2.802097609523900967e+00
2.939365980023429525e+00
3.083358814894060718e+00
3.234405530307296939e+00
3.392851679781504703e+00
3.559059744713735540e+00
3.733409963637882356e+00
3.916301202106321266e+00
4.108151865185048379e+00
4.309400854649897639e+00
4.520508573073588110e+00
4.741957977100734745e+00
4.974255682320381844e+00
5.217933122263721302e+00
5.473547764178483099e+00
5.741684384361309235e+00
6.022956405965789628e+00
6.318007302346623000e+00
6.627512069150447438e+00
6.952178768520997920e+00
7.292750148951405720e+00
7.650005344489310133e+00
8.024761657182198249e+00
8.417876426840653181e+00
8.830248992397047303e+00
9.262822749346717899e+00
9.716587307978503674e+00
1.019258075733205082e+01
1.069189204006125493e+01
1.121566344363682965e+01
1.176509321358718196e+01
1.234143829475605791e+01
1.294601720684809365e+01
1.358021306084079072e+01
1.424547672316365698e+01
1.494333013488327211e+01
1.567536979348762038e+01
1.644327040523511130e+01
1.724878871642387423e+01
1.809376753234614910e+01
1.898013993312216030e+01
1.990993369605799046e+01
2.088527593464471721e+01
2.190839796481153456e+01
2.298164040956556420e+01
2.410745855369624024e+01
2.528842796079447197e+01
2.652725036543681369e+01
2.782675985401428420e+01
2.918992934834579245e+01
3.061987740690917903e+01
3.211987535924886572e+01
3.369335478988195831e+01
3.534391538882390194e+01
3.707533318669334221e+01
3.889156919323603745e+01
4.079677845903039213e+01
4.279531958110531065e+01
4.489176467421648198e+01
4.709090983059275715e+01
4.939778609208174487e+01
5.181767095979569149e+01
5.435610046758874603e+01
5.701888184698628947e+01
5.981210681254016492e+01
6.274216549800333809e+01
6.581576107520592700e+01
6.903992508907654724e+01
7.242203354389134518e+01
7.596982377755176685e+01
7.969141216249485637e+01
8.359531267373031937e+01
8.769045636648382924e+01
