0.000000000000000000e+00
2.113710821635731707e-01
2.420614591379635638e-01
1.739926363384381724e-01
5.226790213649290529e-01
3.750000000000000000e-01
1.739926363384381724e-01
5.555121510822242925e-01
5.691876750027182741e-01
8.038906855879099922e-01
1.116285693718234384e+00
1.255845706088132507e+00
1.425133628602946123e+00
1.007782218537318641e+00
1.771009488787397723e+00
1.483552403649766704e+00
1.991620630133911884e+00
2.192850599106104248e+00
2.026918458522690702e+00
2.968585521759479207e+00
2.561308793249068572e+00
3.627154532136727116e+00
2.846624577350339802e+00
4.003142076466310151e+00
4.260986488992308807e+00
5.371342323793466988e+00
5.454266535245595904e+00
5.809117799578090491e+00
7.595726980307744292e+00
7.182878949279320580e+00
8.347845436847761036e+00
8.046495743489833430e+00
7.844123497083661078e+00
9.943934630592661250e+00
1.013637478342232612e+01
1.240761760409205294e+01
1.361969506817241538e+01
1.332114412726530794e+01
1.331806478469657407e+01
1.614869262316612364e+01
1.825737623836938539e+01
1.956397258834462960e+01
1.958369832882377182e+01
1.670731939852635506e+01
1.701788466400862632e+01
2.147034200793038039e+01
1.797220075561142849e+01
2.335765043801227492e+01
2.166756558632048879e+01
2.250003797739850597e+01
2.391394381912726175e+01
2.538792774134982366e+01
1.916299712947781586e+01
1.874249849939970147e+01
1.777808490064030877e+01
1.806604095914486763e+01
1.889351327175546658e+01
1.794827637964158384e+01
1.690066768975045619e+01
1.816557285387320064e+01
1.160141256216241956e+01
1.582422212493792735e+01
1.438012816137255356e+01
1.391435859103825123e+01
1.433689753256871846e+01
1.198562778654084582e+01
1.189829130327123963e+01
1.070273721925260624e+01
8.646132964185492042e+00
8.891695893325131550e+00
1.000438136440104842e+01
9.602741612913209934e+00
7.305819598101228607e+00
6.823600474639469837e+00
6.856153144256624365e+00
7.111538132455946126e+00
4.253215695212270830e+00
5.670562003673004448e+00
4.421957817245659506e+00
3.409796032664563992e+00
2.806199540192215292e+00
2.855230945125105002e+00
2.384028890345081475e+00
2.192850599106104248e+00
2.127755566318650260e+00
2.053721850080969524e+00
1.615053694927818695e+00
1.195286968681579909e+00
1.028879852072145606e+00
6.584783595532961442e-01
5.510997527671374074e-01
4.236075534914361951e-01
2.683681880830885436e-01
3.772717646140511527e-01
2.420614591379635638e-01
0.000000000000000000e+00
0.000000000000000000e+00
0.000000000000000000e+00
0.000000000000000000e+00
2.914805954090254891e-01
