1.734831775981018620e-01
1.818149357143565292e-01
1.905468374887391292e-01
1.996981003475007954e-01
2.092888646591012092e-01
2.193402380597246348e-01
2.298743419075856553e-01
2.409143599682658232e-01
2.524845894382259370e-01
2.646104944187915309e-01
2.773187619582951347e-01
2.906373607857183350e-01
3.045956028650916303e-01
3.192242079061285986e-01
3.345553709730653136e-01
3.506228333405053132e-01
3.674619567522090513e-01
3.851098012462594311e-01
4.036052067178838576e-01
4.229888783994379953e-01
4.433034764456783017e-01
4.645937098214854011e-01
4.869064346986688996e-01
5.102907575784085825e-01
5.347981433662865047e-01
5.604825286377649318e-01
5.874004403433878974e-01
6.156111202149566752e-01
6.451766551464754862e-01
6.761621138368141271e-01
7.086356899948139665e-01
7.426688524220081966e-01
7.783365023032626784e-01
8.157171380515059189e-01
8.548930280693458617e-01
8.959503918077894591e-01
9.389795895205464982e-01
9.840753211315338422e-01
1.031336834653253209e+00
1.080868144614736348e+00
1.132778260979779406e+00
1.187181429059278370e+00
1.244197380945668119e+00
1.303951599022834973e+00
1.366575592131435757e+00
1.432207184997424054e+00
1.500990821560759914e+00
1.573077882871881439e+00
1.648627020255573283e+00
1.727804504475468850e+00
1.810784591667636612e+00
1.897749906848609891e+00
1.988891845841894490e+00
2.084410996507527702e+00
2.184517580201738252e+00
2.289431914438292193e+00
2.399384897769757163e+00
2.514618517955825805e+00
2.635386384537097282e+00
2.761954286986413543e+00
2.894600779666145485e+00
3.033617794878831209e+00
3.179311285360370221e+00
3.332001897629804699e+00
3.492025677677609075e+00
3.659734810545592243e+00
3.835498395426092166e+00
4.019703257986336986e+00
4.212754801705751895e+00
4.415077900099855235e+00
4.627117831794396174e+00
4.849341260507643803e+00
5.082237262097628161e+00
5.326318400934670905e+00
5.582121857968128431e+00
5.850210612970027313e+00
6.131174683557499172e+00
6.425632423720911923e+00
6.734231884715517147e+00
7.057652241311712871e+00
7.396605286542853541e+00
7.751836998240297483e+00
8.124129180803352668e+00
8.514301185817400253e+00
8.923211715306957004e+00
9.351760711592350006e+00
9.800891337909245493e+00
1.027159205415003917e+01
1.076489879229545110e+01
1.128189723632411301e+01
1.182372521161780021e+01
1.239157518912097622e+01
1.298669690976593749e+01
1.361040013493942169e+01
1.426405752904399016e+01
1.494910768049818550e+01
1.566705826782428801e+01
1.641948937779149986e+01
1.720805698291741948e+01
1.803449658598106708e+01
