7.317593056747888625e-01
7.666955039587799448e-01
8.032996522655081462e-01
8.416513831083836106e-01
8.818341308756361130e-01
9.239353133422570918e-01
9.680465218478200295e-01
1.014263720553911563e+00
1.062687455214660792e+00
1.113423071914544815e+00
1.166580946249339501e+00
1.222276723448797231e+00
1.280631569963440297e+00
1.341772437062799472e+00
1.405832337018554590e+00
1.472950632473418953e+00
1.543273339625285789e+00
1.616953445886220475e+00
1.694151242707364169e+00
1.775034674293813453e+00
1.859779702968103132e+00
1.948570691977146829e+00
2.041600806575432525e+00
2.139072434257027311e+00
2.241197625050618036e+00
2.348198552835438324e+00
2.460307998681691810e+00
2.577769857266969389e+00
2.700839667470377403e+00
2.829785168298689868e+00
2.964886881353934633e+00
3.106438721109586965e+00
3.254748634323023193e+00
3.410139269975278609e+00
3.572948681195569520e+00
3.743531060697618873e+00
3.922257511327731816e+00
4.109516853400954517e+00
4.305716470581669064e+00
4.511283196148860419e+00
4.726664241574114023e+00
4.952328169432480109e+00
5.188765912762772103e+00
5.436491843094919396e+00
5.696044889467894556e+00
5.967989710872604547e+00
6.252917924670442495e+00
6.551449393659912523e+00
6.864233574591335874e+00
7.191950931063368913e+00
7.535314413875064510e+00
7.895071012054018844e+00
8.272003377934845858e+00
8.666931529823372671e+00
9.080714635950691616e+00
9.514252883598071975e+00
9.968489437459048474e+00
1.044441249149905815e+01
1.094305741877650817e+01
1.146550902390222682e+01
1.201290390303747024e+01
1.258643291656472485e+01
1.318734377981062167e+01
1.381694377745707669e+01
1.447660260754584449e+01
1.516775536126365331e+01
1.589190564499051916e+01
1.665062885140316951e+01
1.744557558674990716e+01
1.827847526175303372e+01
1.915113985395082352e+01
2.006546784966397112e+01
2.102344837416236345e+01
2.202716551901736253e+01
2.307880287605384595e+01
2.418064828776535791e+01
2.533509882452731432e+01
2.654466599943599192e+01
2.781198123211820672e+01
2.913980157339822341e+01
3.053101570327608627e+01
3.198865021526594177e+01
3.351587620076566765e+01
3.511601614778265201e+01
3.679255116902362488e+01
3.854912857507326152e+01
4.038956980913714290e+01
4.231787876061114417e+01
4.433825047556363330e+01
4.645508028307957460e+01
4.867297335732176577e+01
5.099675473611097942e+01
5.343147981782063027e+01
5.598244535942190936e+01
5.865520099960595246e+01
6.145556133205150218e+01
6.438961855510338239e+01
6.746375572538130427e+01
7.068466064415267169e+01
7.405934040667864338e+01
