0.000000000000000000e+00
9.687500000000000000e-01
0.000000000000000000e+00
0.000000000000000000e+00
9.687500000000000000e-01
9.843750000000000000e-01
5.828125000000000000e+00
1.937500000000000000e+00
1.265625000000000000e+01
1.176562500000000000e+01
2.050000000000000000e+01
2.053125000000000000e+01
2.146875000000000000e+01
2.543750000000000000e+01
4.496875000000000000e+01
5.953125000000000000e+01
6.835937500000000000e+01
9.767187500000000000e+01
1.113281250000000000e+02
1.279375000000000000e+02
1.964218750000000000e+02
2.375000000000000000e+02
2.491250000000000000e+02
3.418437500000000000e+02
4.080937500000000000e+02
4.854531250000000000e+02
5.562656250000000000e+02
6.814375000000000000e+02
7.916250000000000000e+02
9.538125000000000000e+02
1.112421875000000000e+03
1.338843750000000000e+03
1.555703125000000000e+03
1.844312500000000000e+03
2.031187500000000000e+03
2.394343750000000000e+03
2.713796875000000000e+03
2.954718750000000000e+03
3.358296875000000000e+03
3.809687500000000000e+03
4.220421875000000000e+03
4.593515625000000000e+03
5.179421875000000000e+03
5.354296875000000000e+03
6.052921875000000000e+03
6.420984375000000000e+03
6.867671875000000000e+03
7.178828125000000000e+03
7.557203125000000000e+03
8.043890625000000000e+03
8.197656250000000000e+03
8.369296875000000000e+03
8.451296875000000000e+03
8.337921875000000000e+03
8.540250000000000000e+03
8.387578125000000000e+03
8.291609375000000000e+03
7.864421875000000000e+03
7.634484375000000000e+03
7.403687500000000000e+03
7.147718750000000000e+03
6.732843750000000000e+03
6.348359375000000000e+03
5.849125000000000000e+03
5.403656250000000000e+03
5.100828125000000000e+03
4.675296875000000000e+03
4.351953125000000000e+03
3.795078125000000000e+03
3.405328125000000000e+03
3.149093750000000000e+03
2.812718750000000000e+03
2.392546875000000000e+03
2.128453125000000000e+03
1.855218750000000000e+03
1.554250000000000000e+03
1.319546875000000000e+03
1.156437500000000000e+03
8.471718750000000000e+02
8.075156250000000000e+02
6.716250000000000000e+02
5.101875000000000000e+02
4.206875000000000000e+02
3.558125000000000000e+02
2.803593750000000000e+02
1.906718750000000000e+02
1.380156250000000000e+02
1.233906250000000000e+02
7.243750000000000000e+01
5.734375000000000000e+01
2.812500000000000000e+01
3.942187500000000000e+01
2.529687500000000000e+01
1.409375000000000000e+01
1.028125000000000000e+01
5.656250000000000000e+00
4.640625000000000000e+00
1.890625000000000000e+00
3.750000000000000000e+00
0.000000000000000000e+00
