0.000000000000000000e+00
4.921875000000000000e+00
1.476562500000000000e+01
2.164062500000000000e+01
6.004687500000000000e+01
1.092656250000000000e+02
1.811093750000000000e+02
2.618437500000000000e+02
3.681250000000000000e+02
4.980937500000000000e+02
6.329375000000000000e+02
8.002656250000000000e+02
9.627031250000000000e+02
1.144828125000000000e+03
1.489265625000000000e+03
1.715687500000000000e+03
1.872281250000000000e+03
2.042500000000000000e+03
2.379140625000000000e+03
2.658640625000000000e+03
2.941109375000000000e+03
3.317078125000000000e+03
3.502203125000000000e+03
3.958781250000000000e+03
4.322046875000000000e+03
4.644921875000000000e+03
5.007968750000000000e+03
5.405781250000000000e+03
6.082796875000000000e+03
6.502500000000000000e+03
6.821140625000000000e+03
7.405640625000000000e+03
7.950796875000000000e+03
8.532359375000000000e+03
9.069921875000000000e+03
9.686171875000000000e+03
1.058684375000000000e+04
1.095979687500000000e+04
1.191235937500000000e+04
1.255518750000000000e+04
1.331843750000000000e+04
1.403423437500000000e+04
1.477103125000000000e+04
1.595015625000000000e+04
1.686579687500000000e+04
1.773612500000000000e+04
1.856279687500000000e+04
1.967982812500000000e+04
2.022653125000000000e+04
2.150468750000000000e+04
2.218353125000000000e+04
2.330068750000000000e+04
2.403046875000000000e+04
2.467898437500000000e+04
2.542567187500000000e+04
2.616879687500000000e+04
2.654089062500000000e+04
2.702598437500000000e+04
2.744103125000000000e+04
2.779073437500000000e+04
2.779500000000000000e+04
2.748700000000000000e+04
2.738967187500000000e+04
2.726839062500000000e+04
2.645059375000000000e+04
2.587168750000000000e+04
2.490901562500000000e+04
2.383490625000000000e+04
2.264235937500000000e+04
2.085820312500000000e+04
1.872018750000000000e+04
1.659068750000000000e+04
1.485434375000000000e+04
1.307189062500000000e+04
1.103146875000000000e+04
9.357109375000000000e+03
7.942359375000000000e+03
6.364031250000000000e+03
5.405171875000000000e+03
4.164656250000000000e+03
3.320500000000000000e+03
2.616890625000000000e+03
1.872937500000000000e+03
1.465546875000000000e+03
1.075078125000000000e+03
7.169375000000000000e+02
5.073906250000000000e+02
3.412343750000000000e+02
2.035625000000000000e+02
1.347656250000000000e+02
8.656250000000000000e+01
6.587500000000000000e+01
3.050000000000000000e+01
1.964062500000000000e+01
6.890625000000000000e+00
2.953125000000000000e+00
2.953125000000000000e+00
9.843750000000000000e-01
9.843750000000000000e-01
0.000000000000000000e+00
