0.000000000000000000e+00
9.843750000000000000e-01
9.843750000000000000e-01
9.843750000000000000e-01
0.000000000000000000e+00
0.000000000000000000e+00
0.000000000000000000e+00
0.000000000000000000e+00
9.843750000000000000e-01
9.843750000000000000e+00
2.460937500000000000e+01
3.543750000000000000e+01
7.971875000000000000e+01
1.240312500000000000e+02
2.392031250000000000e+02
3.829062500000000000e+02
4.724843750000000000e+02
5.994687500000000000e+02
8.662187500000000000e+02
1.016812500000000000e+03
1.315109375000000000e+03
1.488312500000000000e+03
1.684218750000000000e+03
2.086718750000000000e+03
2.346640625000000000e+03
2.760062500000000000e+03
3.060265625000000000e+03
3.303359375000000000e+03
3.750296875000000000e+03
4.074000000000000000e+03
4.603593750000000000e+03
4.977531250000000000e+03
5.495343750000000000e+03
5.806375000000000000e+03
6.433234375000000000e+03
7.096750000000000000e+03
7.689265625000000000e+03
8.204093750000000000e+03
8.795390625000000000e+03
9.381937500000000000e+03
1.007504687500000000e+04
1.101762500000000000e+04
1.177364062500000000e+04
1.263246875000000000e+04
1.355990625000000000e+04
1.423026562500000000e+04
1.555685937500000000e+04
1.617757812500000000e+04
1.745412500000000000e+04
1.834964062500000000e+04
1.933251562500000000e+04
2.068390625000000000e+04
2.165187500000000000e+04
2.289981250000000000e+04
2.365503125000000000e+04
2.474484375000000000e+04
2.592401562500000000e+04
2.720048437500000000e+04
2.781129687500000000e+04
2.872187500000000000e+04
2.943926562500000000e+04
3.035345312500000000e+04
3.057021875000000000e+04
3.132554687500000000e+04
3.118073437500000000e+04
3.128359375000000000e+04
3.089406250000000000e+04
3.083879687500000000e+04
3.010020312500000000e+04
2.916485937500000000e+04
2.768196875000000000e+04
2.622968750000000000e+04
2.403268750000000000e+04
2.233615625000000000e+04
1.964032812500000000e+04
1.716021875000000000e+04
1.471879687500000000e+04
1.258507812500000000e+04
1.044978125000000000e+04
8.702718750000000000e+03
7.147218750000000000e+03
5.765062500000000000e+03
4.506828125000000000e+03
3.465281250000000000e+03
2.657265625000000000e+03
1.873625000000000000e+03
1.369921875000000000e+03
1.011187500000000000e+03
6.570937500000000000e+02
3.923906250000000000e+02
3.196250000000000000e+02
1.603125000000000000e+02
9.929687500000000000e+01
7.279687500000000000e+01
5.210937500000000000e+01
2.259375000000000000e+01
9.828125000000000000e+00
5.906250000000000000e+00
2.953125000000000000e+00
0.000000000000000000e+00
