0.000000000000000000e+00
3.213588093937989609e-01
2.113710821635731707e-01
2.480391854123053796e-01
2.420614591379635638e-01
2.683681880830885436e-01
4.757292921136977992e-01
6.041442165369126371e-01
6.179287479151621687e-01
9.477306365075468531e-01
7.749747979773278228e-01
1.105627473145905482e+00
1.452032519436117886e+00
1.128358701555050692e+00
1.545848775753954518e+00
1.439451799948508137e+00
1.754458605952274874e+00
1.590299573783191311e+00
1.936239509332458697e+00
2.414909337713322834e+00
3.050998811864730875e+00
3.107725693232110231e+00
3.882270145723375698e+00
3.577135507287919403e+00
3.528898553373275959e+00
4.164787987926276358e+00
5.450393298595524350e+00
5.629165124598850767e+00
5.949802222290670350e+00
7.502847766640011073e+00
7.019904040254040467e+00
7.887638667560779915e+00
7.371225199212136481e+00
8.629018538483968825e+00
9.820209948748550133e+00
1.092977405701966021e+01
1.179496052346085655e+01
1.388892003034703215e+01
1.407401438323035769e+01
1.523052034567433921e+01
1.600383712533887959e+01
1.535109930917001186e+01
1.655660272368700703e+01
1.597752327490089996e+01
1.781850227817983523e+01
1.884304388187786827e+01
1.895687308364369983e+01
1.760237910056478583e+01
2.027503756932400947e+01
2.345298967316054117e+01
1.717800163681372538e+01
2.372267651129136468e+01
1.736195553501966415e+01
2.109862790821656731e+01
1.995989631580033929e+01
1.725797341765176540e+01
1.881332405794826457e+01
1.710907533984157070e+01
1.918699103559492514e+01
1.512809078698878729e+01
1.887618347903979910e+01
1.272484305833965834e+01
1.669928773743059836e+01
1.421424207386292515e+01
1.694757973825097608e+01
1.266299010342245346e+01
1.142365965879586298e+01
9.524587835570628158e+00
1.104057458239266687e+01
8.405727214227214361e+00
9.383420697398950239e+00
1.007383629678262160e+01
8.112490369793976086e+00
7.203904513135567456e+00
7.030902769203966507e+00
7.151933059276701421e+00
6.038915950679807132e+00
5.038305417933196750e+00
3.982383080518497653e+00
4.005580823597870932e+00
3.964564722324507517e+00
2.877673688828356280e+00
3.033303106248203651e+00
2.480391854123053630e+00
2.944099965927617912e+00
1.952312330929659501e+00
1.367879289264955611e+00
1.676395757085718641e+00
1.134938737333429870e+00
1.185854122563142266e+00
9.861095828431036825e-01
8.046495743489833208e-01
7.500000000000000000e-01
5.719689130538476718e-01
3.772717646140511527e-01
1.739926363384381724e-01
3.121091305537215255e-01
1.739926363384381724e-01
2.420614591379635638e-01
0.000000000000000000e+00
