6.342181788137164489e-01
6.652079046607590751e-01
6.977118777182351739e-01
7.318040884636862753e-01
7.675621427623721127e-01
8.050674385255215393e-01
8.444053510006144236e-01
8.856654271154791314e-01
9.289415893186034889e-01
9.743323493796693935e-01
1.021941032636996205e+00
1.071876013202361255e+00
1.124250960658603526e+00
1.179185098811584176e+00
1.236803477085509639e+00
1.297237255179414905e+00
1.360624001632780189e+00
1.427108006979922461e+00
1.496840612206013166e+00
1.569980553252402711e+00
1.646694322355465090e+00
1.727156547041500456e+00
1.811550387640418425e+00
1.900067954223084499e+00
1.992910743911425087e+00
2.090290099556765036e+00
2.192427690830506037e+00
2.299556018822281001e+00
2.411918945294230010e+00
2.529772247796160389e+00
2.653384201905231610e+00
2.783036191915547963e+00
2.919023351367803887e+00
3.061655234877048937e+00
3.211256522787893974e+00
3.368167760261196353e+00
3.532746132474648082e+00
3.705366277701904298e+00
3.886421140121082640e+00
4.076322864293952186e+00
4.275503733351957436e+00
4.484417153024687686e+00
4.703538683750832838e+00
4.933367123221048089e+00
5.174425641816962518e+00
5.427262973531028933e+00
5.692454665078131804e+00
5.970604386042380973e+00
6.262345303041466416e+00
6.568341521036616726e+00
6.889289595069133298e+00
7.225920115864696847e+00
7.578999372914895005e+00
7.949331098821679653e+00
8.337758298875511898e+00
8.745165170031990343e+00
9.172479113655167993e+00
9.620672846609309659e+00
1.009076661550469467e+01
1.058383051913781792e+01
1.110098694441269629e+01
1.164341312128832229e+01
1.221234380256822050e+01
1.280907407463218384e+01
1.343496230550849013e+01
1.409143323699743178e+01
1.477998122788484103e+01
1.550217365562841110e+01
1.625965448426022419e+01
1.705414800662717667e+01
1.788746276948813119e+01
1.876149569040261156e+01
1.967823637578247897e+01
2.063977164993600155e+01
2.164829030541425325e+01
2.270608808547289925e+01
2.381557290999143461e+01
2.497927035674604923e+01
2.619982941051309666e+01
2.748002849309025919e+01
2.882278178796216750e+01
3.023114587400715081e+01
3.170832668334595539e+01
3.325768679917128168e+01
3.488275311017000035e+01
3.658722483896249855e+01
3.837498196283480922e+01
4.025009404593194517e+01
4.221682950301742920e+01
4.427966531588698018e+01
4.644329722455416487e+01
4.871265041640645421e+01
5.109289073766449008e+01
5.358943645266550249e+01
5.620797057773890515e+01
5.895445381775082438e+01
6.183513813476542964e+01
6.485658097970983249e+01
6.802566021943954411e+01
7.134958979318281536e+01
