6.391406250000000000e+02
2.014296875000000000e+03
3.138812500000000000e+03
4.155296875000000000e+03
5.020531250000000000e+03
5.712281250000000000e+03
6.288531250000000000e+03
6.590218750000000000e+03
7.013187500000000000e+03
7.429671875000000000e+03
7.700218750000000000e+03
7.975859375000000000e+03
8.127421875000000000e+03
8.469937500000000000e+03
8.610781250000000000e+03
8.787296875000000000e+03
9.005125000000000000e+03
9.389171875000000000e+03
9.489375000000000000e+03
9.459203125000000000e+03
9.348828125000000000e+03
9.464203125000000000e+03
9.157500000000000000e+03
9.091968750000000000e+03
8.555593750000000000e+03
8.355609375000000000e+03
7.793359375000000000e+03
7.241937500000000000e+03
6.515734375000000000e+03
5.773328125000000000e+03
4.804906250000000000e+03
4.054296875000000000e+03
3.178734375000000000e+03
2.456250000000000000e+03
1.855000000000000000e+03
1.264656250000000000e+03
9.259062500000000000e+02
6.651093750000000000e+02
4.727500000000000000e+02
2.732968750000000000e+02
1.456406250000000000e+02
8.479687500000000000e+01
4.154687500000000000e+01
1.721875000000000000e+01
6.734375000000000000e+00
0.000000000000000000e+00
9.375000000000000000e-01
0.000000000000000000e+00
0.000000000000000000e+00
0.000000000000000000e+00
