6.070000000000000000e+02
1.893000000000000000e+03
3.035000000000000000e+03
4.045000000000000000e+03
4.853000000000000000e+03
5.549000000000000000e+03
5.951000000000000000e+03
6.346000000000000000e+03
6.707000000000000000e+03
7.200000000000000000e+03
7.391000000000000000e+03
7.418000000000000000e+03
7.908000000000000000e+03
8.113000000000000000e+03
8.160000000000000000e+03
8.404000000000000000e+03
8.605000000000000000e+03
8.893000000000000000e+03
8.809000000000000000e+03
8.865000000000000000e+03
9.082000000000000000e+03
8.993000000000000000e+03
8.974000000000000000e+03
8.715000000000000000e+03
8.219000000000000000e+03
7.958000000000000000e+03
7.411000000000000000e+03
6.909000000000000000e+03
6.276000000000000000e+03
5.504000000000000000e+03
4.593000000000000000e+03
3.872000000000000000e+03
3.048000000000000000e+03
2.427000000000000000e+03
1.690000000000000000e+03
1.198000000000000000e+03
8.720000000000000000e+02
6.920000000000000000e+02
4.190000000000000000e+02
2.440000000000000000e+02
1.450000000000000000e+02
8.300000000000000000e+01
3.600000000000000000e+01
1.700000000000000000e+01
2.000000000000000000e+00
1.000000000000000000e+00
0.000000000000000000e+00
0.000000000000000000e+00
0.000000000000000000e+00
0.000000000000000000e+00
