2.447359095799885864e-01
2.555560932094623761e-01
2.668546552427284446e-01
2.786527455886100846e-01
2.909724492287511510e-01
3.038368275587478018e-01
3.172699615570420129e-01
3.312969968623831751e-01
3.459441908442397184e-01
3.612389617542723919e-01
3.772099400508765465e-01
3.938870219928679584e-01
4.113014256026352178e-01
4.294857491035161123e-01
4.484740319407893860e-01
4.683018185005047851e-01
4.890062246454308093e-01
5.106260071926663757e-01
5.332016364629752481e-01
5.567753720376464877e-01
5.813913418646935449e-01
6.070956248624695961e-01
6.339363371753273801e-01
6.619637222427858791e-01
6.912302448508051977e-01
7.217906893412258107e-01
7.537022621632107899e-01
7.870246989586591191e-01
8.218203763820441932e-01
8.581544288639938456e-01
8.960948705371836187e-01
9.357127225527779313e-01
9.770821460257431701e-01
1.020280580857896302e+00
1.065388890698551139e+00
1.112491514314118302e+00
1.161676623650008011e+00
1.213036288880712465e+00
1.266666650757030776e+00
1.322668100573050287e+00
1.381145468089770123e+00
1.442208217767142253e+00
1.505970653671859116e+00
1.572552133444456324e+00
1.642077291726259380e+00
1.714676273464409428e+00
1.790484977531692445e+00
1.869645311117210662e+00
1.952305455364089060e+00
2.038620142751469189e+00
2.128750946740025629e+00
2.222866584223191833e+00
2.321143231350266234e+00
2.423764853312578182e+00
2.530923548710056092e+00
2.642819909142817281e+00
2.759663394700903272e+00
2.881672726055040101e+00
3.009076293882388509e+00
3.142112586393694063e+00
3.281030635762124170e+00
3.426090484289470162e+00
3.577563671182335092e+00
3.735733740849513485e+00
3.900896773672048568e+00
4.073361940239515810e+00
4.253452080090022847e+00
4.441504306037272087e+00
4.637870635215927351e+00
4.842918648026564021e+00
5.057032176213664521e+00
5.280612021364690989e+00
5.514076705175212645e+00
5.757863252884506622e+00
6.012428011348149859e+00
6.278247503278967301e+00
6.555819319255408395e+00
6.845663049167102443e+00
7.148321254841176753e+00
7.464360485670000323e+00
7.794372339141548700e+00
8.138974568257575370e+00
8.498812237912591883e+00
8.874558932398297628e+00
9.266918016293800520e+00
9.676623951101889887e+00
1.010444367009602828e+01
1.055117801395160626e+01
1.101766322984882684e+01
1.150477253685349410e+01
1.201341776050587207e+01
1.254455103967743668e+01
1.309916660889063778e+01
1.367830265943798551e+01
1.428304328278433566e+01
1.491452049989021766e+01
1.557391638025496938e+01
1.626246525464626203e+01
1.698145602565813661e+01
1.773223458042270906e+01
