3.476729279707437836e+00
6.547602137424051172e+00
8.012791896984159834e+00
1.177519738422672901e+01
1.076378794195496091e+01
1.332370970242053154e+01
1.784208070125230705e+01
1.552002235017720544e+01
1.955218877613194550e+01
1.668691478374597637e+01
1.986757305219676439e+01
2.018246236486952938e+01
1.993465276495617644e+01
1.923299142058704803e+01
2.471283806515097581e+01
2.251270799980257920e+01
2.100892667415448756e+01
1.874208166133100661e+01
1.783493652743121061e+01
2.195805104874690272e+01
2.236624741519014847e+01
2.228260865422852532e+01
2.012586736290823808e+01
2.631391029474714927e+01
2.504768401687818624e+01
2.442718772188071696e+01
2.087125714948670918e+01
1.977504716136917295e+01
1.739431676897299184e+01
1.768117709422933359e+01
1.560799074192447122e+01
1.267655585556956410e+01
1.254974476832098773e+01
1.185520554176518715e+01
1.060023538580040281e+01
6.941844782503783229e+00
5.602733707753742465e+00
5.521265706339444357e+00
5.319641339824988435e+00
3.881515439796034084e+00
2.541020879366204799e+00
1.733107645062764046e+00
1.367075888301377384e+00
8.569568250501304885e-01
2.914805954090254891e-01
1.739926363384381724e-01
0.000000000000000000e+00
0.000000000000000000e+00
0.000000000000000000e+00
0.000000000000000000e+00
