7.010000000000000000e+02
2.046000000000000000e+03
3.280000000000000000e+03
4.264000000000000000e+03
5.268000000000000000e+03
5.908000000000000000e+03
6.361000000000000000e+03
7.000000000000000000e+03
7.483000000000000000e+03
7.801000000000000000e+03
8.187000000000000000e+03
8.543000000000000000e+03
8.822000000000000000e+03
9.199000000000000000e+03
9.511000000000000000e+03
9.788000000000000000e+03
1.007500000000000000e+04
1.024400000000000000e+04
1.027700000000000000e+04
1.050900000000000000e+04
1.041600000000000000e+04
1.053000000000000000e+04
1.013400000000000000e+04
9.915000000000000000e+03
9.717000000000000000e+03
9.267000000000000000e+03
8.615000000000000000e+03
7.900000000000000000e+03
7.083000000000000000e+03
6.305000000000000000e+03
5.248000000000000000e+03
4.395000000000000000e+03
3.520000000000000000e+03
2.735000000000000000e+03
1.925000000000000000e+03
1.429000000000000000e+03
9.970000000000000000e+02
6.870000000000000000e+02
4.580000000000000000e+02
2.940000000000000000e+02
1.440000000000000000e+02
9.000000000000000000e+01
5.100000000000000000e+01
1.400000000000000000e+01
7.000000000000000000e+00
1.000000000000000000e+00
0.000000000000000000e+00
0.000000000000000000e+00
0.000000000000000000e+00
0.000000000000000000e+00
