0.000000000000000000e+00
9.843750000000000000e-01
0.000000000000000000e+00
9.843750000000000000e-01
0.000000000000000000e+00
0.000000000000000000e+00
0.000000000000000000e+00
0.000000000000000000e+00
2.953125000000000000e+00
1.771875000000000000e+01
3.150000000000000000e+01
5.610937500000000000e+01
1.338750000000000000e+02
1.968750000000000000e+02
3.474843750000000000e+02
4.616718750000000000e+02
6.250625000000000000e+02
8.002656250000000000e+02
1.003062500000000000e+03
1.173328125000000000e+03
1.503062500000000000e+03
1.726468750000000000e+03
1.968671875000000000e+03
2.224640625000000000e+03
2.656609375000000000e+03
2.956843750000000000e+03
3.164625000000000000e+03
3.640968750000000000e+03
3.911640625000000000e+03
4.302359375000000000e+03
4.809203125000000000e+03
5.152765625000000000e+03
5.691187500000000000e+03
6.307375000000000000e+03
6.670500000000000000e+03
7.273781250000000000e+03
7.909671875000000000e+03
8.399859375000000000e+03
9.089843750000000000e+03
9.817093750000000000e+03
1.047453125000000000e+04
1.123739062500000000e+04
1.217403125000000000e+04
1.296139062500000000e+04
1.383960937500000000e+04
1.467776562500000000e+04
1.552339062500000000e+04
1.655159375000000000e+04
1.760359375000000000e+04
1.860173437500000000e+04
1.979732812500000000e+04
2.063134375000000000e+04
2.171406250000000000e+04
2.314409375000000000e+04
2.387293750000000000e+04
2.473207812500000000e+04
2.609445312500000000e+04
2.706701562500000000e+04
2.806037500000000000e+04
2.847068750000000000e+04
2.932129687500000000e+04
3.016907812500000000e+04
3.061012500000000000e+04
3.067796875000000000e+04
3.085367187500000000e+04
3.085435937500000000e+04
3.039882812500000000e+04
3.018446875000000000e+04
2.942826562500000000e+04
2.873535937500000000e+04
2.696481250000000000e+04
2.534740625000000000e+04
2.354210937500000000e+04
2.140329687500000000e+04
1.909184375000000000e+04
1.656314062500000000e+04
1.436529687500000000e+04
1.228281250000000000e+04
1.020629687500000000e+04
8.512859375000000000e+03
6.920703125000000000e+03
5.585953125000000000e+03
4.485250000000000000e+03
3.353812500000000000e+03
2.617000000000000000e+03
1.850843750000000000e+03
1.338609375000000000e+03
9.944843750000000000e+02
6.668281250000000000e+02
4.434843750000000000e+02
2.950000000000000000e+02
1.682031250000000000e+02
1.131093750000000000e+02
6.790625000000000000e+01
4.031250000000000000e+01
2.062500000000000000e+01
1.378125000000000000e+01
3.906250000000000000e+00
2.953125000000000000e+00
0.000000000000000000e+00
