3.763225376505504816e+00
7.703220080549107784e+00
1.034029162351695952e+01
9.621334021817089521e+00
1.139420382735779391e+01
1.269549278718140251e+01
1.828848681548038968e+01
1.512144037399794172e+01
1.387556305163866099e+01
1.790921523223100209e+01
1.813652650730012184e+01
1.572007791359110840e+01
1.645943759481167845e+01
1.865517035192589645e+01
1.734512241191670157e+01
1.738134298563764446e+01
1.803815400754744758e+01
2.040492793381968895e+01
1.841659301927204950e+01
2.161898737763577572e+01
2.334036119980794055e+01
2.183386757854640692e+01
1.913673429844745044e+01
2.498857160658647913e+01
1.791897998631618449e+01
2.671315730941402578e+01
2.302580074611955752e+01
1.913755715210277231e+01
2.014798158896753932e+01
1.588101971251767530e+01
1.437994989505787480e+01
1.093834818139832343e+01
9.135575528360268649e+00
1.159063300417625975e+01
7.945723471426311413e+00
7.866997421983815464e+00
6.158628981965060589e+00
5.899880825067571166e+00
3.452205759999684709e+00
2.811110768006127358e+00
2.633728049267805460e+00
1.457737973711325186e+00
1.363230881949202278e+00
9.185586535436918165e-01
5.000000000000000000e-01
1.739926363384381724e-01
0.000000000000000000e+00
0.000000000000000000e+00
0.000000000000000000e+00
0.000000000000000000e+00
