0.000000000000000000e+00
1.739926363384381724e-01
2.113710821635731707e-01
2.113710821635731707e-01
1.739926363384381724e-01
3.772717646140511527e-01
4.166341133116682194e-01
6.250000000000000000e-01
6.041442165369126371e-01
7.008644216251813663e-01
1.068000468164691297e+00
1.060199715855460800e+00
1.157516198590758494e+00
1.126626428491272369e+00
1.603143274749640135e+00
1.874934894703013333e+00
1.902917168454791197e+00
1.901633754827674494e+00
2.315401473691981682e+00
2.983638652614454934e+00
3.315115417956816746e+00
2.691856933419753517e+00
3.276186569397414594e+00
4.274487131150940478e+00
4.447584272318513499e+00
4.198417438080091380e+00
4.971402593836069528e+00
6.067954215332791890e+00
5.676758400487024403e+00
6.096373633921644775e+00
7.824350387372423832e+00
7.820683214240300885e+00
7.483053771689736955e+00
8.279407224214484273e+00
1.012577157553931784e+01
1.081086286377618499e+01
1.154741414505862451e+01
1.118644155258386874e+01
1.385552546594678880e+01
1.362267038570264965e+01
1.346812462295233637e+01
1.176394410303682925e+01
1.521537276439111785e+01
1.620881198414923929e+01
1.757094297723872955e+01
1.881524455685801200e+01
1.715371679840844266e+01
1.826583217376093060e+01
2.079733282741743849e+01
2.184063707253923070e+01
1.607312847532722699e+01
1.511129770600046740e+01
1.762637821517440884e+01
1.693184868819704647e+01
1.784875012036907194e+01
1.687730742326438005e+01
1.449555427536318852e+01
1.561617719656046255e+01
1.199657136891099363e+01
1.328165440560775856e+01
1.636115827195617456e+01
1.753767568292260748e+01
1.417138401850715468e+01
1.218589733052104762e+01
1.296871234934293682e+01
1.032972047056453491e+01
1.414707208002772632e+01
9.218644067187971913e+00
1.012479504036378053e+01
9.156623285906219323e+00
9.033790732577326565e+00
9.250000000000000000e+00
7.935392805928072057e+00
6.054117916757155271e+00
6.181795823979872928e+00
6.910632093918761321e+00
5.333391825037328005e+00
5.374182350599949309e+00
3.404959617969058883e+00
4.225082053567125406e+00
3.494659709381587209e+00
2.565499387911640117e+00
2.673610547438613150e+00
2.292938804105988382e+00
1.998962133051799483e+00
1.642261088979154904e+00
1.174164430297136796e+00
1.313615597311481364e+00
1.071196031312663166e+00
8.111467095260881388e-01
6.216708207524300756e-01
4.568809849129201739e-01
4.408354993645589026e-01
3.630921887069453180e-01
3.121091305537215255e-01
2.914805954090254891e-01
3.307189138830738395e-01
2.113710821635731707e-01
2.683681880830885436e-01
0.000000000000000000e+00
