0.000000000000000000e+00
1.240195927061526898e-01
1.240195927061526898e-01
0.000000000000000000e+00
0.000000000000000000e+00
0.000000000000000000e+00
0.000000000000000000e+00
1.240195927061526898e-01
0.000000000000000000e+00
0.000000000000000000e+00
0.000000000000000000e+00
1.240195927061526898e-01
0.000000000000000000e+00
0.000000000000000000e+00
2.683681880830885436e-01
3.307189138830738395e-01
8.609360821222443727e-01
1.064221950241113879e+00
1.541103500742244004e+00
1.754389027375342414e+00
2.615262818413285117e+00
3.306266245234191548e+00
3.181021295806583993e+00
3.705860013208809978e+00
4.712019206242691105e+00
4.585025729208070722e+00
6.109175188548369384e+00
6.150119885772553197e+00
6.124282483483269424e+00
7.086518891529182795e+00
7.210493113338365845e+00
8.866179045077704046e+00
8.457138603533408627e+00
1.002165623786807025e+01
9.756207959550676989e+00
1.272020876155340474e+01
1.285107569366763158e+01
1.531696363513343329e+01
1.417027278704877347e+01
1.469291788371186591e+01
1.786728827310890466e+01
1.666102036519297513e+01
1.927579820615413553e+01
1.908015959666938954e+01
1.986632574074783619e+01
2.094801508347509156e+01
2.234949663862700930e+01
2.272194677474566760e+01
2.684787875698934911e+01
2.458260448690038658e+01
2.961629618976687794e+01
2.869372464467405237e+01
2.985785007225905474e+01
3.273248801243765627e+01
3.575190868484331475e+01
3.735793075418357745e+01
3.798817340119652641e+01
4.099661464205764361e+01
4.038580725619304701e+01
4.107046334026894385e+01
3.861908328469229446e+01
4.164215815657853170e+01
4.452777124569986000e+01
4.160227185428098551e+01
4.264991653988756326e+01
4.288500930905227193e+01
4.514903434996561771e+01
3.831731400730451753e+01
4.262293799997836885e+01
3.638012407530209202e+01
3.013189998132170544e+01
3.539562947508491675e+01
3.076600193395300309e+01
2.720048181443667090e+01
2.252320309668176535e+01
1.867029281999548473e+01
1.696132434208779571e+01
1.531849372490650651e+01
1.472653556032018685e+01
1.387266837109483397e+01
1.355183012029648282e+01
1.340656868793708156e+01
1.052452492989588606e+01
1.012731455026454697e+01
8.837053007613738131e+00
7.769129616630166879e+00
6.155833583632277062e+00
5.081729489984192050e+00
4.449258189574976541e+00
3.457329171484832653e+00
2.384848003542364037e+00
1.815662650212037654e+00
1.423762483483463681e+00
1.107392594961245091e+00
1.058817146631088502e+00
7.500000000000000000e-01
4.590134631740119264e-01
3.307189138830738395e-01
1.240195927061526898e-01
1.240195927061526898e-01
