0.000000000000000000e+00
1.739926363384381724e-01
4.394487847007885195e-01
7.064159097160821466e-01
1.049088145724657473e+00
1.704772712123231893e+00
1.457402977045127335e+00
2.425400659556065985e+00
2.077537510942943033e+00
2.746757676675355864e+00
3.563562067563156521e+00
3.789344383844651443e+00
4.209364560120683940e+00
5.033869659615751502e+00
4.565388640356919048e+00
6.161383487851977314e+00
5.373182832362956241e+00
5.536455883505259301e+00
6.765534785772666204e+00
6.544320056354211879e+00
7.890300117074128039e+00
9.146899555826280448e+00
1.088792335571848113e+01
8.965741546820039432e+00
1.132056860045024393e+01
1.026150982966809799e+01
1.413408861361425117e+01
1.267467794216089771e+01
1.210948588658907532e+01
1.412243304938547084e+01
1.470859522311699230e+01
1.650265574034600746e+01
1.662544054867419163e+01
1.595978833662903007e+01
1.990639717371026407e+01
1.730301381578870945e+01
1.947398479983937492e+01
2.205718221145609093e+01
2.174195590291671465e+01
2.480232395235373843e+01
2.225863925500332385e+01
2.834304367918166889e+01
2.599958214057247119e+01
2.682742427739523094e+01
3.504394562545719083e+01
3.322399344200475468e+01
3.285941586421615312e+01
3.243334510962444739e+01
3.358662715185167258e+01
3.915306688478406727e+01
3.143007103451048678e+01
3.738811433798179706e+01
3.554175787344198056e+01
3.813666573571292417e+01
3.940118177161695456e+01
4.480972958225004987e+01
4.054468021516509424e+01
3.884023955879231238e+01
3.587434328122780869e+01
3.960033489047157218e+01
3.681838874801557893e+01
4.246599915207900722e+01
4.038537199883609929e+01
3.797489662181452275e+01
3.654522829231608227e+01
3.149229506462652139e+01
3.430741936429349437e+01
3.277503813880313288e+01
2.586744587042514709e+01
2.730212456676906640e+01
2.292846701394087816e+01
1.961070712606699828e+01
2.008303077227139966e+01
1.606721112817965036e+01
1.520471471647445938e+01
1.391252491855360596e+01
1.352081728298995955e+01
1.343930765457711374e+01
1.065481799395817930e+01
1.145166472614353204e+01
1.033954786245510782e+01
8.504594346587026621e+00
7.906682300434234811e+00
7.254696081461649015e+00
5.346947142996646640e+00
5.197561778132127053e+00
3.698573151821523908e+00
3.254204011736203217e+00
2.737007661205938192e+00
2.165909072277735437e+00
2.021309812813216311e+00
1.620185174601965095e+00
1.142977027054787209e+00
1.078464620421087261e+00
7.498372219188641497e-01
6.523320545358781697e-01
4.038389994787526804e-01
3.121091305537215255e-01
1.739926363384381724e-01
0.000000000000000000e+00
