6.650000000000000000e+02
1.918000000000000000e+03
2.986000000000000000e+03
4.053000000000000000e+03
4.757000000000000000e+03
5.411000000000000000e+03
5.953000000000000000e+03
6.526000000000000000e+03
6.697000000000000000e+03
7.093000000000000000e+03
7.065000000000000000e+03
7.408000000000000000e+03
7.838000000000000000e+03
8.037000000000000000e+03
8.233000000000000000e+03
8.297000000000000000e+03
8.542000000000000000e+03
8.727000000000000000e+03
9.000000000000000000e+03
8.976000000000000000e+03
8.970000000000000000e+03
8.810000000000000000e+03
8.880000000000000000e+03
8.580000000000000000e+03
8.333000000000000000e+03
7.875000000000000000e+03
7.374000000000000000e+03
6.779000000000000000e+03
6.170000000000000000e+03
5.334000000000000000e+03
4.613000000000000000e+03
3.895000000000000000e+03
3.075000000000000000e+03
2.444000000000000000e+03
1.678000000000000000e+03
1.237000000000000000e+03
8.710000000000000000e+02
6.300000000000000000e+02
4.390000000000000000e+02
2.380000000000000000e+02
1.540000000000000000e+02
7.800000000000000000e+01
4.300000000000000000e+01
1.500000000000000000e+01
1.000000000000000000e+00
1.000000000000000000e+00
0.000000000000000000e+00
0.000000000000000000e+00
0.000000000000000000e+00
0.000000000000000000e+00
