2.553211652508319274e-01
2.668193436965607401e-01
2.788353331409975655e-01
2.913924527761037608e-01
3.045150719544498785e-01
3.182286574823335878e-01
3.325598230427048718e-01
3.475363808438116098e-01
3.631873955937997001e-01
3.795432409060143786e-01
3.966356582444683365e-01
4.144978185238701318e-01
4.331643864837594893e-01
4.526715879616780014e-01
4.730572801959329055e-01
4.943610252943868577e-01
5.166241670118547624e-01
5.398899109851070799e-01
5.642034085811907795e-01
5.896118445217902737e-01
6.161645284536789724e-01
6.439129906429711392e-01
6.729110819788858278e-01
7.032150784810969890e-01
7.348837905134869564e-01
7.679786769162511018e-01
8.025639642778478189e-01
8.387067715782627886e-01
8.764772404454792554e-01
9.159486712779422168e-01
9.571976654971853238e-01
1.000304274206687216e+00
1.045352153545457519e+00
1.092428727037844105e+00
1.141625355254628937e+00
1.193037513114673542e+00
1.246764975171195333e+00
1.302912009242262581e+00
1.361587578761275452e+00
1.422905554240137427e+00
1.486984934255494162e+00
1.553950076386907408e+00
1.623930938555138148e+00
1.697063331228902294e+00
1.773489180989547220e+00
1.853356805965149512e+00
1.936821203668558589e+00
2.024044351797990249e+00
2.115195522583926735e+00
2.210451611292370888e+00
2.309997479521975539e+00
2.414026313961273207e+00
2.522740001302245627e+00
2.636349520037813310e+00
2.755075349903606252e+00
2.879147899758605522e+00
3.008807954735038148e+00
3.144307143525298720e+00
3.285908426712752295e+00
3.433886607094114751e+00
3.588528862983778822e+00
3.750135305535064134e+00
3.919019561159968301e+00
4.095509380177713155e+00
4.279947272873277697e+00
4.472691174200302378e+00
4.674115138418340365e+00
4.884610065012529034e+00
5.104584457304450318e+00
5.334465215226414259e+00
5.574698463797672865e+00
5.825750418910379480e+00
6.088108292105511410e+00
6.362281236094619707e+00
6.648801332862388946e+00
6.948224626267565540e+00
7.261132201146226706e+00
7.588131311011579783e+00
7.929856556538787515e+00
8.286971117121886721e+00
8.660168037892862714e+00
9.050171574700568655e+00
9.457738599659657908e+00
9.883660069997258546e+00
1.032876256304795071e+01
1.079390988037597054e+01
1.128000472413774702e+01
1.178799044893804293e+01
1.231885289257948202e+01
1.287362228925839602e+01
1.345337526891985114e+01
1.405923694665199619e+01
1.469238310617455134e+01
1.535404248165891872e+01
1.604549914230816654e+01
1.676809498432462320e+01
1.752323233510118072e+01
1.831237667469016728e+01
1.913705947983142153e+01
1.999888119605872561e+01
