0.000000000000000000e+00
1.968750000000000000e+00
0.000000000000000000e+00
1.937500000000000000e+00
9.843750000000000000e-01
5.890625000000000000e+00
6.875000000000000000e+00
6.828125000000000000e+00
1.175000000000000000e+01
1.762500000000000000e+01
2.543750000000000000e+01
2.735937500000000000e+01
3.418750000000000000e+01
6.362500000000000000e+01
7.043750000000000000e+01
9.104687500000000000e+01
9.793750000000000000e+01
1.311875000000000000e+02
1.466875000000000000e+02
1.847812500000000000e+02
2.398750000000000000e+02
3.124687500000000000e+02
3.315937500000000000e+02
4.618750000000000000e+02
5.381562500000000000e+02
6.438281250000000000e+02
7.552500000000000000e+02
9.007031250000000000e+02
1.028671875000000000e+03
1.188750000000000000e+03
1.374437500000000000e+03
1.624437500000000000e+03
1.864046875000000000e+03
2.036109375000000000e+03
2.468000000000000000e+03
2.628671875000000000e+03
3.070468750000000000e+03
3.456390625000000000e+03
3.820453125000000000e+03
4.283765625000000000e+03
4.696609375000000000e+03
5.128531250000000000e+03
5.616859375000000000e+03
6.056500000000000000e+03
6.446656250000000000e+03
6.930078125000000000e+03
7.246734375000000000e+03
7.472140625000000000e+03
7.739265625000000000e+03
7.959187500000000000e+03
8.206906250000000000e+03
8.282187500000000000e+03
8.322812500000000000e+03
8.310250000000000000e+03
8.303671875000000000e+03
7.979968750000000000e+03
7.843953125000000000e+03
7.763109375000000000e+03
7.307546875000000000e+03
7.070687500000000000e+03
6.799734375000000000e+03
6.181078125000000000e+03
5.880296875000000000e+03
5.430343750000000000e+03
5.163531250000000000e+03
4.832921875000000000e+03
4.165656250000000000e+03
3.869593750000000000e+03
3.580984375000000000e+03
3.191968750000000000e+03
2.888953125000000000e+03
2.562796875000000000e+03
2.140515625000000000e+03
1.844656250000000000e+03
1.651750000000000000e+03
1.451515625000000000e+03
1.250375000000000000e+03
1.028203125000000000e+03
8.108437500000000000e+02
6.647343750000000000e+02
5.997812500000000000e+02
4.949687500000000000e+02
3.700781250000000000e+02
2.611718750000000000e+02
2.269218750000000000e+02
1.819531250000000000e+02
1.301718750000000000e+02
9.610937500000000000e+01
6.640625000000000000e+01
6.059375000000000000e+01
4.223437500000000000e+01
2.684375000000000000e+01
2.014062500000000000e+01
1.351562500000000000e+01
1.620312500000000000e+01
7.687500000000000000e+00
9.687500000000000000e-01
1.937500000000000000e+00
2.875000000000000000e+00
9.531250000000000000e-01
