0.000000000000000000e+00
1.240195927061526898e-01
0.000000000000000000e+00
0.000000000000000000e+00
0.000000000000000000e+00
0.000000000000000000e+00
0.000000000000000000e+00
0.000000000000000000e+00
1.240195927061526898e-01
1.739926363384381724e-01
4.394487847007885195e-01
6.427176187875979219e-01
7.500000000000000000e-01
1.298944132507245275e+00
1.612254705179984926e+00
1.954312139219321232e+00
2.416576866147650549e+00
3.160385595046117047e+00
3.496335972754191612e+00
4.258464686289531898e+00
4.255396390173305399e+00
5.067488861297575475e+00
5.550900827793629588e+00
6.250546851076311583e+00
5.870489458671653615e+00
5.759503016754136340e+00
6.477858171060478121e+00
7.953907746353360508e+00
8.178892780161321596e+00
9.563916868071103750e+00
9.417767035635357331e+00
1.125863383974716569e+01
1.255696978710926892e+01
1.002817076960574028e+01
1.400584943369644364e+01
1.202694728256094159e+01
1.455481959481119780e+01
1.462432390264161874e+01
1.855479111813172466e+01
1.772269025853580615e+01
1.678103904662565782e+01
2.012206403273530952e+01
2.123643293927619524e+01
2.213748213402723408e+01
2.282916771232582676e+01
2.389658709941651793e+01
2.516438144977936986e+01
2.757131643999566251e+01
2.567985268618912897e+01
2.652563618464220596e+01
3.102886996789240115e+01
3.087523722074860544e+01
3.377892279217915217e+01
3.244411887552773521e+01
3.826439361023999197e+01
3.771862054658812724e+01
3.814256447342489764e+01
3.209710836250479105e+01
3.823794744752913743e+01
3.894414256642935612e+01
4.118677683356030883e+01
3.899808438805039401e+01
3.485874116971953640e+01
3.704637085802063012e+01
3.556810149206729932e+01
3.839705379627940829e+01
3.432733911822325013e+01
3.190513281589656813e+01
3.004927187527802701e+01
2.919397345236684416e+01
2.456653513293032631e+01
2.251666049839540307e+01
2.063143247230727440e+01
2.247832614952401187e+01
1.745191496476819282e+01
1.752915400794844558e+01
1.340132303111804646e+01
1.297533718251668411e+01
1.266800187418580315e+01
1.109765556252197882e+01
9.446381892522396129e+00
8.584995540913228140e+00
8.140789945545824580e+00
6.737238370384040387e+00
6.657936992792887310e+00
3.986274057233772261e+00
4.172752716657793570e+00
2.579970930068786750e+00
2.385206277112107642e+00
1.878122400164589978e+00
1.598033459443199522e+00
1.376331031901482538e+00
9.559384704964017931e-01
5.266343608235224405e-01
4.133986423538422716e-01
2.113710821635731707e-01
2.420614591379635638e-01
0.000000000000000000e+00
1.739926363384381724e-01
0.000000000000000000e+00
