0.000000000000000000e+00
1.240195927061526898e-01
0.000000000000000000e+00
0.000000000000000000e+00
0.000000000000000000e+00
0.000000000000000000e+00
0.000000000000000000e+00
0.000000000000000000e+00
0.000000000000000000e+00
0.000000000000000000e+00
0.000000000000000000e+00
0.000000000000000000e+00
0.000000000000000000e+00
0.000000000000000000e+00
0.000000000000000000e+00
1.240195927061526898e-01
2.755498763835687037e-01
6.294761587026151961e-01
6.731456008918129674e-01
1.324259079400628369e+00
1.878122400164589978e+00
2.174907954230477447e+00
2.537944465384339487e+00
2.908391348215539018e+00
3.503311770221857024e+00
4.554788002750512099e+00
4.906946606597630378e+00
5.138677442628112324e+00
5.729498096474070934e+00
7.691056088080491904e+00
7.357964965770086962e+00
7.801179297869008877e+00
8.971254005851132973e+00
9.159382463320056900e+00
1.093227553794268481e+01
9.800300936068238045e+00
1.215508509842691254e+01
1.221398364516569224e+01
1.332480908341185177e+01
1.400640722524427417e+01
1.529896563854481606e+01
1.370090667620212699e+01
1.605945982902289160e+01
1.677327557269300939e+01
1.895633860843121710e+01
2.015813944632539645e+01
2.254143320504488202e+01
2.129672597159889591e+01
2.713133116637248676e+01
2.554438539092299365e+01
2.744343881484926229e+01
2.629868996261981096e+01
2.753717302915279319e+01
3.402686998328490375e+01
3.337780887056548806e+01
3.311007918670687644e+01
3.646638006438259083e+01
3.962982706698800683e+01
3.919092638529357231e+01
4.313201935627405703e+01
3.985637973849826210e+01
3.892776450824494816e+01
3.918763706116381940e+01
4.367763826014834905e+01
4.594174884687537741e+01
4.242391799868766356e+01
4.115077732691540291e+01
4.233238719773992642e+01
3.785576037738510280e+01
3.844465126565072666e+01
3.908126736666014267e+01
3.103098250136466518e+01
3.045358597008733170e+01
2.549317751103959750e+01
2.545781974045499396e+01
2.170649384400898541e+01
2.263793979935839928e+01
1.751115018664893341e+01
1.835032356662955522e+01
1.257220357512456843e+01
1.493167217643003930e+01
1.140371333094510042e+01
1.057839041395239832e+01
1.018643351396233321e+01
7.650811205968619078e+00
7.728233041096781442e+00
5.904823736520421917e+00
6.007787101701840271e+00
4.422841104708600923e+00
3.775822551113862779e+00
2.596901323572961662e+00
1.861868076522877669e+00
1.685183595339095453e+00
1.311011060212689427e+00
9.141626547693796345e-01
5.728219618694799786e-01
3.307189138830738395e-01
2.420614591379635638e-01
1.240195927061526898e-01
1.240195927061526898e-01
