0.000000000000000000e+00
9.843750000000000000e-01
0.000000000000000000e+00
0.000000000000000000e+00
0.000000000000000000e+00
0.000000000000000000e+00
0.000000000000000000e+00
0.000000000000000000e+00
0.000000000000000000e+00
0.000000000000000000e+00
0.000000000000000000e+00
0.000000000000000000e+00
0.000000000000000000e+00
0.000000000000000000e+00
0.000000000000000000e+00
7.875000000000000000e+00
2.264062500000000000e+01
4.920312500000000000e+01
1.013906250000000000e+02
1.939218750000000000e+02
3.228750000000000000e+02
4.508437500000000000e+02
6.457343750000000000e+02
8.357031250000000000e+02
1.076906250000000000e+03
1.352468750000000000e+03
1.561156250000000000e+03
1.936140625000000000e+03
2.258000000000000000e+03
2.616234375000000000e+03
2.957937500000000000e+03
3.193140625000000000e+03
3.642015625000000000e+03
4.087859375000000000e+03
4.475531250000000000e+03
4.929453125000000000e+03
5.424421875000000000e+03
5.936359375000000000e+03
6.477406250000000000e+03
7.142093750000000000e+03
7.914734375000000000e+03
8.445890625000000000e+03
9.148796875000000000e+03
9.822140625000000000e+03
1.071457812500000000e+04
1.150500000000000000e+04
1.259939062500000000e+04
1.340026562500000000e+04
1.426170312500000000e+04
1.551657812500000000e+04
1.642254687500000000e+04
1.758275000000000000e+04
1.876403125000000000e+04
1.966732812500000000e+04
2.122514062500000000e+04
2.250518750000000000e+04
2.351931250000000000e+04
2.466954687500000000e+04
2.600575000000000000e+04
2.709793750000000000e+04
2.824256250000000000e+04
2.920331250000000000e+04
2.998771875000000000e+04
3.104937500000000000e+04
3.143503125000000000e+04
3.227314062500000000e+04
3.212509375000000000e+04
3.219962500000000000e+04
3.216114062500000000e+04
3.187546875000000000e+04
3.084020312500000000e+04
2.994298437500000000e+04
2.827484375000000000e+04
2.640771875000000000e+04
2.432284375000000000e+04
2.185128125000000000e+04
1.871467187500000000e+04
1.587751562500000000e+04
1.367360937500000000e+04
1.109656250000000000e+04
9.319406250000000000e+03
7.294687500000000000e+03
5.904687500000000000e+03
4.489109375000000000e+03
3.381562500000000000e+03
2.465765625000000000e+03
1.692421875000000000e+03
1.209828125000000000e+03
8.144375000000000000e+02
4.956875000000000000e+02
3.540312500000000000e+02
2.016250000000000000e+02
1.032187500000000000e+02
8.157812500000000000e+01
4.525000000000000000e+01
1.868750000000000000e+01
9.828125000000000000e+00
1.968750000000000000e+00
2.953125000000000000e+00
9.843750000000000000e-01
