0.000000000000000000e+00
9.843750000000000000e-01
2.937500000000000000e+00
4.875000000000000000e+00
3.906250000000000000e+00
4.921875000000000000e+00
1.270312500000000000e+01
8.796875000000000000e+00
2.057812500000000000e+01
3.226562500000000000e+01
3.131250000000000000e+01
4.307812500000000000e+01
5.175000000000000000e+01
5.967187500000000000e+01
8.917187500000000000e+01
1.272968750000000000e+02
1.330000000000000000e+02
1.683281250000000000e+02
2.048906250000000000e+02
2.428437500000000000e+02
2.840625000000000000e+02
3.602968750000000000e+02
4.641093750000000000e+02
5.051875000000000000e+02
5.881406250000000000e+02
7.165781250000000000e+02
8.376250000000000000e+02
9.979375000000000000e+02
1.131875000000000000e+03
1.340750000000000000e+03
1.537062500000000000e+03
1.759078125000000000e+03
1.980953125000000000e+03
2.264296875000000000e+03
2.604687500000000000e+03
2.934531250000000000e+03
3.245796875000000000e+03
3.545421875000000000e+03
4.110500000000000000e+03
4.449750000000000000e+03
4.768359375000000000e+03
5.229828125000000000e+03
5.631218750000000000e+03
5.951640625000000000e+03
6.634312500000000000e+03
6.873484375000000000e+03
7.065703125000000000e+03
7.393656250000000000e+03
7.867718750000000000e+03
8.052437500000000000e+03
8.071171875000000000e+03
8.234125000000000000e+03
8.464484375000000000e+03
7.996953125000000000e+03
7.975828125000000000e+03
7.857906250000000000e+03
7.719531250000000000e+03
7.431453125000000000e+03
7.256343750000000000e+03
6.815828125000000000e+03
6.590968750000000000e+03
6.160281250000000000e+03
5.789671875000000000e+03
5.455812500000000000e+03
5.032078125000000000e+03
4.677921875000000000e+03
4.231078125000000000e+03
3.737765625000000000e+03
3.448625000000000000e+03
3.117890625000000000e+03
2.794796875000000000e+03
2.485484375000000000e+03
2.129218750000000000e+03
1.904156250000000000e+03
1.653687500000000000e+03
1.400562500000000000e+03
1.168484375000000000e+03
1.041890625000000000e+03
8.630937500000000000e+02
7.241406250000000000e+02
5.904843750000000000e+02
4.364687500000000000e+02
3.564062500000000000e+02
2.662343750000000000e+02
2.347812500000000000e+02
1.939218750000000000e+02
1.753593750000000000e+02
1.041093750000000000e+02
7.015625000000000000e+01
7.303125000000000000e+01
3.748437500000000000e+01
3.557812500000000000e+01
2.503125000000000000e+01
7.703125000000000000e+00
1.620312500000000000e+01
9.625000000000000000e+00
4.765625000000000000e+00
1.906250000000000000e+00
1.875000000000000000e+00
9.218750000000000000e-01
