0.000000000000000000e+00
1.240195927061526898e-01
0.000000000000000000e+00
0.000000000000000000e+00
0.000000000000000000e+00
0.000000000000000000e+00
0.000000000000000000e+00
0.000000000000000000e+00
0.000000000000000000e+00
0.000000000000000000e+00
0.000000000000000000e+00
0.000000000000000000e+00
0.000000000000000000e+00
4.166341133116682194e-01
6.700556763247365044e-01
7.388494010960555691e-01
1.295933393108997800e+00
1.589762167747112986e+00
2.404219922864794690e+00
2.522506116816171318e+00
3.239767545673609028e+00
3.463960657614344019e+00
3.884564808315083440e+00
4.249511690697532096e+00
5.910464765989219771e+00
5.587527090258713081e+00
5.569671465569132174e+00
5.697792884091172461e+00
8.477091717350649702e+00
7.545435292281022832e+00
7.752015866856826420e+00
9.392847594712691262e+00
1.057570134716251253e+01
9.629057586285378889e+00
1.208950991562519839e+01
1.126596089998540684e+01
1.387045956115009204e+01
1.585246154732365298e+01
1.431713046002497691e+01
1.661135924177714429e+01
1.585184550326475339e+01
1.712008797025806928e+01
1.674083675430756202e+01
2.041454535642111878e+01
2.211897428538448196e+01
2.249231096918177997e+01
2.237189551612413041e+01
2.613738865949504131e+01
2.647609107171033926e+01
2.407994497502018660e+01
2.715722092625642858e+01
2.920823674496630673e+01
2.985939952903230932e+01
3.261372829710672505e+01
3.226480023158945443e+01
3.380776306930111019e+01
3.549625516669856751e+01
3.134653449122207292e+01
3.427405277114708326e+01
3.693101875773771781e+01
3.438939684313138656e+01
4.095392978987944588e+01
3.227375805487137228e+01
3.678954279390238469e+01
3.798457424875754640e+01
3.554452258699643608e+01
3.638084883711999140e+01
3.655865030480987343e+01
3.146277562453764176e+01
3.177041666393439101e+01
2.964778593651640648e+01
2.832524202787153556e+01
2.576311388612360531e+01
2.507021390016447526e+01
2.364404304437747939e+01
1.869909757180811027e+01
1.703104214322702603e+01
1.682817577754642002e+01
1.563371631882515622e+01
1.435724957066551077e+01
1.161179315327202133e+01
1.106769607842458747e+01
1.120946473340163507e+01
9.214763438872155987e+00
6.641617572878989684e+00
6.454449016715137155e+00
5.602646556539150779e+00
4.275857689911464199e+00
3.417805799687132495e+00
3.343859519234472888e+00
1.927392993138659305e+00
1.474970206266892792e+00
1.157516198590758494e+00
8.833308765689106279e-01
7.511384588576196508e-01
3.750000000000000000e-01
3.476343040826092023e-01
2.683681880830885436e-01
1.739926363384381724e-01
1.240195927061526898e-01
