0.000000000000000000e+00
2.420614591379635638e-01
1.240195927061526898e-01
3.630921887069453180e-01
2.683681880830885436e-01
3.121091305537215255e-01
3.772717646140511527e-01
4.635124054434789365e-01
5.219779090153146006e-01
7.648273906575260295e-01
9.384110156935498992e-01
8.859526563959272405e-01
9.610327696676113085e-01
1.010564314813757969e+00
1.538249309279871024e+00
1.844478140118499754e+00
1.732050807568877193e+00
1.950310472078740531e+00
2.163202107842676636e+00
2.267240803129433768e+00
2.550850042142814633e+00
2.902004627731492814e+00
3.377169441633037117e+00
3.892569795055060844e+00
3.828220662070043190e+00
4.582575694955839829e+00
4.370421711631498951e+00
6.014305861859703839e+00
6.811765298685429570e+00
6.225498850493830005e+00
6.635439151584090922e+00
6.229967897188555703e+00
8.455752826293764457e+00
7.513253264024513101e+00
7.953416620390258096e+00
1.181857482683508742e+01
9.925454570824451039e+00
1.318642620035845781e+01
1.654276536548530174e+01
1.532199163732884273e+01
1.423683602490384814e+01
1.482020336346215572e+01
1.435806577274164120e+01
1.762499307402346105e+01
1.817137789517831337e+01
1.556187247730812118e+01
1.766518026372785144e+01
1.676678263710721595e+01
1.777372424219246128e+01
1.571325077760805122e+01
1.736858441581739854e+01
1.769980110013598562e+01
1.877904001140633383e+01
1.824041245378993636e+01
2.005497814602399487e+01
1.632216547941785834e+01
1.472229920053250396e+01
1.597403135512056593e+01
1.443505627316274165e+01
1.185882945056129856e+01
1.547830355237210753e+01
1.344051564998530779e+01
9.398304368342195403e+00
1.028869174066241499e+01
1.214213311096427539e+01
1.070338731430382317e+01
1.268910665627706891e+01
9.219332608708723953e+00
1.029912721954511134e+01
9.236569113278751075e+00
9.434899786663077492e+00
6.709932440745957294e+00
7.341006801479958099e+00
7.370479944303152564e+00
6.793246157719813105e+00
6.817300487546371635e+00
4.587447845411977809e+00
5.890583554230853558e+00
4.122602286102189595e+00
4.246523164233888537e+00
3.649131692522893822e+00
2.697655231863404612e+00
2.743600508455996234e+00
1.951999675813241630e+00
2.418949846395125114e+00
1.874934894703013333e+00
1.340111352649473009e+00
1.658312395177699905e+00
8.522431339559152219e-01
7.754471996048474258e-01
6.373774391990980615e-01
6.250000000000000000e-01
5.605434723328780455e-01
4.023247871744916604e-01
3.476343040826092023e-01
3.307189138830738395e-01
2.113710821635731707e-01
0.000000000000000000e+00
3.307189138830738395e-01
0.000000000000000000e+00
