4.246063204236955713e+00
7.095178132673978233e+00
8.706981304533735866e+00
1.005559497167497263e+01
1.144825314185531084e+01
1.089696730674984693e+01
1.660713325652564265e+01
1.537957249080740851e+01
1.737713566011383648e+01
1.738415198490783453e+01
1.699376609046682063e+01
1.798218926769972015e+01
1.660945584411181031e+01
1.553825923326033376e+01
1.903686801314754007e+01
1.902483471511644808e+01
2.233729692653914256e+01
2.028179771024686673e+01
1.798078401377426161e+01
2.139864714437281989e+01
2.212468551153608942e+01
2.308137248647434703e+01
2.242827108249764478e+01
2.310632692034802815e+01
1.941663243805101757e+01
2.305258403865768457e+01
1.739746748811446864e+01
1.708240597076418865e+01
1.842401519586596592e+01
1.436180610540941061e+01
1.490199100581865288e+01
1.156772474860008870e+01
1.154745642988099696e+01
1.301740684081799060e+01
7.445373983219378822e+00
7.729164911837177243e+00
5.331858113031516133e+00
4.458138625031751623e+00
3.801598142557942595e+00
3.141829681889201531e+00
2.822205476218909048e+00
1.833325935117648520e+00
1.344839674459375800e+00
6.985965283158799277e-01
3.307189138830738395e-01
3.630921887069453180e-01
0.000000000000000000e+00
0.000000000000000000e+00
0.000000000000000000e+00
0.000000000000000000e+00
