0.000000000000000000e+00
2.914805954090254891e-01
2.914805954090254891e-01
3.630921887069453180e-01
4.284784125250652442e-01
4.038389994787526804e-01
4.831132760543845883e-01
7.288689868556625928e-01
7.069341266164761439e-01
8.637671850678283469e-01
7.977935882012339164e-01
9.861095828431036825e-01
1.248338739835866740e+00
1.242850648459017382e+00
1.539835624344364939e+00
1.658017924360288609e+00
2.095789584947639561e+00
2.048663340906699659e+00
2.368205742223424171e+00
2.805851516808222090e+00
2.733928534979471525e+00
2.860314053451998184e+00
3.852980532571505190e+00
4.667038675648617740e+00
3.714118702246200332e+00
4.661071329372679983e+00
4.565041030415279977e+00
4.869763814537107827e+00
6.894556701440274438e+00
7.513643189849714688e+00
6.838950228973376788e+00
1.061134232496058871e+01
9.229707470987365880e+00
9.966692577655839713e+00
1.044554330803333642e+01
1.303225228459666596e+01
1.321515723929817732e+01
1.263547677919198975e+01
1.615111136849412077e+01
1.613867364777462043e+01
1.747584828949656455e+01
1.838391976318910537e+01
1.870462608846739272e+01
2.207017837348624667e+01
1.940078299603845835e+01
2.668625582579916866e+01
2.398640056593266934e+01
2.460365508923420208e+01
2.323451685397180810e+01
2.572191562382893437e+01
2.453487234402290440e+01
2.722703662607262132e+01
2.743293936327959415e+01
2.652357441974968921e+01
2.731253128573722933e+01
2.769263143757739698e+01
3.022763571531025306e+01
2.647355973862175915e+01
3.181782556111432214e+01
3.164324063262760944e+01
2.801530256367714244e+01
2.690448509745865735e+01
2.629518061237648041e+01
2.844954672722177236e+01
2.614080245008509706e+01
2.580549522842712307e+01
2.233108797695210868e+01
2.191425050053047130e+01
2.240934427727638933e+01
2.059841444709701364e+01
1.672846534307241839e+01
1.721529003349928999e+01
1.336974195712093838e+01
1.364211045749062201e+01
1.316597028089840471e+01
1.095298011673078875e+01
9.922305600892364907e+00
7.891831590915698413e+00
7.811999983998975772e+00
8.056183935919971617e+00
5.567567039055299816e+00
6.007075905754811984e+00
4.968651728587947680e+00
3.272607666296099005e+00
3.585418331153981342e+00
2.879369980460135370e+00
3.172144385112380061e+00
2.225945638234456236e+00
1.575880210390371072e+00
1.611648879059889961e+00
1.530931089239486287e+00
1.360362428729932294e+00
6.250000000000000000e-01
1.007297591330387432e+00
3.307189138830738395e-01
4.496092053105674724e-01
2.420614591379635638e-01
4.133986423538422716e-01
4.416654382844553139e-01
0.000000000000000000e+00
