0.000000000000000000e+00
1.000000000000000000e+00
1.000000000000000000e+00
0.000000000000000000e+00
2.000000000000000000e+00
1.000000000000000000e+00
3.000000000000000000e+00
6.000000000000000000e+00
8.000000000000000000e+00
1.600000000000000000e+01
1.700000000000000000e+01
3.200000000000000000e+01
2.800000000000000000e+01
5.000000000000000000e+01
6.000000000000000000e+01
7.800000000000000000e+01
8.900000000000000000e+01
1.250000000000000000e+02
1.060000000000000000e+02
1.740000000000000000e+02
2.010000000000000000e+02
2.460000000000000000e+02
3.060000000000000000e+02
3.920000000000000000e+02
4.740000000000000000e+02
5.780000000000000000e+02
6.500000000000000000e+02
7.780000000000000000e+02
9.290000000000000000e+02
1.098000000000000000e+03
1.268000000000000000e+03
1.502000000000000000e+03
1.699000000000000000e+03
2.006000000000000000e+03
2.211000000000000000e+03
2.594000000000000000e+03
2.992000000000000000e+03
3.266000000000000000e+03
3.631000000000000000e+03
4.056000000000000000e+03
4.353000000000000000e+03
4.809000000000000000e+03
5.365000000000000000e+03
5.644000000000000000e+03
6.376000000000000000e+03
6.700000000000000000e+03
6.992000000000000000e+03
7.292000000000000000e+03
7.602000000000000000e+03
7.858000000000000000e+03
8.092000000000000000e+03
8.340000000000000000e+03
8.184000000000000000e+03
8.342000000000000000e+03
8.315000000000000000e+03
8.192000000000000000e+03
7.987000000000000000e+03
7.919000000000000000e+03
7.619000000000000000e+03
7.181000000000000000e+03
6.786000000000000000e+03
6.477000000000000000e+03
6.086000000000000000e+03
5.568000000000000000e+03
5.351000000000000000e+03
4.788000000000000000e+03
4.516000000000000000e+03
4.137000000000000000e+03
3.700000000000000000e+03
3.350000000000000000e+03
2.986000000000000000e+03
2.629000000000000000e+03
2.342000000000000000e+03
1.954000000000000000e+03
1.711000000000000000e+03
1.500000000000000000e+03
1.257000000000000000e+03
1.071000000000000000e+03
9.550000000000000000e+02
7.100000000000000000e+02
6.030000000000000000e+02
4.680000000000000000e+02
4.170000000000000000e+02
3.350000000000000000e+02
2.480000000000000000e+02
1.970000000000000000e+02
1.340000000000000000e+02
1.070000000000000000e+02
8.100000000000000000e+01
4.400000000000000000e+01
4.500000000000000000e+01
2.800000000000000000e+01
2.200000000000000000e+01
1.100000000000000000e+01
7.000000000000000000e+00
1.500000000000000000e+01
5.000000000000000000e+00
2.000000000000000000e+00
3.000000000000000000e+00
0.000000000000000000e+00
