2.152809783546054678e-01
2.251399040766687842e-01
2.354503254075688834e-01
2.462329188683126391e-01
2.575093078739909003e-01
2.693021060973799230e-01
2.816349628184042775e-01
2.945326103504085635e-01
3.080209136383427193e-01
3.221269221283286077e-01
3.368789240126239815e-01
3.523065029587693631e-01
3.684405974366808389e-01
3.853135627626635418e-01
4.029592359847698479e-01
4.214130037396220940e-01
4.407118732167807917e-01
4.608945463729701153e-01
4.820014975449894434e-01
5.040750546169568969e-01
5.271594839046562786e-01
5.513010789272156931e-01
5.765482532441404961e-01
6.029516375438744857e-01
6.305641811785934747e-01
6.594412583488463708e-01
6.896407791509879814e-01
7.212233057100979616e-01
7.542521736312788327e-01
7.887936190128910230e-01
8.249169112764377365e-01
8.626944920794764604e-01
9.022021205901344931e-01
9.435190254145588984e-01
9.867280634819799445e-01
1.031915886206012933e+00
1.079173113255420979e+00
1.128594514282816874e+00
1.180279198975743293e+00
1.234330815811260251e+00
1.290857759912621638e+00
1.349973390424876740e+00
1.411796257845323810e+00
1.476450341764700136e+00
1.544065299495878119e+00
1.614776726088666958e+00
1.688726426252152635e+00
1.766062698729889302e+00
1.846940633698231027e+00
1.931522423784201248e+00
2.019977689326620141e+00
2.112483818532764790e+00
2.209226323212718057e+00
2.310399210804788162e+00
2.416205373438065074e+00
2.526856994812335611e+00
2.642575975711319192e+00
2.763594379002543899e+00
2.890154895016266767e+00
3.022511328236711758e+00
3.160929106281631373e+00
3.305685812190906958e+00
3.457071741091632511e+00
3.615390482356018786e+00
3.780959528419584270e+00
3.954110911480543944e+00
4.135191869357252692e+00
4.324565541838992999e+00
4.522611698926579216e+00
4.729727502423197727e+00
4.946328302402760890e+00
5.172848470153036615e+00
5.409742269263909442e+00
5.657484766607677074e+00
5.916572785038252569e+00
6.187525899719812372e+00
6.470887480082939014e+00
6.767225779497782590e+00
7.077135074849486784e+00
7.401236858301170507e+00
7.740181083634434245e+00
8.094647469666814033e+00
8.465346863360025509e+00
8.853022665352604292e+00
9.258452320775701239e+00
9.682448878341698872e+00
1.012586262083227062e+01
1.058958277025562111e+01
1.107453927109251701e+01
1.158170465520709591e+01
1.211209599216247668e+01
1.266677692885229156e+01
1.324685982253833316e+01
1.385350797157205527e+01
1.448793794827333592e+01
1.515142203864483150e+01
1.584529079381457350e+01
1.657093569832348123e+01
1.732981196060875817e+01
1.812344143127914364e+01
