2.362286853676550946e-01
2.468284404249329600e-01
2.579038142966635361e-01
2.694761483492688625e-01
2.815677415519969307e-01
2.942018934452654277e-01
3.074029490370270290e-01
3.211963457136675082e-01
3.356086622558302479e-01
3.506676700536172642e-01
3.664023866198535817e-01
3.828431315045315309e-01
4.000215847181770590e-01
4.179708477767157260e-01
4.367255074854666796e-01
4.563217025851712960e-01
4.767971933884787017e-01
4.981914345410707323e-01
5.205456510476333953e-01
5.439029177091683209e-01
5.683082421247159788e-01
5.938086514174264474e-01
6.204532828520941123e-01
6.482934785187657312e-01
6.773828842648742521e-01
7.077775530665285642e-01
7.395360530381493991e-01
7.727195802885776788e-01
8.073920768411193549e-01
8.436203538447490935e-01
8.814742203138922205e-01
9.210266176448540509e-01
9.623537601681019238e-01
1.005535282007231190e+00
1.050654390527600901e+00
1.097798026670322225e+00
1.147057032480552463e+00
1.198526326152906218e+00
1.252305084931281787e+00
1.308496936215540307e+00
1.367210157243279101e+00
1.428557883731475187e+00
1.492658327880034053e+00
1.559635006157314541e+00
1.629616977306560743e+00
1.702739091031857832e+00
1.779142247842808278e+00
1.858973670558631497e+00
1.942387187994851550e+00
2.029543531379215171e+00
2.120610644068011474e+00
2.215764005159589267e+00
2.315186967628652948e+00
2.419071111632892457e+00
2.527616613672741153e+00
2.641032632315604811e+00
2.759537711227821877e+00
2.883360200290959963e+00
3.012738695613917717e+00
3.147922499288688947e+00
3.289172099775703906e+00
3.436759673844422380e+00
3.590969611036364473e+00
3.752099061661184898e+00
3.920458509381738121e+00
4.096372369491451337e+00
4.280179614036849323e+00
4.472234424989781409e+00
4.672906876727974890e+00
4.882583649138984683e+00
5.101668772721648537e+00
5.330584407120792179e+00
5.569771654595360388e+00
5.819691409987453490e+00
6.080825248830115548e+00
6.353676355305160506e+00
6.638770491839157017e+00
6.936657012205893480e+00
7.247909920087498570e+00
7.573128975133982088e+00
7.912940848652477044e+00
8.268000331153110949e+00
8.638991594078351710e+00
9.026629508147065550e+00
9.431661020853674415e+00
9.854866595776680782e+00
1.029706171647003465e+01
1.075909845783523089e+01
1.124186712800201171e+01
1.174629798388146895e+01
1.227336302369728216e+01
1.282407785994915095e+01
1.339950367641747242e+01
1.400074927298026317e+01
1.462897320218252162e+01
1.528538600167501826e+01
1.597125252682431196e+01
1.668789438798859237e+01
1.743669249715599534e+01
1.821908972885237432e+01
