0.000000000000000000e+00
2.953125000000000000e+00
3.937500000000000000e+00
5.906250000000000000e+00
2.953125000000000000e+01
6.103125000000000000e+01
1.269843750000000000e+02
2.027656250000000000e+02
2.736406250000000000e+02
4.134375000000000000e+02
5.502656250000000000e+02
7.057968750000000000e+02
9.252656250000000000e+02
1.077765625000000000e+03
1.292453125000000000e+03
1.520765625000000000e+03
1.749187500000000000e+03
2.037500000000000000e+03
2.358406250000000000e+03
2.590687500000000000e+03
2.735359375000000000e+03
3.173390625000000000e+03
3.582718750000000000e+03
3.850640625000000000e+03
4.280671875000000000e+03
4.659796875000000000e+03
5.071140625000000000e+03
5.413546875000000000e+03
5.969625000000000000e+03
6.428343750000000000e+03
6.931468750000000000e+03
7.696140625000000000e+03
8.064296875000000000e+03
8.659593750000000000e+03
9.418531250000000000e+03
1.004331250000000000e+04
1.084560937500000000e+04
1.124506250000000000e+04
1.208459375000000000e+04
1.306887500000000000e+04
1.386778125000000000e+04
1.449262500000000000e+04
1.537310937500000000e+04
1.669268750000000000e+04
1.738329687500000000e+04
1.858731250000000000e+04
1.941632812500000000e+04
2.062146875000000000e+04
2.137626562500000000e+04
2.242610937500000000e+04
2.336081250000000000e+04
2.443884375000000000e+04
2.533285937500000000e+04
2.605726562500000000e+04
2.690900000000000000e+04
2.787403125000000000e+04
2.886910937500000000e+04
2.875365625000000000e+04
2.896732812500000000e+04
2.950415625000000000e+04
2.990200000000000000e+04
2.973209375000000000e+04
2.896545312500000000e+04
2.881000000000000000e+04
2.836951562500000000e+04
2.754248437500000000e+04
2.625068750000000000e+04
2.486540625000000000e+04
2.318876562500000000e+04
2.077192187500000000e+04
1.866003125000000000e+04
1.661325000000000000e+04
1.446414062500000000e+04
1.235907812500000000e+04
1.029843750000000000e+04
8.866093750000000000e+03
7.338265625000000000e+03
5.863375000000000000e+03
4.643781250000000000e+03
3.639968750000000000e+03
2.768812500000000000e+03
2.216968750000000000e+03
1.587343750000000000e+03
1.118093750000000000e+03
8.241406250000000000e+02
5.606406250000000000e+02
3.667343750000000000e+02
2.713750000000000000e+02
1.376250000000000000e+02
1.012968750000000000e+02
6.784375000000000000e+01
3.148437500000000000e+01
2.557812500000000000e+01
1.378125000000000000e+01
6.875000000000000000e+00
3.937500000000000000e+00
1.953125000000000000e+00
0.000000000000000000e+00
9.843750000000000000e-01
0.000000000000000000e+00
