4.520542305340699230e+00
6.994958424420762988e+00
8.439684323739543359e+00
1.106204757196311306e+01
1.152676064371512865e+01
1.460224592100475505e+01
1.263918602749006226e+01
1.405513696126793377e+01
1.548959296541955588e+01
1.617457706894913017e+01
1.655281998963847201e+01
1.809317653452193042e+01
1.757192251683065010e+01
1.685774580867797923e+01
1.810923344422673154e+01
1.714214897509571145e+01
1.771640058277569452e+01
1.915331212178131182e+01
1.804999972948407105e+01
2.278135180875742094e+01
2.037401742262678894e+01
2.272861288662376822e+01
1.947975085465353118e+01
2.072136578510210114e+01
2.044199109675962944e+01
2.082357062921726865e+01
1.911636217313260033e+01
1.632312273854179097e+01
1.310638560969423061e+01
1.791385636874428045e+01
1.449170526488773802e+01
1.061980571561928421e+01
8.746204533967862460e+00
1.094043487409778415e+01
7.558560440818079762e+00
7.187160318060255904e+00
5.712428199767590975e+00
4.850901977983063773e+00
3.802978633173607292e+00
2.968421034405328562e+00
1.828592354790974150e+00
1.950498233625193478e+00
1.617470536825941663e+00
6.801812143649661468e-01
5.439654745477878750e-01
3.307189138830738395e-01
0.000000000000000000e+00
0.000000000000000000e+00
0.000000000000000000e+00
0.000000000000000000e+00
