2.399759920761600218e-01
2.506875586637969389e-01
2.618772466575325919e-01
2.735663974808738574e-01
2.857773051529478026e-01
2.985332588085524153e-01
3.118585871161325129e-01
3.257787046783954255e-01
3.403201605040651612e-01
3.555106886432203295e-01
3.713792610827915674e-01
3.879561430031014391e-01
4.052729505008351163e-01
4.233627108885328894e-01
4.422599256856105665e-01
4.620006364210466621e-01
4.826224933732376488e-01
5.041648273781248468e-01
5.266687248425485635e-01
5.501771061058976509e-01
5.747348072995087653e-01
6.003886658599416615e-01
6.271876098592241711e-01
6.551827513224411925e-01
6.844274837106469889e-01
7.149775837550244040e-01
7.468913178365118588e-01
7.802295531137918294e-01
8.150558736115866010e-01
8.514367014906701892e-01
8.894414237308884141e-01
9.291425244688005236e-01
9.706157232423430203e-01
1.013940119406181672e+00
1.059198342993185271e+00
1.106476712309752086e+00
1.155865398565559143e+00
1.207458597851724269e+00
1.261354710795383971e+00
1.317656530233331624e+00
1.376471437262654973e+00
1.437911606042288293e+00
1.502094217736085646e+00
1.569141684005453952e+00
1.639181880477803110e+00
1.712348390636092565e+00
1.788780760594627317e+00
1.868624765247027142e+00
1.952032686293973640e+00
2.039163602681000498e+00
2.130183694000264971e+00
2.225266557434957271e+00
2.324593538850837415e+00
2.428354078666374427e+00
2.536746073161137982e+00
2.649976251911554392e+00
2.768260572073875547e+00
2.891824630266365936e+00
3.020904092836255384e+00
3.155745145332085944e+00
3.296604962038703679e+00
3.443752196470410087e+00
3.597467493757760426e+00
3.758044025905260099e+00
3.925788050940814511e+00
4.101019497023372651e+00
4.284072572622792840e+00
4.475296403935695722e+00
4.675055700753002697e+00
4.883731452049135946e+00
5.101721652619528591e+00
5.329442062152329740e+00
5.567326998182015707e+00
5.815830164437286953e+00
6.075425516163082129e+00
6.346608164067111701e+00
6.629895318614929423e+00
6.925827276474564975e+00
7.234968450992077749e+00
7.557908448663424039e+00
7.895263193655702949e+00
8.247676102522529362e+00
8.615819311353996923e+00
9.000394957701683296e+00
9.402136519723674368e+00
9.821810215103633723e+00
1.026021646241201424e+01
1.071819140769660628e+01
1.119660851921392997e+01
1.169638025334306874e+01
1.221845979485922484e+01
1.276384287488609282e+01
1.333356966999435933e+01
1.392872678606834569e+01
1.455044933072449176e+01
1.519992307823432220e+01
1.587838673108087306e+01
1.658713428246195321e+01
1.732751748424606575e+01
1.810094842508801705e+01
