0.000000000000000000e+00
1.240195927061526898e-01
0.000000000000000000e+00
0.000000000000000000e+00
0.000000000000000000e+00
0.000000000000000000e+00
0.000000000000000000e+00
0.000000000000000000e+00
0.000000000000000000e+00
1.240195927061526898e-01
1.739926363384381724e-01
2.683681880830885436e-01
6.025256088955888156e-01
8.379429798619951741e-01
1.271302850425499509e+00
1.685183595339095453e+00
2.207884928925191836e+00
2.769770903770743420e+00
2.825274806877200007e+00
3.621630977543128793e+00
4.187849798822780301e+00
4.544028318504958364e+00
4.773354387574318736e+00
4.811180825691339535e+00
6.127550489388071675e+00
6.221183569064652197e+00
5.550548959337265664e+00
8.050242014025107196e+00
9.478375367613113056e+00
9.366962700596976887e+00
9.603148389167742494e+00
1.130403688953641073e+01
1.237096485664618584e+01
1.208570266820986205e+01
1.389005377059426571e+01
1.373435722410681237e+01
1.743783601826786267e+01
1.506774253942424480e+01
1.655291585907147578e+01
1.798066860156693281e+01
1.941887672955106936e+01
1.655692712847103110e+01
2.296213233748936844e+01
2.479718021236235259e+01
2.365267373066679468e+01
2.539780667664778946e+01
2.738083199863546824e+01
2.586020108197149980e+01
2.735797397897686167e+01
2.893776575876885104e+01
3.185966236383399064e+01
3.123849397553241403e+01
3.776385041858814162e+01
3.466705126426784744e+01
3.973956968108110033e+01
4.319392137500368278e+01
3.594850035445671921e+01
4.283299862821157689e+01
4.198172035243434408e+01
4.025926717850189362e+01
4.596541456288085925e+01
4.501180400739343668e+01
4.239792141407848192e+01
4.082584666432988030e+01
4.176781700196186620e+01
4.141920493091791400e+01
3.952748252798298267e+01
3.497476769043648659e+01
3.708027806643816149e+01
3.122497435447305492e+01
2.960636528239113474e+01
2.713615841916464078e+01
2.517873122020597521e+01
2.322553631478453084e+01
1.844845410825457321e+01
1.678541033159451956e+01
1.662097578174939727e+01
1.530698242428925049e+01
1.190792106055355859e+01
1.196246571311700713e+01
9.168933195170525963e+00
1.028727976677994249e+01
8.986412812372632786e+00
6.880661731212703636e+00
5.994463591515090783e+00
5.716935333670916997e+00
4.223926222648189288e+00
3.951086430891508794e+00
2.845938375013591148e+00
2.197077248869506505e+00
2.366555711894397618e+00
1.207783190135961471e+00
1.277719984728657110e+00
7.064159097160821466e-01
5.877575898063758242e-01
2.683681880830885436e-01
2.113710821635731707e-01
2.755498763835687037e-01
0.000000000000000000e+00
1.240195927061526898e-01
