6.870000000000000000e+02
2.032000000000000000e+03
3.314000000000000000e+03
4.380000000000000000e+03
5.302000000000000000e+03
5.973000000000000000e+03
6.580000000000000000e+03
7.197000000000000000e+03
7.574000000000000000e+03
7.824000000000000000e+03
8.392000000000000000e+03
8.637000000000000000e+03
8.887000000000000000e+03
9.293000000000000000e+03
9.707000000000000000e+03
9.836000000000000000e+03
1.007100000000000000e+04
1.031100000000000000e+04
1.038300000000000000e+04
1.062900000000000000e+04
1.032000000000000000e+04
1.059300000000000000e+04
1.034900000000000000e+04
1.002200000000000000e+04
9.922000000000000000e+03
9.172000000000000000e+03
8.636000000000000000e+03
8.070000000000000000e+03
7.187000000000000000e+03
6.336000000000000000e+03
5.305000000000000000e+03
4.399000000000000000e+03
3.551000000000000000e+03
2.739000000000000000e+03
1.924000000000000000e+03
1.428000000000000000e+03
1.040000000000000000e+03
6.900000000000000000e+02
4.490000000000000000e+02
2.770000000000000000e+02
1.730000000000000000e+02
9.400000000000000000e+01
4.400000000000000000e+01
2.000000000000000000e+01
8.000000000000000000e+00
0.000000000000000000e+00
0.000000000000000000e+00
0.000000000000000000e+00
0.000000000000000000e+00
0.000000000000000000e+00
