0.000000000000000000e+00
2.683681880830885436e-01
1.739926363384381724e-01
3.586950088515311608e-01
7.281987623581902547e-01
9.822646028438569710e-01
1.178833507116251011e+00
1.603143274749640135e+00
2.239559108396114606e+00
2.560164713329007746e+00
2.922000331536600104e+00
3.116825245241542142e+00
4.225919833302567596e+00
3.392172745822358504e+00
3.493541753632694036e+00
4.761678693945549767e+00
5.960072225862703021e+00
6.019965966214011921e+00
6.116623736793036059e+00
6.208612969093821654e+00
6.548329194105546591e+00
7.187483016284281767e+00
8.772279114310887138e+00
8.289309168101706149e+00
9.222933372848357791e+00
1.133672087661926220e+01
1.222988423327772090e+01
1.090547767680879687e+01
1.181744894676405977e+01
1.267117175915471528e+01
1.295047658389450973e+01
1.370104032033243158e+01
1.631009770385741575e+01
1.507214907484579669e+01
1.722269124585353595e+01
1.837897889531339146e+01
1.902259527139698747e+01
2.218389055147901701e+01
1.863632206203788400e+01
2.197477246753649638e+01
2.166362158088993084e+01
2.399271027800683953e+01
2.294626875986594783e+01
2.623391899544128236e+01
2.450828941399215566e+01
2.688103129997061558e+01
3.058490679138159507e+01
2.794805449400726971e+01
3.140719448206692377e+01
3.599324141744356353e+01
3.307566712644470641e+01
3.344494295083151769e+01
3.994928119953317491e+01
3.629132544747263722e+01
3.129939845667964349e+01
3.859601460967181197e+01
4.024102190240699883e+01
3.912967973210999872e+01
3.810725765438258605e+01
3.644752220659177055e+01
3.578988364725952920e+01
3.936427185199162437e+01
3.334326308805685812e+01
3.609530570240401914e+01
3.423610789772072138e+01
3.034154536275303116e+01
2.902045009019501620e+01
2.662248741078676773e+01
2.471390992437255107e+01
2.364762061894388623e+01
1.881373931756722939e+01
2.011203362378789805e+01
1.697538860702089991e+01
1.575885632697928429e+01
1.579080001882029372e+01
1.397059376813938414e+01
1.135814986515739733e+01
1.254145469782114297e+01
8.287556560892962665e+00
9.649927137030621438e+00
8.116928081754513968e+00
7.061117121249299800e+00
6.697550129291680143e+00
5.879963827216541539e+00
4.586729328999041400e+00
4.404809161586912936e+00
3.094815157545761863e+00
2.372068503305711840e+00
1.993887142618658848e+00
1.952312330929659501e+00
1.243734296383274929e+00
1.087818739209340801e+00
8.476472493761777471e-01
5.410403029118995288e-01
3.899994991983963821e-01
3.121091305537215255e-01
3.408972535823660555e-01
1.240195927061526898e-01
1.240195927061526898e-01
0.000000000000000000e+00
