0.000000000000000000e+00
1.739926363384381724e-01
1.739926363384381724e-01
2.113710821635731707e-01
1.240195927061526898e-01
2.420614591379635638e-01
3.476343040826092023e-01
4.635124054434789365e-01
5.319388915796625650e-01
5.075119302784910635e-01
5.787580992953792469e-01
9.088056637009916949e-01
9.141626547693796345e-01
1.138375350005436548e+00
1.185854122563142266e+00
1.290647699558248984e+00
1.303447202373383407e+00
1.894623870158665513e+00
2.047709753450180692e+00
2.357200985146366445e+00
2.599156639061024343e+00
2.478767255991372931e+00
3.183783065690092062e+00
3.940444087837689402e+00
4.070544918988120209e+00
3.941435285448056103e+00
4.994699338736516836e+00
5.713197441013219802e+00
5.508139396327493387e+00
7.209053959041713533e+00
6.635604719993498435e+00
6.303520841561484289e+00
8.493966148831768592e+00
8.283534472637571255e+00
9.532005605294983752e+00
1.143626188653879971e+01
1.103969002551135858e+01
1.165587298317890941e+01
1.266622870507930543e+01
1.502770065942807420e+01
1.254467602149911976e+01
1.514200361370647663e+01
1.689425261692197466e+01
1.660357524563610454e+01
1.883319433830530443e+01
1.698229058046572959e+01
1.585609572008112522e+01
1.806055352833904593e+01
1.823928811273551176e+01
2.019066828853121365e+01
2.016717242823098388e+01
2.065242021985558907e+01
2.074376318167704270e+01
1.691331731903516911e+01
1.998499803563600707e+01
1.892557767240870703e+01
1.600363117975104998e+01
1.683687098630190704e+01
1.733851272276546851e+01
1.515511432600806963e+01
1.421033404779775111e+01
1.363073273892493198e+01
1.366935691096603911e+01
1.326855091407403897e+01
1.188764745899604058e+01
1.230500247612734199e+01
9.867877177995275417e+00
1.210335535863918999e+01
1.080842363549722229e+01
1.139951641997918230e+01
7.620500080990420422e+00
8.666890459350170772e+00
7.768233968179318438e+00
7.311414850039286151e+00
6.667830302092277783e+00
6.942829456307781477e+00
5.478272958640797441e+00
5.486110836409978653e+00
4.270601492691047163e+00
3.686440525764656861e+00
3.300057705461375779e+00
2.822205476218909048e+00
2.337700526158130288e+00
2.235849600822917616e+00
2.226822901439402536e+00
1.536581915933869169e+00
1.503170477482510980e+00
1.391151585692587345e+00
1.032551262347298771e+00
7.064159097160821466e-01
7.640289486498531568e-01
4.284784125250652442e-01
4.736720747257536779e-01
4.284784125250652442e-01
0.000000000000000000e+00
0.000000000000000000e+00
0.000000000000000000e+00
0.000000000000000000e+00
0.000000000000000000e+00
1.739926363384381724e-01
