0.000000000000000000e+00
1.240195927061526898e-01
1.240195927061526898e-01
1.240195927061526898e-01
0.000000000000000000e+00
0.000000000000000000e+00
0.000000000000000000e+00
0.000000000000000000e+00
1.240195927061526898e-01
4.408354993645589026e-01
6.985965283158799277e-01
8.454843286542926828e-01
1.165503512435719813e+00
1.540786629452631340e+00
2.047709753450180692e+00
2.302978709736588137e+00
2.828383966044037745e+00
3.259451401309735541e+00
3.257053643632539242e+00
4.408354993645589026e+00
4.773354387574318736e+00
5.270421591296089225e+00
5.837563570317671591e+00
6.560937313943793647e+00
7.608316148095779496e+00
7.258346488698372845e+00
8.254245474867765608e+00
9.275921766022770854e+00
9.519190629164592465e+00
9.129279818255106704e+00
9.529098117739160045e+00
1.078767924242744591e+01
1.266666238349708351e+01
1.090799592042461263e+01
1.328502703645630589e+01
1.447627369180342605e+01
1.596406334112261582e+01
1.699698387766194330e+01
1.827961397593983506e+01
1.835830449006661524e+01
1.853664418751072063e+01
2.266777723995010518e+01
2.320921637215214162e+01
2.259906576470584838e+01
2.372941130617234506e+01
2.478422014829950371e+01
3.080729783037413583e+01
2.487456324208276470e+01
2.885063907437753628e+01
2.984876839350955535e+01
3.092025640028515454e+01
3.448628293883670892e+01
3.364590428269093536e+01
4.034068781949559224e+01
3.562739849382073487e+01
3.840581773556579037e+01
4.213612323006680072e+01
3.999101156334226914e+01
3.859350645166068716e+01
4.154985709963392537e+01
4.405615812073693860e+01
4.027015399442091592e+01
4.500710664370128455e+01
3.672530194204500731e+01
4.099894899091164291e+01
4.389038859405894755e+01
4.178399626352175744e+01
3.583956424448231104e+01
3.414453638921423106e+01
3.518649740467748188e+01
3.047179471966657971e+01
2.385625900576198788e+01
2.434894440730439413e+01
1.877599760165887943e+01
1.840690655662637454e+01
2.144066576479144715e+01
1.632882773607386184e+01
1.303037879282006983e+01
1.162495799723594736e+01
1.199149275267679116e+01
1.223145119916275547e+01
9.935534396800203893e+00
9.077022308244869109e+00
9.054468423794959975e+00
7.295636939937115706e+00
6.127550489388071675e+00
5.498024325553225289e+00
4.315216535702466771e+00
3.814932625551858969e+00
2.891891614389273890e+00
2.465385365414502594e+00
1.628601777599422817e+00
1.388340820683091392e+00
1.239703688134789816e+00
1.001829381369402583e+00
6.547602137424051172e-01
4.858847439208191510e-01
2.914805954090254891e-01
2.113710821635731707e-01
0.000000000000000000e+00
