0.000000000000000000e+00
2.683681880830885436e-01
3.408972535823660555e-01
5.410403029118995288e-01
9.279461107063275982e-01
1.093191821856987822e+00
1.675230278014040675e+00
1.913918999722820091e+00
2.246525094451428561e+00
2.403610565378676345e+00
3.686440525764656861e+00
3.590861611002991616e+00
3.478589647759562808e+00
4.633332864958010333e+00
4.993354959343466959e+00
5.769582821790497640e+00
6.146645426572123760e+00
6.508839392270714619e+00
8.003905296791060664e+00
7.993100051763395442e+00
8.367008780771058696e+00
8.848496959229855463e+00
8.367008780771058696e+00
9.755607361922679743e+00
1.143664614299139792e+01
1.234145548294446471e+01
1.186939629296178644e+01
1.159352888940097515e+01
1.305023347492296715e+01
1.521409708132559579e+01
1.836497919785099953e+01
1.751670519639752399e+01
1.643464061394027098e+01
1.943536463351022547e+01
1.851002684357858996e+01
2.069698022017644590e+01
1.915153388112816302e+01
1.996534473116792796e+01
2.305555450970546616e+01
2.173147109464750315e+01
2.443989758059554518e+01
2.729481335231109540e+01
2.681182618617202706e+01
2.773773307135065735e+01
2.547294827360979141e+01
3.593271367583270859e+01
3.161801661409796438e+01
3.494071080393721473e+01
3.445795388495231037e+01
3.619853229392560934e+01
3.787894149767618757e+01
3.705294723011247982e+01
3.743691307970650684e+01
3.986490553556316740e+01
4.025533434663504551e+01
4.215331948672606899e+01
3.936091017748446319e+01
4.073042810280171722e+01
4.108479881123157185e+01
3.982695724553283156e+01
4.090967267480118608e+01
3.840042673509631754e+01
4.228573920643193418e+01
3.717160571571229610e+01
3.603936310979114666e+01
3.390783406437957836e+01
3.042482009370597851e+01
3.115809924301384726e+01
2.911223902308958600e+01
2.551544798622003540e+01
2.099662826354507672e+01
1.849085896421188480e+01
1.667962712225606126e+01
1.964486951948268967e+01
1.554019957189659173e+01
1.436127061753241918e+01
1.292691860457762054e+01
1.287920896008368921e+01
1.124843739147798338e+01
1.043057404939919941e+01
9.418855755876082370e+00
9.713071090031206722e+00
7.525412675561387488e+00
7.302059186241576683e+00
5.172583033105897066e+00
4.584040546763848312e+00
4.179066834758089932e+00
3.323537037178915021e+00
2.986909918188862978e+00
2.280554260344401563e+00
1.930177695835282314e+00
1.130196332501570256e+00
1.249902339935004658e+00
1.087930949095575750e+00
8.476472493761777471e-01
5.144399260360728032e-01
4.408354993645589026e-01
2.420614591379635638e-01
1.739926363384381724e-01
0.000000000000000000e+00
