2.010682581652844803e-01
2.106005101812700453e-01
2.205846675816529046e-01
2.310421543149505652e-01
2.419954099970877959e-01
2.534679380621977507e-01
2.654843561961579002e-01
2.780704491610811457e-01
2.912532241241130304e-01
3.050609686092577988e-01
3.195233111965881667e-01
3.346712850990841703e-01
3.505373947535270207e-01
3.671556855683353882e-01
3.845618169780100626e-01
4.027931389609477053e-01
4.218887721848125771e-01
4.418896919514449517e-01
4.628388161214312957e-01
4.847810972070076829e-01
5.077636188309059273e-01
5.318356967581254757e-01
5.570489847174233677e-01
5.834575852395925688e-01
6.111181657503678144e-01
6.400900801670668105e-01
6.704354962598907397e-01
7.022195290511742405e-01
7.355103805388319982e-01
7.703794860438207825e-01
8.069016674956469570e-01
8.451552939848405721e-01
8.852224499269056857e-01
9.271891111985969269e-01
9.711453296244683120e-01
1.017185426209569865e+00
1.065408193532927594e+00
1.115917107736100755e+00
1.168820550561701532e+00
1.224232041918326130e+00
1.282270483470931977e+00
1.343060413779359585e+00
1.406732275532470267e+00
1.473422695451329423e+00
1.543274777462053438e+00
1.616438409767405160e+00
1.693070586476052020e+00
1.773335744479637377e+00
1.857406116300533094e+00
1.945462099667412570e+00
2.037692644611677206e+00
2.134295658915365657e+00
2.235478432780554137e+00
2.341458083631500653e+00
2.452462022003985442e+00
2.568728439521555718e+00
2.690506820005762911e+00
2.818058474817139114e+00
2.951657103575634267e+00
3.091589381463715203e+00
3.238155574372354017e+00
3.391670183209878342e+00
3.552462618756239809e+00
3.720877908510807242e+00
3.897277437050425064e+00
4.082039721486393269e+00
4.275561223684348100e+00
4.478257200989888887e+00
4.690562597285445001e+00
4.912932976290401044e+00
5.145845499107153387e+00
5.389799948110699290e+00
5.645319799378838432e+00
5.912953345964179874e+00
6.193274874418277953e+00
6.486885897092466102e+00
6.794416442859656513e+00
7.116526409026741717e+00
7.453906977338504269e+00
7.807282097111495567e+00
8.177410038680388737e+00
8.565085020490174728e+00
8.971138913325615860e+00
9.396443025334875188e+00
9.841909971677614166e+00
1.030849563280943393e+01
1.079720120560477170e+01
1.130907535171948552e+01
1.184521644780311078e+01
1.240677494238926748e+01
1.299495582452160569e+01
1.361102120941250782e+01
1.425629304668277264e+01
1.493215595699362552e+01
1.564006020315792789e+01
1.638152480210588990e+01
1.715814078438305756e+01
1.797157460817463459e+01
1.882357173518205329e+01
1.971596037602481744e+01
