0.000000000000000000e+00
2.113710821635731707e-01
3.408972535823660555e-01
4.496092053105674724e-01
8.441839162025062127e-01
1.179247641507075395e+00
1.663530578130441251e+00
2.186606960566987556e+00
2.000000000000000000e+00
2.761163421005718099e+00
2.925507434617112601e+00
3.755432263318698283e+00
3.948768597613691700e+00
3.928561282454430703e+00
4.275201018665671704e+00
5.489136110024508852e+00
5.674414032248175310e+00
6.838539683294965421e+00
6.970641559426219658e+00
7.882932512713781037e+00
7.298330288497499652e+00
8.984144018769956830e+00
9.011927859786716510e+00
1.036029407687711412e+01
1.116071339285710629e+01
1.070757206883871504e+01
1.074959119862239199e+01
1.303981845097449899e+01
1.301800698491804553e+01
1.396074295121860587e+01
1.483753159221573448e+01
1.800731595031238896e+01
1.750239241459221162e+01
2.053421663308281708e+01
1.905376336678662597e+01
2.078483874087973149e+01
2.003238954441968289e+01
2.119684873947953108e+01
2.023098427188788406e+01
2.293200185296466742e+01
2.636403337616183151e+01
2.665534783789877693e+01
2.872950611278194089e+01
3.002703453114168397e+01
2.991089877008671394e+01
3.270355425542459216e+01
3.614078037147752553e+01
3.160595708782602387e+01
3.686715687247085782e+01
3.548679331807820603e+01
4.052232216630729766e+01
3.964716207923967062e+01
4.072809035236000597e+01
3.674779104224327142e+01
4.191912029711949117e+01
3.988801462767356298e+01
4.425065931270826525e+01
4.084077014282878082e+01
4.507466678676060923e+01
4.192734601366988301e+01
4.421931039839240896e+01
4.039349602948939122e+01
4.061902600306289912e+01
4.266310613398888307e+01
3.369022484341711987e+01
3.646546619212998763e+01
3.434771289124466875e+01
2.870413716233907309e+01
3.247252068456305096e+01
2.907257889747657131e+01
2.320088899158823281e+01
2.025942585409320174e+01
1.703761349008422599e+01
1.704428257097889698e+01
1.552819229206590634e+01
1.543825909064879021e+01
1.425462507179687321e+01
1.409329960477673183e+01
9.038978094895462334e+00
1.334546059000494012e+01
9.885267111179899757e+00
9.212643634395883296e+00
8.649972340093059486e+00
7.094076947311397596e+00
6.097815150476029622e+00
5.313510933224848465e+00
4.278140978786813875e+00
3.739536182386125951e+00
3.263156962111231518e+00
2.650913757556061956e+00
1.985236033668289046e+00
1.436735530421308971e+00
1.488809166540493889e+00
8.990826488009876494e-01
8.602268505313002134e-01
5.921029787967629909e-01
6.495190528383290030e-01
2.113710821635731707e-01
2.113710821635731707e-01
0.000000000000000000e+00
