4.022276835015213159e+00
5.862499167110814646e+00
8.263187849583234268e+00
9.662859287466366354e+00
1.245279171448615330e+01
1.259076422422404029e+01
1.561236989537462883e+01
1.660101653514024989e+01
1.916004117256471417e+01
1.594423877141834645e+01
1.801707496333339265e+01
2.111574663277088604e+01
1.972308292331602075e+01
2.024372973910687179e+01
1.759569261033790610e+01
1.985803496659161027e+01
2.094313706764998884e+01
2.118067160430412343e+01
1.991421421332950814e+01
2.274780531137839290e+01
2.057279733615180817e+01
2.231372545654355832e+01
2.849847515109361140e+01
2.489712721097305703e+01
2.431127487273137788e+01
2.528616975461833505e+01
1.858678309604367840e+01
2.090227914456938052e+01
1.983988643490683046e+01
2.022523925036178483e+01
1.257523258669099064e+01
1.331586481830508006e+01
1.151476633501522606e+01
1.209103449810540454e+01
9.000868013697346015e+00
7.037566607144830400e+00
5.901535817056438482e+00
4.650242559197852898e+00
4.391014217623873783e+00
3.076498618559742049e+00
2.864109809347399782e+00
1.643821291229676129e+00
1.355598201671498249e+00
8.637671850678283469e-01
3.630921887069453180e-01
2.683681880830885436e-01
1.739926363384381724e-01
0.000000000000000000e+00
0.000000000000000000e+00
0.000000000000000000e+00
