0.000000000000000000e+00
1.240195927061526898e-01
1.240195927061526898e-01
2.113710821635731707e-01
2.420614591379635638e-01
4.038389994787526804e-01
3.667717060720469546e-01
2.914805954090254891e-01
4.960783708246107593e-01
6.356514252127497544e-01
8.014574127020099858e-01
7.261843774138906360e-01
8.654614015078893052e-01
1.165503512435719813e+00
1.111024302164448585e+00
1.479019945774904032e+00
1.869196748439018618e+00
1.902917168454791197e+00
1.870763442922434239e+00
1.858718371452490858e+00
2.328492001274644618e+00
2.362167221933070493e+00
3.196639776292443003e+00
3.055316830952233609e+00
3.644043459452013689e+00
4.127810358940318558e+00
3.795267149276187801e+00
5.201576346106533855e+00
4.729989718210283911e+00
5.899529079458376124e+00
5.894063982887783659e+00
6.971464577789591388e+00
7.156727604149818234e+00
7.639442648804623204e+00
8.269021041476131373e+00
8.486144497797571518e+00
9.801944960057671352e+00
1.050668267624824637e+01
1.158409090560735422e+01
1.342281173972130226e+01
1.400275503026101021e+01
1.585970596945290190e+01
1.338255481727984630e+01
1.276813010915752677e+01
1.644210368041449755e+01
1.359626413532408584e+01
1.723192412310288191e+01
1.689535809031581337e+01
1.795017382184292387e+01
1.673320053068151125e+01
2.005275634693083830e+01
2.173742452545839043e+01
1.700732264165938545e+01
1.799467559055664267e+01
1.827827833753428166e+01
1.712819313296063939e+01
1.826614627143270653e+01
1.658851141415347286e+01
1.416914423800887057e+01
1.878714419781183764e+01
1.477510443068000789e+01
1.352684685865482805e+01
1.389805762901330688e+01
1.704196910387705088e+01
1.164845583918744154e+01
1.171011139931533762e+01
1.240365212094808811e+01
9.787937011316531155e+00
1.090830926117792110e+01
9.842695876098936481e+00
1.091153167238678812e+01
8.337603072826146544e+00
7.373394290242113236e+00
8.112595699551100381e+00
7.636118302801168767e+00
6.499699512285164182e+00
6.225557674568198863e+00
5.605325836592820465e+00
5.288525868271327646e+00
5.153858346848019245e+00
4.639230640688173146e+00
4.714893912844169144e+00
3.620113894530806231e+00
2.662676050517599258e+00
2.493301573090387357e+00
2.381569860407206196e+00
2.491342431175409544e+00
1.487496717433352877e+00
1.751046004357109886e+00
1.136980478889149548e+00
1.363499490053076579e+00
1.017306300666126706e+00
9.141626547693796345e-01
6.427176187875979219e-01
5.777025483542547191e-01
3.772717646140511527e-01
2.113710821635731707e-01
3.121091305537215255e-01
4.023247871744916604e-01
0.000000000000000000e+00
