6.669375000000000000e+02
1.898578125000000000e+03
3.193812500000000000e+03
4.219921875000000000e+03
5.068859375000000000e+03
5.890906250000000000e+03
6.131531250000000000e+03
6.859812500000000000e+03
7.100468750000000000e+03
7.666937500000000000e+03
7.966453125000000000e+03
8.256546875000000000e+03
8.465203125000000000e+03
8.827765625000000000e+03
9.315343750000000000e+03
9.169531250000000000e+03
9.461531250000000000e+03
9.644625000000000000e+03
9.701671875000000000e+03
9.692359375000000000e+03
9.741375000000000000e+03
9.782890625000000000e+03
9.541843750000000000e+03
9.567921875000000000e+03
9.148875000000000000e+03
8.714312500000000000e+03
8.106187500000000000e+03
7.517468750000000000e+03
6.951140625000000000e+03
5.948921875000000000e+03
5.022343750000000000e+03
4.234093750000000000e+03
3.393750000000000000e+03
2.576765625000000000e+03
1.923203125000000000e+03
1.297703125000000000e+03
9.953750000000000000e+02
6.432968750000000000e+02
4.802187500000000000e+02
2.501718750000000000e+02
1.447968750000000000e+02
1.215000000000000000e+02
4.257812500000000000e+01
1.792187500000000000e+01
2.843750000000000000e+00
9.375000000000000000e-01
0.000000000000000000e+00
0.000000000000000000e+00
0.000000000000000000e+00
0.000000000000000000e+00
