0.000000000000000000e+00
2.000000000000000000e+00
2.000000000000000000e+00
3.000000000000000000e+00
7.000000000000000000e+00
5.000000000000000000e+00
1.500000000000000000e+01
1.000000000000000000e+01
1.700000000000000000e+01
2.500000000000000000e+01
2.800000000000000000e+01
4.700000000000000000e+01
6.600000000000000000e+01
7.300000000000000000e+01
9.500000000000000000e+01
1.140000000000000000e+02
1.440000000000000000e+02
1.540000000000000000e+02
2.060000000000000000e+02
2.850000000000000000e+02
3.260000000000000000e+02
3.780000000000000000e+02
4.520000000000000000e+02
5.360000000000000000e+02
6.660000000000000000e+02
7.860000000000000000e+02
8.820000000000000000e+02
1.055000000000000000e+03
1.258000000000000000e+03
1.455000000000000000e+03
1.783000000000000000e+03
1.919000000000000000e+03
2.228000000000000000e+03
2.527000000000000000e+03
2.775000000000000000e+03
3.141000000000000000e+03
3.542000000000000000e+03
3.953000000000000000e+03
4.376000000000000000e+03
4.880000000000000000e+03
5.301000000000000000e+03
5.784000000000000000e+03
6.217000000000000000e+03
6.694000000000000000e+03
7.041000000000000000e+03
7.523000000000000000e+03
7.695000000000000000e+03
8.065000000000000000e+03
8.088000000000000000e+03
8.531000000000000000e+03
8.608000000000000000e+03
8.660000000000000000e+03
8.606000000000000000e+03
8.647000000000000000e+03
8.434000000000000000e+03
8.368000000000000000e+03
8.202000000000000000e+03
7.734000000000000000e+03
7.197000000000000000e+03
7.108000000000000000e+03
6.762000000000000000e+03
6.232000000000000000e+03
5.728000000000000000e+03
5.470000000000000000e+03
4.873000000000000000e+03
4.587000000000000000e+03
4.086000000000000000e+03
3.798000000000000000e+03
3.271000000000000000e+03
3.046000000000000000e+03
2.748000000000000000e+03
2.317000000000000000e+03
2.027000000000000000e+03
1.698000000000000000e+03
1.529000000000000000e+03
1.265000000000000000e+03
1.102000000000000000e+03
8.410000000000000000e+02
7.600000000000000000e+02
5.960000000000000000e+02
4.820000000000000000e+02
3.740000000000000000e+02
3.120000000000000000e+02
2.720000000000000000e+02
2.070000000000000000e+02
1.270000000000000000e+02
1.150000000000000000e+02
7.800000000000000000e+01
4.600000000000000000e+01
4.100000000000000000e+01
2.300000000000000000e+01
2.000000000000000000e+01
1.300000000000000000e+01
6.000000000000000000e+00
5.000000000000000000e+00
4.000000000000000000e+00
1.000000000000000000e+00
2.000000000000000000e+00
5.000000000000000000e+00
0.000000000000000000e+00
