7.070000000000000000e+02
2.022000000000000000e+03
3.204000000000000000e+03
4.258000000000000000e+03
5.101000000000000000e+03
5.828000000000000000e+03
6.262000000000000000e+03
6.912000000000000000e+03
7.308000000000000000e+03
7.657000000000000000e+03
7.976000000000000000e+03
8.331000000000000000e+03
8.647000000000000000e+03
8.788000000000000000e+03
9.234000000000000000e+03
9.545000000000000000e+03
9.571000000000000000e+03
9.981000000000000000e+03
1.000000000000000000e+04
1.014600000000000000e+04
1.010300000000000000e+04
9.878000000000000000e+03
9.999000000000000000e+03
9.921000000000000000e+03
9.497000000000000000e+03
8.944000000000000000e+03
8.384000000000000000e+03
7.635000000000000000e+03
6.971000000000000000e+03
6.081000000000000000e+03
5.202000000000000000e+03
4.258000000000000000e+03
3.471000000000000000e+03
2.667000000000000000e+03
1.887000000000000000e+03
1.378000000000000000e+03
1.016000000000000000e+03
6.520000000000000000e+02
4.600000000000000000e+02
3.070000000000000000e+02
1.190000000000000000e+02
7.300000000000000000e+01
3.600000000000000000e+01
2.400000000000000000e+01
9.000000000000000000e+00
1.000000000000000000e+00
1.000000000000000000e+00
0.000000000000000000e+00
0.000000000000000000e+00
0.000000000000000000e+00
