0.000000000000000000e+00
1.739926363384381724e-01
2.113710821635731707e-01
1.240195927061526898e-01
3.213588093937989609e-01
3.630921887069453180e-01
4.635124054434789365e-01
7.071067811865475727e-01
8.602268505313002134e-01
9.877175393299442163e-01
9.920336987093735237e-01
9.268931218727431975e-01
1.449339828163153765e+00
1.177486564413793957e+00
1.626126412483051675e+00
1.768802450635740264e+00
1.757725692300991627e+00
2.048663340906699659e+00
2.648702512552136401e+00
2.457251704140217097e+00
3.506690034776384302e+00
3.612991964771026243e+00
3.944933459514874841e+00
4.033762540652957362e+00
3.657184709581948301e+00
4.456577608925373468e+00
5.439205910562680657e+00
6.834950821650072506e+00
6.778135085285258654e+00
7.406711483512774308e+00
7.336349329494541216e+00
9.901418380085754478e+00
9.594602466198118407e+00
1.235824900054109676e+01
1.259553337248962990e+01
1.167595310282526810e+01
1.290824553277380993e+01
9.532018411648186529e+00
1.342789445927301806e+01
1.321057482130792771e+01
1.502958508191011155e+01
1.439777407926308506e+01
1.810078527949478300e+01
1.496767349991307050e+01
1.575247996348511492e+01
1.747732208060991965e+01
2.199950616455685193e+01
1.801127440964061677e+01
1.783851581506642603e+01
1.964876521843993729e+01
1.907100220229655463e+01
1.859282429418336235e+01
1.901222879490986983e+01
1.869238543999935942e+01
1.829190394682849785e+01
1.912805709839279444e+01
1.704082299765771324e+01
1.644390767455762159e+01
1.400861202751721635e+01
1.570646730599771068e+01
1.441512741662382879e+01
1.258704070661567442e+01
1.258083239495702088e+01
1.438773213322725120e+01
1.063077738147003970e+01
1.072193830132872883e+01
1.155451582445149405e+01
9.657412955859348003e+00
9.688999379934699618e+00
7.695863717567704043e+00
7.051152388085227152e+00
7.410863541956497436e+00
6.898521552432448800e+00
5.664789823991707607e+00
5.629772281140685841e+00
5.202327266173765175e+00
3.890060199967990240e+00
4.172050558103892470e+00
3.230711995830021444e+00
3.224320119711285848e+00
2.915769021094606561e+00
2.053721850080969524e+00
1.724068475837024383e+00
1.899578489428641603e+00
1.734023049875635270e+00
1.380316426584861089e+00
1.045825033167594453e+00
9.955957701296244133e-01
8.190839013800722546e-01
6.343057228182636953e-01
3.630921887069453180e-01
4.023247871744916604e-01
2.914805954090254891e-01
3.899994991983963821e-01
0.000000000000000000e+00
0.000000000000000000e+00
0.000000000000000000e+00
0.000000000000000000e+00
0.000000000000000000e+00
1.739926363384381724e-01
