6.397968750000000000e+02
2.023859375000000000e+03
3.136015625000000000e+03
4.188265625000000000e+03
4.980984375000000000e+03
5.659390625000000000e+03
6.304000000000000000e+03
6.663328125000000000e+03
6.965250000000000000e+03
7.467296875000000000e+03
7.697312500000000000e+03
7.982859375000000000e+03
8.378343750000000000e+03
8.419984375000000000e+03
8.647921875000000000e+03
8.948171875000000000e+03
9.256750000000000000e+03
9.235171875000000000e+03
9.435781250000000000e+03
9.655203125000000000e+03
9.734093750000000000e+03
9.388031250000000000e+03
9.260140625000000000e+03
9.192093750000000000e+03
8.742937500000000000e+03
8.441031250000000000e+03
7.981250000000000000e+03
7.258187500000000000e+03
6.532109375000000000e+03
5.681390625000000000e+03
4.857328125000000000e+03
3.961406250000000000e+03
3.177703125000000000e+03
2.482031250000000000e+03
1.874921875000000000e+03
1.215718750000000000e+03
9.815937500000000000e+02
6.499375000000000000e+02
4.043593750000000000e+02
2.675625000000000000e+02
1.534687500000000000e+02
8.000000000000000000e+01
4.628125000000000000e+01
1.925000000000000000e+01
5.750000000000000000e+00
9.687500000000000000e-01
0.000000000000000000e+00
0.000000000000000000e+00
0.000000000000000000e+00
0.000000000000000000e+00
