7.767645619240854948e-01
8.151122165639923534e-01
8.553530350896703105e-01
8.975804800487522384e-01
9.418926280890425051e-01
9.883923977494440960e-01
1.037187788496569008e+00
1.088392131562212262e+00
1.142124353164282180e+00
1.198509250722535224e+00
1.257677782710652448e+00
1.319767372817860940e+00
1.384922229126538173e+00
1.453293679047118703e+00
1.525040520788213838e+00
1.600329392178262422e+00
1.679335157695332370e+00
1.762241314603978370e+00
1.849240419142443859e+00
1.940534533750058355e+00
2.036335696373556825e+00
2.136866412942316273e+00
2.242360174156331265e+00
2.353061997787198489e+00
2.469228997751663268e+00
2.591130981279431200e+00
2.719051075562231023e+00
2.853286385339555586e+00
2.994148682948393425e+00
3.141965132439633379e+00
3.297079049442967591e+00
3.459850698545141601e+00
3.630658130033520781e+00
3.809898057948386096e+00
3.997986781483297669e+00
4.195361151873559180e+00
4.402479587018457430e+00
4.619823136193815571e+00
4.847896597327752133e+00
5.087229689434588309e+00
5.338378282930005270e+00
5.601925690684924852e+00
5.878484022816715893e+00
6.168695608364327398e+00
6.473234487149304606e+00
6.792807975287651345e+00
7.128158307988583076e+00
7.480064363455674048e+00
7.849343471894333568e+00
8.236853313827142031e+00
8.643493912126070100e+00
9.070209722388204554e+00
9.517991826510071363e+00
9.987880234555309045e+00
1.048096630026193488e+01
1.099839525579946375e+01
1.154136887166301229e+01
1.211114824788223565e+01
1.270905674302788491e+01
1.333648304781886118e+01
1.399488441046845111e+01
1.468579002126086053e+01
1.541080456421903833e+01
1.617161194411277592e+01
1.696997919746339178e+01
1.780776059662862210e+01
1.868690195649976715e+01
1.960944515381376263e+01
2.057753286957664329e+01
2.159341356561305147e+01
2.265944670680021744e+01
2.377810824111551469e+01
2.495199635022537876e+01
2.618383748397186395e+01
2.747649269277235007e+01
2.883296427264000172e+01
3.025640273825839799e+01
3.175011414030618795e+01
3.331756774402642662e+01
3.496240408687504697e+01
3.668844343396279584e+01
3.849969465092917886e+01
4.040036451485634217e+01
4.239486748484825540e+01
4.448783595496811216e+01
4.668413101334729731e+01
4.898885373245476416e+01
5.140735701674940117e+01
5.394525803523247021e+01
5.660845126777584824e+01
5.940312219552707518e+01
6.233576166718835054e+01
6.541318097453633129e+01
6.864252767219680607e+01
7.203130217841702176e+01
7.558737519539208449e+01
7.931900598960592674e+01
8.323486157464402879e+01
8.734403684103168075e+01
9.165607567985109938e+01
