1.257142867888417503e-01
1.322238396913120451e-01
1.390704607192312092e-01
1.462716034401324028e-01
1.538456251765958627e-01
1.618118338031682424e-01
1.701905369664505896e-01
1.790030938538294536e-01
1.882719696428203637e-01
1.980207927698271198e-01
2.082744151643082797e-01
2.190589756019009626e-01
2.304019663380031113e-01
2.423323031916782833e-01
2.548803992585424449e-01
2.680782424405433462e-01
2.819594769902736275e-01
2.965594892776912128e-01
3.119154979978874254e-01
3.280666490498602150e-01
3.450541153281620477e-01
3.629212016818120223e-01
3.817134553080365200e-01
4.014787818622570503e-01
4.222675675803147510e-01
4.441328077242494010e-01
4.671302416790692469e-01
4.913184950449032695e-01
5.167592290867620841e-01
5.435172979228857226e-01
5.716609138523900402e-01
6.012618212436646736e-01
6.323954794268065172e-01
6.651412550563210457e-01
6.995826244344662825e-01
7.358073863110086155e-01
7.739078857018625301e-01
8.139812492971795210e-01
8.561296330589934778e-01
9.004604826396047645e-01
9.470868072845668451e-01
9.961274679185162517e-01
1.047707480148239112e+00
1.101958332955401021e+00
1.159018323891354285e+00
1.219032911628512572e+00
1.282155086767022834e+00
1.348545761842006474e+00
1.418374181525581923e+00
1.491818354069367913e+00
1.569065505087311241e+00
1.650312554835627443e+00
1.735766620206556476e+00
1.825645542715621072e+00
1.920178443828346682e+00
2.019606309042096814e+00
2.124182602211976523e+00
2.234173911686860858e+00
2.349860629902688736e+00
2.471537668165465718e+00
2.599515208446107284e+00
2.734119494103622205e+00
2.875693661552365388e+00
3.024598614993465606e+00
3.181213946440311968e+00
3.345938903383451457e+00
3.519193406561694992e+00
3.701419120433948606e+00
3.893080579080655301e+00
4.094666370405006361e+00
4.306690381652732214e+00
4.529693109425569020e+00
4.764243037527917224e+00
5.010938086159146820e+00
5.270407136145845328e+00
5.543311632099629627e+00
5.830347268587320997e+00
6.132245763611921419e+00
6.449776723925368493e+00
6.783749606928194176e+00
7.135015784157386243e+00
7.504470711622762025e+00
7.893056212524503401e+00
8.301762878171039972e+00
8.731632593217737437e+00
9.183761191663794676e+00
9.659301250378069525e+00
1.015946502727517853e+01
1.068552755163191215e+01
1.123882987442189041e+01
1.182078248695428258e+01
1.243286891653145609e+01
1.307664950829171957e+01
1.375376540287787464e+01
1.446594272007159176e+01
1.521499695905860428e+01
1.600283762654196451e+01
1.683147310450151224e+01
1.770301577000850912e+01
1.861968738014697422e+01
