6.115000000000000000e+02
1.944484375000000000e+03
3.118406250000000000e+03
4.185687500000000000e+03
4.830296875000000000e+03
5.623578125000000000e+03
6.132078125000000000e+03
6.655656250000000000e+03
6.962484375000000000e+03
7.422187500000000000e+03
7.584296875000000000e+03
8.107359375000000000e+03
8.016984375000000000e+03
8.504375000000000000e+03
8.888109375000000000e+03
9.087265625000000000e+03
9.066406250000000000e+03
9.312296875000000000e+03
9.661421875000000000e+03
9.620218750000000000e+03
9.425546875000000000e+03
9.551187500000000000e+03
9.432921875000000000e+03
9.307718750000000000e+03
8.982671875000000000e+03
8.527890625000000000e+03
7.921703125000000000e+03
7.271578125000000000e+03
6.592015625000000000e+03
5.679546875000000000e+03
4.992234375000000000e+03
4.103734375000000000e+03
3.307187500000000000e+03
2.469281250000000000e+03
1.772765625000000000e+03
1.298078125000000000e+03
9.059218750000000000e+02
6.657968750000000000e+02
4.433750000000000000e+02
2.849687500000000000e+02
1.429687500000000000e+02
7.775000000000000000e+01
3.792187500000000000e+01
1.890625000000000000e+01
1.906250000000000000e+00
1.890625000000000000e+00
0.000000000000000000e+00
0.000000000000000000e+00
0.000000000000000000e+00
0.000000000000000000e+00
