4.064152308215700060e+00
6.234668696089632256e+00
8.325750130431190499e+00
1.141081886235054554e+01
1.364616332298203183e+01
1.372369643171984421e+01
1.501652735321985155e+01
1.478174549909448210e+01
1.570205220216055153e+01
1.701091102057735327e+01
1.688419165178999748e+01
1.902783092234569295e+01
1.750934460331111353e+01
1.782159855344070820e+01
1.842175572480470791e+01
2.001771066416874234e+01
1.949804051653332237e+01
1.954099756761409523e+01
1.982367956471187043e+01
2.081425949769772643e+01
2.601144861372343797e+01
1.871595215943808199e+01
1.767366397885565732e+01
2.329837352658710969e+01
1.836880741739920353e+01
1.863789402668659889e+01
1.722347796931197550e+01
1.733941387237469556e+01
1.705579509974175778e+01
1.545504443337190814e+01
1.703279809477879070e+01
1.208753070058148893e+01
1.300720015450577272e+01
1.252025702361976300e+01
8.679571471996759158e+00
6.005673587065400554e+00
4.658425456565232992e+00
4.394571180374144070e+00
3.910091860733581282e+00
2.732856721340326533e+00
2.468354398683462847e+00
1.840237650243848222e+00
9.508168774138372470e-01
8.454843286542926828e-01
3.630921887069453180e-01
1.739926363384381724e-01
0.000000000000000000e+00
0.000000000000000000e+00
0.000000000000000000e+00
0.000000000000000000e+00
