6.482968750000000000e+02
1.978812500000000000e+03
3.272031250000000000e+03
4.194843750000000000e+03
5.121156250000000000e+03
5.790921875000000000e+03
6.369921875000000000e+03
6.829250000000000000e+03
7.149718750000000000e+03
7.516109375000000000e+03
7.991953125000000000e+03
8.205218750000000000e+03
8.469734375000000000e+03
8.739609375000000000e+03
9.184234375000000000e+03
9.488093750000000000e+03
9.413765625000000000e+03
9.818984375000000000e+03
9.695609375000000000e+03
9.804812500000000000e+03
9.876718750000000000e+03
9.829343750000000000e+03
9.625312500000000000e+03
9.264343750000000000e+03
9.137234375000000000e+03
8.604312500000000000e+03
8.288125000000000000e+03
7.404843750000000000e+03
6.764171875000000000e+03
5.977015625000000000e+03
5.037125000000000000e+03
4.178562500000000000e+03
3.351843750000000000e+03
2.618921875000000000e+03
1.866171875000000000e+03
1.289281250000000000e+03
9.131875000000000000e+02
6.739531250000000000e+02
4.530468750000000000e+02
2.584375000000000000e+02
1.388593750000000000e+02
8.078125000000000000e+01
4.453125000000000000e+01
1.801562500000000000e+01
4.703125000000000000e+00
0.000000000000000000e+00
0.000000000000000000e+00
0.000000000000000000e+00
0.000000000000000000e+00
0.000000000000000000e+00
