0.000000000000000000e+00
1.000000000000000000e+00
0.000000000000000000e+00
0.000000000000000000e+00
0.000000000000000000e+00
0.000000000000000000e+00
0.000000000000000000e+00
0.000000000000000000e+00
0.000000000000000000e+00
0.000000000000000000e+00
0.000000000000000000e+00
0.000000000000000000e+00
0.000000000000000000e+00
6.000000000000000000e+00
1.900000000000000000e+01
5.900000000000000000e+01
9.000000000000000000e+01
1.510000000000000000e+02
2.810000000000000000e+02
3.820000000000000000e+02
5.450000000000000000e+02
7.140000000000000000e+02
9.260000000000000000e+02
1.208000000000000000e+03
1.541000000000000000e+03
1.753000000000000000e+03
2.129000000000000000e+03
2.511000000000000000e+03
2.813000000000000000e+03
3.240000000000000000e+03
3.613000000000000000e+03
4.092000000000000000e+03
4.539000000000000000e+03
5.115000000000000000e+03
5.651000000000000000e+03
6.180000000000000000e+03
6.884000000000000000e+03
7.345000000000000000e+03
8.092000000000000000e+03
8.695000000000000000e+03
9.585000000000000000e+03
1.045300000000000000e+04
1.125800000000000000e+04
1.236500000000000000e+04
1.303800000000000000e+04
1.425800000000000000e+04
1.501100000000000000e+04
1.623100000000000000e+04
1.719900000000000000e+04
1.860400000000000000e+04
1.957600000000000000e+04
2.057300000000000000e+04
2.208300000000000000e+04
2.296100000000000000e+04
2.460400000000000000e+04
2.582200000000000000e+04
2.701600000000000000e+04
2.854000000000000000e+04
2.954800000000000000e+04
3.096300000000000000e+04
3.170100000000000000e+04
3.322500000000000000e+04
3.421700000000000000e+04
3.463300000000000000e+04
3.544300000000000000e+04
3.613600000000000000e+04
3.602500000000000000e+04
3.579400000000000000e+04
3.561100000000000000e+04
3.493600000000000000e+04
3.394900000000000000e+04
3.212500000000000000e+04
3.038600000000000000e+04
2.779600000000000000e+04
2.466500000000000000e+04
2.162300000000000000e+04
1.903100000000000000e+04
1.600400000000000000e+04
1.334400000000000000e+04
1.085200000000000000e+04
8.865000000000000000e+03
7.037000000000000000e+03
5.462000000000000000e+03
4.263000000000000000e+03
3.164000000000000000e+03
2.322000000000000000e+03
1.555000000000000000e+03
1.109000000000000000e+03
7.650000000000000000e+02
5.400000000000000000e+02
3.320000000000000000e+02
2.060000000000000000e+02
1.220000000000000000e+02
6.700000000000000000e+01
3.600000000000000000e+01
2.400000000000000000e+01
8.000000000000000000e+00
4.000000000000000000e+00
1.000000000000000000e+00
1.000000000000000000e+00
