0.000000000000000000e+00
2.420614591379635638e-01
2.480391854123053796e-01
3.476343040826092023e-01
3.121091305537215255e-01
5.226790213649290529e-01
5.829611908180509783e-01
6.817945071647321109e-01
7.849910429425294156e-01
8.703840298253409102e-01
1.047574393241358370e+00
1.205456345124119366e+00
1.431969660773230180e+00
1.143937826107695344e+00
1.498697351035224834e+00
1.956309903236192360e+00
2.426608277900452748e+00
2.060605190229316985e+00
2.564595180043041545e+00
3.165017217074024281e+00
3.244586838104352555e+00
4.294090006552610639e+00
3.657051194268409411e+00
4.765163912120442546e+00
4.056245184896988043e+00
4.442228994266279152e+00
5.270398429850915889e+00
5.420569006974728765e+00
7.944617256946680861e+00
7.166392239779720619e+00
7.898217263249979858e+00
8.015061505534440300e+00
8.088801576098896717e+00
1.181207629861808073e+01
9.590390291197746109e+00
1.153916564358099528e+01
1.405102830700924166e+01
1.389156528032388493e+01
1.505101189237371528e+01
1.397562575466211499e+01
1.652740976189251398e+01
1.567111164641407939e+01
1.848980266888684199e+01
1.626585764723151684e+01
1.710442993605749962e+01
1.865046497409649007e+01
1.795958325962423174e+01
2.147454888932477601e+01
1.907022768569832749e+01
1.884097072165802800e+01
2.061173816057248587e+01
2.004642439088265604e+01
1.809862709529026503e+01
1.581802645520293638e+01
1.575220098708431316e+01
1.639388671073382042e+01
1.668071022918388735e+01
1.345521180098533343e+01
1.318912904630172989e+01
1.581728559005937740e+01
1.335479636450889451e+01
1.376121701558404986e+01
1.422708375280665116e+01
1.074109369431251082e+01
1.133561175014387956e+01
1.004685069981509216e+01
8.589544425491959956e+00
9.716275307924071569e+00
8.626301985062893252e+00
8.378206009492723538e+00
7.489038213240402087e+00
8.358601015570727100e+00
6.414628667156033970e+00
6.127530567804210904e+00
4.421074353310515903e+00
4.746477929409869567e+00
4.583188326304625804e+00
3.038811445285804602e+00
3.460681776669880527e+00
3.020397777507955794e+00
3.101788798419389703e+00
2.090190537815871163e+00
2.697655231863404612e+00
1.530213297019405783e+00
1.545848775753954518e+00
1.258952317405230392e+00
1.116285693718234384e+00
8.703840298253409102e-01
7.953416620390257874e-01
5.994789404140898892e-01
4.898879814559650714e-01
4.757292921136977992e-01
4.831132760543845883e-01
2.420614591379635638e-01
2.420614591379635638e-01
0.000000000000000000e+00
0.000000000000000000e+00
0.000000000000000000e+00
2.914805954090254891e-01
0.000000000000000000e+00
