2.016795708122315345e-01
2.113835466241332783e-01
2.215544370877210179e-01
2.322147081794341816e-01
2.433879068443551563e-01
2.550987130078903875e-01
2.673729940900360647e-01
2.802378621426415140e-01
2.937217337358783431e-01
3.078543927261955804e-01
3.226670560444057090e-01
3.381924426492177727e-01
3.544648457985254408e-01
3.715202087980869483e-01
3.893962043949135143e-01
4.081323179907354604e-01
4.277699348593513307e-01
4.483524315605104116e-01
4.699252717522481304e-01
4.925361066133098764e-01
5.162348800974805307e-01
5.410739392523115088e-01
5.671081498459230597e-01
5.943950175572828565e-01
6.229948149976538563e-01
6.529707148437814412e-01
6.843889293768914417e-01
7.173188567357209333e-01
7.518332342066309515e-01
7.880082988893971629e-01
8.259239560935663915e-01
8.656639558373385723e-01
9.073160778388359438e-01
9.509723254083772837e-01
9.967291286700350472e-01
1.044687557561362778e+00
1.094953545081777335e+00
1.147638121282716250e+00
1.202857658516422124e+00
1.260734128485071048e+00
1.321395371658026896e+00
1.384975379652325644e+00
1.451614591200124593e+00
1.521460202356866409e+00
1.594666491635357675e+00
1.671395160783939682e+00
1.751815691961474908e+00
1.836105722098097193e+00
1.924451435268633714e+00
2.017047973945389927e+00
2.114099870038697038e+00
2.215821496677323310e+00
2.322437541726664278e+00
2.434183504090648320e+00
2.551306213893605346e+00
2.674064377691109495e+00
2.802729149914082729e+00
2.937584731808392746e+00
3.078928999192918958e+00
3.227074160422699123e+00
3.382347446010510961e+00
3.545091831430152052e+00
3.715666794697984887e+00
3.894449110406130732e+00
4.081833681961215099e+00
4.278234413866953467e+00
4.484085125977317787e+00
4.699840511739737714e+00
4.925977142544945231e+00
5.162994520401928966e+00
5.411416181263193792e+00
5.671790851437407355e+00
5.944693659643782269e+00
6.230727407385428407e+00
6.530523900447751551e+00
6.844745344462981329e+00
7.174085807623405309e+00
7.519272753774239426e+00
7.881068649272504167e+00
8.260272647161214010e+00
8.657722352378975472e+00
9.074295671904064164e+00
9.510912753919697593e+00
9.968538020283796541e+00
1.044818229679268917e+01
1.095090504594417169e+01
1.147781670713177071e+01
1.203008114943934714e+01
1.260891824245390680e+01
1.321560655077511015e+01
1.385148615817337259e+01
1.451796162763452713e+01
1.521650510382948340e+01
1.594865956486171399e+01
1.671604223047519611e+01
1.752034813425105497e+01
1.836335386768332256e+01
1.924692150440393590e+01
2.017300271322501359e+01
2.114364306908346336e+01
