2.311663285669307566e-01
2.415556305315592622e-01
2.524118586094386552e-01
2.637559978480704115e-01
2.756099764253705509e-01
2.879967080367534238e-01
3.009401361872180991e-01
3.144652804740522001e-01
3.285982849496178471e-01
3.433664686577057035e-01
3.587983784411418742e-01
3.749238441227270013e-01
3.917740361661695148e-01
4.093815259284734887e-01
4.277803486202473859e-01
4.470060690956366156e-01
4.670958505990511211e-01
4.880885266015749235e-01
5.100246758659180424e-01
5.329467008850099496e-01
5.568989098458567710e-01
5.819276022770982770e-01
6.080811585458198998e-01
6.354101333766180026e-01
6.639673535736900778e-01
6.938080201348456599e-01
7.249898149548250625e-01
7.575730123241816161e-01
7.916205954392558919e-01
8.271983781484543163e-01
8.643751321701672596e-01
9.032227200282381130e-01
9.438162339619489138e-01
9.862341410790318452e-01
1.030558435032289832e+00
1.076874794513015265e+00
1.125272748867572892e+00
1.175845851157286015e+00
1.228691858996146635e+00
1.283912923515911908e+00
1.341615786823851186e+00
1.401911988334833437e+00
1.464918080376591547e+00
1.530755853484926154e+00
1.599552571824348624e+00
1.671441219189225169e+00
1.746560756060945074e+00
1.825056388218001313e+00
1.907079847418207574e+00
1.992789684695606800e+00
2.082351576839016616e+00
2.175938646644630658e+00
2.273731797561723056e+00
2.375920063378329061e+00
2.482700973622832485e+00
2.594280935387794251e+00
2.710875632314076800e+00
2.832710441506496313e+00
2.960020869186910097e+00
3.093053005926846399e+00
3.232064002339638087e+00
3.377322566151581551e+00
3.529109481612946464e+00
3.687718152252860371e+00
3.853455168027213773e+00
4.026640897955876319e+00
4.207610109394790854e+00
4.396712615139995783e+00
4.594313949614429404e+00
4.800796075444572431e+00
5.016558121792754399e+00
5.242017155872296996e+00
5.477608989136855122e+00
5.723789019702288705e+00
5.981033112629494219e+00
6.249838519769741474e+00
6.530724840950616894e+00
6.824235028360508437e+00
7.130936436073113782e+00
7.451421916740705420e+00
7.786310967576047126e+00
8.136250927838142744e+00
8.501918230136560339e+00
8.884019707973088487e+00
9.283293962048198011e+00
9.700512787973385898e+00
1.013648266814915111e+01
1.059204633069238888e+01
1.106808437842665072e+01
1.156551699108402786e+01
1.208530570400907500e+01
1.262845526680296615e+01
1.319601558550064269e+01
1.378908375203518055e+01
1.440880616491230981e+01
1.505638074519436920e+01
1.573305925207713862e+01
1.644014970253560648e+01
1.717901889971579621e+01
1.795109507496001910e+01
