0.000000000000000000e+00
9.843750000000000000e-01
9.687500000000000000e-01
9.843750000000000000e-01
1.953125000000000000e+00
4.906250000000000000e+00
7.812500000000000000e+00
1.667187500000000000e+01
1.175000000000000000e+01
1.560937500000000000e+01
2.339062500000000000e+01
2.839062500000000000e+01
3.528125000000000000e+01
3.817187500000000000e+01
7.345312500000000000e+01
8.428125000000000000e+01
1.134531250000000000e+02
1.262812500000000000e+02
1.692656250000000000e+02
1.976406250000000000e+02
2.641718750000000000e+02
2.946562500000000000e+02
3.435156250000000000e+02
4.882031250000000000e+02
5.498125000000000000e+02
6.830000000000000000e+02
7.582500000000000000e+02
9.192500000000000000e+02
1.075156250000000000e+03
1.330140625000000000e+03
1.431843750000000000e+03
1.733921875000000000e+03
1.978390625000000000e+03
2.251265625000000000e+03
2.600031250000000000e+03
2.991125000000000000e+03
3.339390625000000000e+03
3.845984375000000000e+03
4.141296875000000000e+03
4.525875000000000000e+03
5.046781250000000000e+03
5.479328125000000000e+03
6.026984375000000000e+03
6.301343750000000000e+03
6.868890625000000000e+03
7.293187500000000000e+03
7.660640625000000000e+03
7.989546875000000000e+03
8.280250000000000000e+03
8.491421875000000000e+03
8.650171875000000000e+03
8.651500000000000000e+03
8.715062500000000000e+03
8.648562500000000000e+03
8.291796875000000000e+03
7.945265625000000000e+03
7.824625000000000000e+03
7.548375000000000000e+03
7.187781250000000000e+03
6.810859375000000000e+03
6.375578125000000000e+03
6.035437500000000000e+03
5.578218750000000000e+03
5.177468750000000000e+03
4.840796875000000000e+03
4.297687500000000000e+03
3.952890625000000000e+03
3.398890625000000000e+03
3.089000000000000000e+03
2.750859375000000000e+03
2.439718750000000000e+03
2.142328125000000000e+03
1.818500000000000000e+03
1.486843750000000000e+03
1.285093750000000000e+03
1.139453125000000000e+03
8.962343750000000000e+02
7.542500000000000000e+02
6.354687500000000000e+02
4.809843750000000000e+02
3.749062500000000000e+02
3.034218750000000000e+02
2.385937500000000000e+02
1.548750000000000000e+02
1.356093750000000000e+02
9.909375000000000000e+01
6.335937500000000000e+01
5.559375000000000000e+01
2.982812500000000000e+01
2.976562500000000000e+01
2.209375000000000000e+01
1.146875000000000000e+01
1.251562500000000000e+01
3.812500000000000000e+00
2.906250000000000000e+00
9.687500000000000000e-01
9.375000000000000000e-01
0.000000000000000000e+00
0.000000000000000000e+00
9.687500000000000000e-01
