0.000000000000000000e+00
9.843750000000000000e-01
9.843750000000000000e-01
1.968750000000000000e+00
1.968750000000000000e+00
5.890625000000000000e+00
1.073437500000000000e+01
1.368750000000000000e+01
1.667187500000000000e+01
2.439062500000000000e+01
3.915625000000000000e+01
5.090625000000000000e+01
7.242187500000000000e+01
7.831250000000000000e+01
1.165625000000000000e+02
1.095625000000000000e+02
1.448593750000000000e+02
1.780625000000000000e+02
2.357031250000000000e+02
2.887968750000000000e+02
3.305312500000000000e+02
3.707187500000000000e+02
4.510937500000000000e+02
5.208125000000000000e+02
6.412656250000000000e+02
7.650156250000000000e+02
8.948750000000000000e+02
1.048343750000000000e+03
1.175859375000000000e+03
1.432781250000000000e+03
1.666375000000000000e+03
1.866734375000000000e+03
2.106765625000000000e+03
2.429281250000000000e+03
2.641296875000000000e+03
3.067718750000000000e+03
3.413000000000000000e+03
3.807921875000000000e+03
4.214468750000000000e+03
4.568734375000000000e+03
5.152609375000000000e+03
5.475093750000000000e+03
6.013359375000000000e+03
6.350125000000000000e+03
6.850484375000000000e+03
7.243921875000000000e+03
7.358656250000000000e+03
7.588484375000000000e+03
7.898515625000000000e+03
8.197593750000000000e+03
8.280609375000000000e+03
8.333718750000000000e+03
8.217218750000000000e+03
8.334406250000000000e+03
8.136140625000000000e+03
8.091421875000000000e+03
7.785312500000000000e+03
7.501937500000000000e+03
6.951187500000000000e+03
6.851953125000000000e+03
6.629765625000000000e+03
5.987609375000000000e+03
5.569421875000000000e+03
5.379578125000000000e+03
4.735937500000000000e+03
4.438421875000000000e+03
3.971593750000000000e+03
3.766343750000000000e+03
3.278750000000000000e+03
3.011437500000000000e+03
2.644296875000000000e+03
2.296546875000000000e+03
2.057578125000000000e+03
1.742921875000000000e+03
1.522906250000000000e+03
1.323781250000000000e+03
1.071031250000000000e+03
9.394375000000000000e+02
7.449062500000000000e+02
5.707187500000000000e+02
5.191562500000000000e+02
4.303750000000000000e+02
3.009531250000000000e+02
2.750312500000000000e+02
2.020781250000000000e+02
1.538593750000000000e+02
1.249687500000000000e+02
9.423437500000000000e+01
6.051562500000000000e+01
4.040625000000000000e+01
4.700000000000000000e+01
2.782812500000000000e+01
1.057812500000000000e+01
7.593750000000000000e+00
2.906250000000000000e+00
5.750000000000000000e+00
7.640625000000000000e+00
0.000000000000000000e+00
9.687500000000000000e-01
0.000000000000000000e+00
