0.000000000000000000e+00
4.906250000000000000e+00
5.890625000000000000e+00
5.875000000000000000e+00
7.812500000000000000e+00
1.270312500000000000e+01
1.670312500000000000e+01
2.150000000000000000e+01
2.542187500000000000e+01
3.523437500000000000e+01
5.289062500000000000e+01
6.648437500000000000e+01
8.129687500000000000e+01
1.194687500000000000e+02
1.498125000000000000e+02
1.556718750000000000e+02
2.029218750000000000e+02
2.447968750000000000e+02
2.934218750000000000e+02
3.688125000000000000e+02
4.446718750000000000e+02
5.471250000000000000e+02
6.320625000000000000e+02
7.496250000000000000e+02
9.110937500000000000e+02
1.007578125000000000e+03
1.236359375000000000e+03
1.450562500000000000e+03
1.655546875000000000e+03
1.906937500000000000e+03
2.189156250000000000e+03
2.498671875000000000e+03
2.751421875000000000e+03
3.158921875000000000e+03
3.595015625000000000e+03
4.003750000000000000e+03
4.453765625000000000e+03
4.903328125000000000e+03
5.296609375000000000e+03
5.838687500000000000e+03
6.319750000000000000e+03
6.705609375000000000e+03
7.124265625000000000e+03
7.678859375000000000e+03
7.974953125000000000e+03
8.567984375000000000e+03
8.752593750000000000e+03
8.641718750000000000e+03
8.939578125000000000e+03
9.069703125000000000e+03
8.991375000000000000e+03
8.957734375000000000e+03
8.721234375000000000e+03
8.557656250000000000e+03
8.277078125000000000e+03
8.077375000000000000e+03
7.766265625000000000e+03
7.174156250000000000e+03
6.916343750000000000e+03
6.392562500000000000e+03
6.081921875000000000e+03
5.707031250000000000e+03
5.120531250000000000e+03
4.773468750000000000e+03
4.340171875000000000e+03
3.952156250000000000e+03
3.395109375000000000e+03
3.032953125000000000e+03
2.856921875000000000e+03
2.490203125000000000e+03
2.147484375000000000e+03
1.814218750000000000e+03
1.546359375000000000e+03
1.295828125000000000e+03
1.142265625000000000e+03
8.845625000000000000e+02
7.853593750000000000e+02
5.893906250000000000e+02
5.218906250000000000e+02
3.912656250000000000e+02
3.134062500000000000e+02
2.435468750000000000e+02
1.961406250000000000e+02
1.441875000000000000e+02
1.132187500000000000e+02
7.854687500000000000e+01
6.135937500000000000e+01
3.443750000000000000e+01
3.359375000000000000e+01
1.720312500000000000e+01
1.807812500000000000e+01
6.671875000000000000e+00
6.718750000000000000e+00
0.000000000000000000e+00
9.531250000000000000e-01
1.921875000000000000e+00
9.375000000000000000e-01
9.531250000000000000e-01
9.375000000000000000e-01
0.000000000000000000e+00
