3.122498999199199154e+00
6.668489334174569905e+00
8.150381030203433852e+00
1.133302695664313653e+01
1.039413709441529399e+01
1.444263977775531238e+01
1.119705423035451730e+01
1.225995091688278293e+01
1.533072098302539032e+01
1.478091965804225616e+01
1.671678580751619947e+01
1.789659425526264869e+01
2.024884255951435819e+01
2.240605386943448352e+01
1.758994741322440802e+01
1.901972018351939298e+01
2.138258271935361776e+01
2.184209578857990408e+01
2.349592717366139638e+01
2.126945341181808402e+01
1.882624471939040234e+01
2.368337694987773645e+01
2.240609200606779083e+01
2.088414376835928721e+01
1.891313794983198804e+01
1.668386401165434307e+01
1.967121722490438529e+01
2.046595281459856608e+01
1.739734820624611800e+01
1.565371580038985577e+01
1.623339746816343521e+01
1.062238019172256820e+01
1.043052723679392990e+01
7.890795171432344546e+00
8.758032027801679220e+00
6.718949851678831742e+00
6.109674704924968225e+00
4.330549862243246118e+00
3.720161234325066069e+00
2.865089917328075941e+00
2.460974702099759437e+00
2.000427200468689826e+00
1.142977027054787209e+00
7.473912964438373940e-01
4.496092053105674724e-01
0.000000000000000000e+00
0.000000000000000000e+00
0.000000000000000000e+00
0.000000000000000000e+00
0.000000000000000000e+00
