6.830000000000000000e+02
1.990000000000000000e+03
3.382000000000000000e+03
4.449000000000000000e+03
5.346000000000000000e+03
6.017000000000000000e+03
6.555000000000000000e+03
7.060000000000000000e+03
7.544000000000000000e+03
7.924000000000000000e+03
8.313000000000000000e+03
8.613000000000000000e+03
8.712000000000000000e+03
9.201000000000000000e+03
9.657000000000000000e+03
9.725000000000000000e+03
9.875000000000000000e+03
1.016500000000000000e+04
1.036100000000000000e+04
1.028300000000000000e+04
1.036000000000000000e+04
1.029400000000000000e+04
1.018500000000000000e+04
9.906000000000000000e+03
9.780000000000000000e+03
9.142000000000000000e+03
8.611000000000000000e+03
7.879000000000000000e+03
7.230000000000000000e+03
6.057000000000000000e+03
5.385000000000000000e+03
4.476000000000000000e+03
3.543000000000000000e+03
2.721000000000000000e+03
1.995000000000000000e+03
1.320000000000000000e+03
1.006000000000000000e+03
7.150000000000000000e+02
4.980000000000000000e+02
3.230000000000000000e+02
1.530000000000000000e+02
8.900000000000000000e+01
4.300000000000000000e+01
1.800000000000000000e+01
3.000000000000000000e+00
1.000000000000000000e+00
0.000000000000000000e+00
0.000000000000000000e+00
0.000000000000000000e+00
0.000000000000000000e+00
