3.515277760629307746e+00
6.584913361949038979e+00
9.000379766293198358e+00
1.114848951021505030e+01
1.229542558166959054e+01
1.311037131196138183e+01
1.244597701066493300e+01
1.706323687740327344e+01
1.533938169742753921e+01
1.967072077630545124e+01
1.494357061529723474e+01
1.719099396304646632e+01
1.664524583730666762e+01
1.858962007705845920e+01
1.755168149886215190e+01
2.004130865822826024e+01
1.975860176606634155e+01
2.178748117469066159e+01
2.290780072342989016e+01
2.146571917288994413e+01
2.184255965104307506e+01
2.498560132231161646e+01
2.211320638180666620e+01
2.137278405911359158e+01
2.529295155646133608e+01
2.028704534880264276e+01
1.737656664474818058e+01
1.764305369685191494e+01
2.055964432108140727e+01
1.483574619742380918e+01
1.466950360228661587e+01
1.189730635217484789e+01
1.031021518249619184e+01
1.121051011816032350e+01
7.315954712775018187e+00
9.011805950217469885e+00
5.373182832362956241e+00
5.711487875326358044e+00
4.101941946733887789e+00
3.278384165160483477e+00
2.200630236432281617e+00
1.586072192556190030e+00
1.141266942645321691e+00
9.717694878416383020e-01
4.635124054434789365e-01
1.739926363384381724e-01
1.739926363384381724e-01
0.000000000000000000e+00
0.000000000000000000e+00
0.000000000000000000e+00
