0.000000000000000000e+00
1.000000000000000000e+00
0.000000000000000000e+00
1.000000000000000000e+00
1.100000000000000000e+01
2.100000000000000000e+01
5.000000000000000000e+01
7.500000000000000000e+01
1.310000000000000000e+02
2.420000000000000000e+02
3.730000000000000000e+02
4.570000000000000000e+02
6.180000000000000000e+02
7.540000000000000000e+02
1.027000000000000000e+03
1.096000000000000000e+03
1.353000000000000000e+03
1.623000000000000000e+03
1.876000000000000000e+03
2.118000000000000000e+03
2.372000000000000000e+03
2.574000000000000000e+03
2.934000000000000000e+03
3.148000000000000000e+03
3.508000000000000000e+03
3.927000000000000000e+03
4.210000000000000000e+03
4.570000000000000000e+03
4.979000000000000000e+03
5.489000000000000000e+03
5.949000000000000000e+03
6.316000000000000000e+03
6.905000000000000000e+03
7.464000000000000000e+03
7.968000000000000000e+03
8.335000000000000000e+03
9.126000000000000000e+03
9.943000000000000000e+03
1.042000000000000000e+04
1.103000000000000000e+04
1.179500000000000000e+04
1.278700000000000000e+04
1.337300000000000000e+04
1.411600000000000000e+04
1.514300000000000000e+04
1.570800000000000000e+04
1.697000000000000000e+04
1.762100000000000000e+04
1.850600000000000000e+04
1.938100000000000000e+04
2.039500000000000000e+04
2.106600000000000000e+04
2.200900000000000000e+04
2.285400000000000000e+04
2.387100000000000000e+04
2.426500000000000000e+04
2.487300000000000000e+04
2.553500000000000000e+04
2.588000000000000000e+04
2.634900000000000000e+04
2.646600000000000000e+04
2.667100000000000000e+04
2.670800000000000000e+04
2.664000000000000000e+04
2.631600000000000000e+04
2.560900000000000000e+04
2.511300000000000000e+04
2.446100000000000000e+04
2.350600000000000000e+04
2.205100000000000000e+04
2.069200000000000000e+04
1.865200000000000000e+04
1.694000000000000000e+04
1.495700000000000000e+04
1.290900000000000000e+04
1.103100000000000000e+04
9.478000000000000000e+03
7.886000000000000000e+03
6.444000000000000000e+03
5.305000000000000000e+03
4.291000000000000000e+03
3.189000000000000000e+03
2.532000000000000000e+03
1.836000000000000000e+03
1.437000000000000000e+03
1.033000000000000000e+03
6.890000000000000000e+02
4.820000000000000000e+02
2.980000000000000000e+02
1.970000000000000000e+02
1.510000000000000000e+02
9.000000000000000000e+01
4.300000000000000000e+01
2.800000000000000000e+01
7.000000000000000000e+00
1.000000000000000000e+01
4.000000000000000000e+00
3.000000000000000000e+00
2.000000000000000000e+00
0.000000000000000000e+00
