0.000000000000000000e+00
1.240195927061526898e-01
0.000000000000000000e+00
0.000000000000000000e+00
0.000000000000000000e+00
0.000000000000000000e+00
0.000000000000000000e+00
0.000000000000000000e+00
0.000000000000000000e+00
0.000000000000000000e+00
1.739926363384381724e-01
2.683681880830885436e-01
3.630921887069453180e-01
8.267972847076845433e-01
1.247556204896196341e+00
1.617093143382594356e+00
1.815662650212037654e+00
2.494084798954317783e+00
2.760632853169722178e+00
3.344735544011663730e+00
3.337135689386183657e+00
4.139062205077377321e+00
4.472026770660032291e+00
4.554332372519049876e+00
5.717789366037804299e+00
6.917888242402806753e+00
6.704982260183467879e+00
8.026749711900826867e+00
9.401576912279130838e+00
8.577982694630188476e+00
9.520831908734393778e+00
9.762399467312070200e+00
1.169851377779993840e+01
1.158106617501169389e+01
1.087697539530176627e+01
1.410808583534633875e+01
1.327495255111576711e+01
1.491063876691739942e+01
1.753171651562889721e+01
1.524063973753644596e+01
1.591817915888544732e+01
1.896532609131728009e+01
1.989179714731677961e+01
1.830599287118838703e+01
2.063134372138664219e+01
2.049808846842492827e+01
2.504819085751254448e+01
2.572326813290838388e+01
2.807519461614424827e+01
2.677072795050593967e+01
2.975941536277846566e+01
3.073468876936937377e+01
3.297059754894313244e+01
3.235743596315033699e+01
3.736909116648912033e+01
3.735742427466728088e+01
3.629463510092607237e+01
3.480176843118033503e+01
4.084774272756696689e+01
4.326512278509532905e+01
3.880303515331468134e+01
3.955395839862300988e+01
3.656313768140495313e+01
3.522505419952359773e+01
3.621818377469389105e+01
3.906444995133043108e+01
3.573010468581606602e+01
3.960327862354801454e+01
3.457723182872654633e+01
3.380605515635290459e+01
3.268791825736230550e+01
2.835971074181425777e+01
2.299583861810653929e+01
2.320221483905146442e+01
1.946089202373249449e+01
2.058157715918230934e+01
1.859012569719473262e+01
1.302400690491889357e+01
1.195972040264215330e+01
1.459805711334131573e+01
1.108450318857367556e+01
1.082025327149854732e+01
1.067816432535925131e+01
7.527488687304684234e+00
7.121435511889439240e+00
6.498797965777979080e+00
4.808617549189683871e+00
4.110978774498233790e+00
4.290250575432628111e+00
2.550227854403406269e+00
2.049616484705126584e+00
1.479019945774904032e+00
1.641443248333612104e+00
9.662265521087691766e-01
5.994789404140898892e-01
4.394487847007885195e-01
2.914805954090254891e-01
2.113710821635731707e-01
1.739926363384381724e-01
0.000000000000000000e+00
