0.000000000000000000e+00
1.739926363384381724e-01
1.240195927061526898e-01
3.476343040826092023e-01
5.319388915796625650e-01
7.500000000000000000e-01
1.148091997348209103e+00
1.467086824288187819e+00
2.084107928917070307e+00
2.278840765471558782e+00
2.705923406967573275e+00
2.973187473066574160e+00
3.145208098739255220e+00
3.490500501360800367e+00
4.641834859123599166e+00
4.989735557872781335e+00
5.626041570233906164e+00
5.972593657700144831e+00
5.987107731148237910e+00
6.659238618969514079e+00
7.492688493416431506e+00
6.947891288684286515e+00
8.703391490534020392e+00
7.653570959852662448e+00
8.227463892924417266e+00
9.051596350057540263e+00
1.152201527240352164e+01
1.049883736122719391e+01
1.067410527573622936e+01
1.257111605961757839e+01
1.267005420025897067e+01
1.317016040145297495e+01
1.190456845080912629e+01
1.333331705728173233e+01
1.403118040071825234e+01
1.315290931457751711e+01
1.715513287574232137e+01
1.715596538926037695e+01
1.587496924209618676e+01
1.839486596172964639e+01
2.098676573313525040e+01
2.290315356799964874e+01
2.048708029428241773e+01
2.342290691522670443e+01
2.267729087621303563e+01
2.583594576844439672e+01
2.546364979608186374e+01
2.416123715498391178e+01
2.550757680786975357e+01
2.259251811994404591e+01
2.944452792301780164e+01
2.834534777056677868e+01
3.387652426805877326e+01
2.611744807116499345e+01
3.218378315918592847e+01
3.091592919086170710e+01
3.081901236959906143e+01
3.243719893887263339e+01
3.277208448488400450e+01
3.093061792140596822e+01
3.172630759716610882e+01
3.112634519557949986e+01
3.390253435862133102e+01
3.090193268000199112e+01
3.048033033136903214e+01
3.071388567793889379e+01
2.967420755049745296e+01
2.292276434027973053e+01
2.393152258920230224e+01
1.902126688078373107e+01
2.004033408489925705e+01
1.902442406322725077e+01
1.765439011221783971e+01
1.528823811331361426e+01
1.329969307681571955e+01
1.378401332839967885e+01
1.273466257344006003e+01
1.248435544429006505e+01
1.300236607073881778e+01
1.190931514023266580e+01
9.877175393299442163e+00
8.523390954272542785e+00
7.689643374980077439e+00
8.248209441107507089e+00
5.629316919873582847e+00
5.606131548358457728e+00
4.919840849496556423e+00
3.107293587271727553e+00
3.025889267533595550e+00
2.691856933419753517e+00
1.912132317597294406e+00
1.375000000000000000e+00
1.407204537149806090e+00
9.589982973785720066e-01
6.051536478449088818e-01
5.055840527301074250e-01
3.408972535823660555e-01
2.683681880830885436e-01
2.683681880830885436e-01
0.000000000000000000e+00
