3.624158037996549453e+00
6.670539239821620114e+00
9.617476259881019729e+00
1.123643930964676230e+01
1.323226259705799457e+01
1.225761083725127953e+01
1.245429142906171194e+01
1.401282894350744535e+01
1.575839929807275830e+01
1.566345268451371808e+01
1.800084090917699342e+01
1.414965181495202096e+01
1.725474770488908050e+01
2.017563868838790953e+01
1.918798350368010830e+01
1.740941258297863925e+01
2.016217814955455268e+01
1.977727546958882954e+01
2.259955730173436450e+01
1.456451166362950822e+01
2.128590142816073083e+01
2.063867326124368518e+01
2.129324643519630200e+01
2.099259890971994480e+01
1.701811420038953671e+01
1.779746487169942526e+01
1.667642861899318518e+01
1.937650573786137898e+01
2.109034115974359835e+01
1.343237547634445761e+01
1.337221605080380904e+01
1.238792530488358246e+01
9.762999647105136347e+00
1.083585582611613596e+01
8.923284148787374193e+00
5.168805735793810641e+00
5.146202331574225575e+00
4.360886834621485519e+00
3.339512501848136417e+00
2.516692320164505059e+00
1.727463707107909086e+00
1.772180859844728174e+00
1.060660171779821193e+00
7.576111201500410619e-01
3.121091305537215255e-01
2.113710821635731707e-01
0.000000000000000000e+00
0.000000000000000000e+00
0.000000000000000000e+00
0.000000000000000000e+00
