6.989687500000000000e+02
1.971078125000000000e+03
3.274812500000000000e+03
4.319734375000000000e+03
5.280281250000000000e+03
5.816875000000000000e+03
6.471921875000000000e+03
6.907546875000000000e+03
7.406187500000000000e+03
7.669906250000000000e+03
8.053343750000000000e+03
8.554765625000000000e+03
8.587328125000000000e+03
9.030203125000000000e+03
9.449343750000000000e+03
9.484687500000000000e+03
9.711640625000000000e+03
9.876843750000000000e+03
1.002248437500000000e+04
1.011728125000000000e+04
1.023985937500000000e+04
1.008128125000000000e+04
9.926875000000000000e+03
9.850046875000000000e+03
9.587000000000000000e+03
9.029890625000000000e+03
8.330734375000000000e+03
7.595453125000000000e+03
7.042234375000000000e+03
6.136640625000000000e+03
5.329671875000000000e+03
4.273578125000000000e+03
3.399687500000000000e+03
2.623546875000000000e+03
1.924046875000000000e+03
1.299578125000000000e+03
9.909843750000000000e+02
6.703125000000000000e+02
4.501093750000000000e+02
3.062968750000000000e+02
1.617031250000000000e+02
7.829687500000000000e+01
4.132812500000000000e+01
1.446875000000000000e+01
1.937500000000000000e+00
9.531250000000000000e-01
9.531250000000000000e-01
0.000000000000000000e+00
0.000000000000000000e+00
0.000000000000000000e+00
