0.000000000000000000e+00
1.953125000000000000e+00
7.812500000000000000e+00
5.875000000000000000e+00
2.906250000000000000e+00
9.828125000000000000e+00
9.812500000000000000e+00
1.564062500000000000e+01
2.151562500000000000e+01
2.353125000000000000e+01
3.131250000000000000e+01
4.023437500000000000e+01
4.800000000000000000e+01
6.273437500000000000e+01
7.240625000000000000e+01
1.066562500000000000e+02
1.332343750000000000e+02
1.721875000000000000e+02
2.007031250000000000e+02
2.505468750000000000e+02
3.062187500000000000e+02
3.497968750000000000e+02
4.109843750000000000e+02
4.979062500000000000e+02
5.571718750000000000e+02
7.123593750000000000e+02
8.171875000000000000e+02
9.999218750000000000e+02
1.191343750000000000e+03
1.297328125000000000e+03
1.584484375000000000e+03
1.744062500000000000e+03
2.021546875000000000e+03
2.274953125000000000e+03
2.604812500000000000e+03
2.894406250000000000e+03
3.211953125000000000e+03
3.663531250000000000e+03
4.039937500000000000e+03
4.287984375000000000e+03
4.755250000000000000e+03
5.263921875000000000e+03
5.613515625000000000e+03
6.173109375000000000e+03
6.676328125000000000e+03
6.874578125000000000e+03
7.123765625000000000e+03
7.410109375000000000e+03
8.064750000000000000e+03
8.006578125000000000e+03
8.231093750000000000e+03
8.213281250000000000e+03
8.139781250000000000e+03
8.095640625000000000e+03
7.960937500000000000e+03
7.893781250000000000e+03
7.715421875000000000e+03
7.362281250000000000e+03
7.076843750000000000e+03
6.976468750000000000e+03
6.581203125000000000e+03
6.116000000000000000e+03
5.583203125000000000e+03
5.379890625000000000e+03
5.006515625000000000e+03
4.536078125000000000e+03
4.250109375000000000e+03
3.831937500000000000e+03
3.428296875000000000e+03
3.098390625000000000e+03
2.787250000000000000e+03
2.420750000000000000e+03
2.139500000000000000e+03
1.868953125000000000e+03
1.615250000000000000e+03
1.411859375000000000e+03
1.194609375000000000e+03
9.598593750000000000e+02
8.298593750000000000e+02
6.884843750000000000e+02
5.951406250000000000e+02
4.741093750000000000e+02
3.689687500000000000e+02
3.063750000000000000e+02
2.283125000000000000e+02
1.858125000000000000e+02
1.202500000000000000e+02
1.203437500000000000e+02
8.275000000000000000e+01
4.818750000000000000e+01
4.045312500000000000e+01
2.981250000000000000e+01
2.404687500000000000e+01
8.578125000000000000e+00
8.625000000000000000e+00
7.656250000000000000e+00
3.875000000000000000e+00
1.906250000000000000e+00
1.937500000000000000e+00
0.000000000000000000e+00
