0.000000000000000000e+00
9.843750000000000000e-01
9.843750000000000000e-01
9.687500000000000000e-01
9.843750000000000000e-01
3.890625000000000000e+00
2.953125000000000000e+00
5.875000000000000000e+00
1.376562500000000000e+01
1.371875000000000000e+01
2.150000000000000000e+01
2.051562500000000000e+01
2.935937500000000000e+01
3.328125000000000000e+01
7.242187500000000000e+01
8.717187500000000000e+01
8.134375000000000000e+01
1.135781250000000000e+02
1.526562500000000000e+02
1.792187500000000000e+02
2.329218750000000000e+02
2.741406250000000000e+02
3.209687500000000000e+02
4.122187500000000000e+02
4.473750000000000000e+02
5.871250000000000000e+02
6.886093750000000000e+02
8.191406250000000000e+02
9.957500000000000000e+02
1.189843750000000000e+03
1.299906250000000000e+03
1.620640625000000000e+03
1.816515625000000000e+03
2.041656250000000000e+03
2.401765625000000000e+03
2.736906250000000000e+03
3.098843750000000000e+03
3.411140625000000000e+03
3.899875000000000000e+03
4.374421875000000000e+03
4.666750000000000000e+03
5.183484375000000000e+03
5.640828125000000000e+03
6.036312500000000000e+03
6.626156250000000000e+03
6.966937500000000000e+03
7.233671875000000000e+03
7.520921875000000000e+03
7.882859375000000000e+03
8.418406250000000000e+03
8.339250000000000000e+03
8.360703125000000000e+03
8.390062500000000000e+03
8.395765625000000000e+03
8.282328125000000000e+03
8.017671875000000000e+03
7.824031250000000000e+03
7.674187500000000000e+03
7.125500000000000000e+03
6.927578125000000000e+03
6.709859375000000000e+03
5.939296875000000000e+03
5.772656250000000000e+03
5.335656250000000000e+03
4.784375000000000000e+03
4.418203125000000000e+03
3.914203125000000000e+03
3.544703125000000000e+03
3.275812500000000000e+03
2.903343750000000000e+03
2.494796875000000000e+03
2.099187500000000000e+03
1.829531250000000000e+03
1.618031250000000000e+03
1.386156250000000000e+03
1.092500000000000000e+03
9.138437500000000000e+02
7.209843750000000000e+02
6.089843750000000000e+02
5.054843750000000000e+02
4.275625000000000000e+02
3.308281250000000000e+02
2.580625000000000000e+02
1.882968750000000000e+02
1.518281250000000000e+02
1.095156250000000000e+02
7.881250000000000000e+01
5.757812500000000000e+01
4.707812500000000000e+01
2.676562500000000000e+01
1.826562500000000000e+01
1.340625000000000000e+01
6.718750000000000000e+00
6.734375000000000000e+00
6.656250000000000000e+00
1.937500000000000000e+00
2.875000000000000000e+00
0.000000000000000000e+00
0.000000000000000000e+00
9.531250000000000000e-01
