0.000000000000000000e+00
2.420614591379635638e-01
3.903123748998998943e-01
5.170435033679467995e-01
5.303300858899105963e-01
5.266343608235224405e-01
6.356514252127497544e-01
7.779618302815376474e-01
1.038210411898763397e+00
1.011168105460214850e+00
1.247556204896196341e+00
1.190682413313894461e+00
1.627927051306353734e+00
1.581679166068453934e+00
1.601924501771228915e+00
2.015322167173278611e+00
2.256068205972505680e+00
3.024598049224888285e+00
2.645012996187353416e+00
3.088813928415727883e+00
3.185929453766200403e+00
3.249060861906868158e+00
3.730646674421875808e+00
3.761311066303875794e+00
4.570385950264484798e+00
4.645961788209197252e+00
5.617160335469782773e+00
6.289174106152572108e+00
6.437025923077753120e+00
8.728321359230536203e+00
8.160843414401172780e+00
8.311736337101892858e+00
8.878465432578988015e+00
9.738061099848110302e+00
9.256846600456064778e+00
1.243898193118612916e+01
1.277348289365022715e+01
1.448941390237627935e+01
1.322453884770183663e+01
1.461858833813990444e+01
1.660995559897737905e+01
1.447828890474889718e+01
1.460010568240860351e+01
2.069410770605971450e+01
1.856985728564909977e+01
1.456597832654487412e+01
1.662124017635266426e+01
1.953839869174288424e+01
1.893697787027737434e+01
1.790534329074354858e+01
1.855186985185051540e+01
1.913436759962293721e+01
1.923700225761215066e+01
2.327564424960939604e+01
1.649526447196285517e+01
2.013293224886777466e+01
1.499996744788134606e+01
1.561974130257524429e+01
1.360002549112960324e+01
1.735412837005578268e+01
1.275796319950798363e+01
1.400013078900961538e+01
1.245592816631402222e+01
1.232371792266846633e+01
1.435153485639689386e+01
1.306308872776170737e+01
1.278850649753519875e+01
1.031409788756995383e+01
1.192406598477947810e+01
8.959857852353183105e+00
8.960797868354134721e+00
1.011813762430492858e+01
8.247869042971037956e+00
7.574096867572727376e+00
8.543489388856288613e+00
6.638473916307873424e+00
6.995464490475239216e+00
5.033651406720076160e+00
4.733524057190371614e+00
4.649323707540699679e+00
3.478414183845132790e+00
2.729862347720119153e+00
3.564007356544034888e+00
2.756340347158710458e+00
2.726416991102975196e+00
2.049139968224474195e+00
1.697597106942633882e+00
1.609299148697966642e+00
1.140410938817670194e+00
1.030776406404415146e+00
1.229420436374391912e+00
1.089276566120835898e+00
5.650981662507851278e-01
3.750000000000000000e-01
4.330127018922192983e-01
2.914805954090254891e-01
3.772717646140511527e-01
0.000000000000000000e+00
2.113710821635731707e-01
0.000000000000000000e+00
