0.000000000000000000e+00
3.906250000000000000e+00
4.890625000000000000e+00
3.937500000000000000e+00
3.921875000000000000e+00
1.571875000000000000e+01
2.445312500000000000e+01
1.564062500000000000e+01
3.629687500000000000e+01
3.823437500000000000e+01
5.968750000000000000e+01
7.351562500000000000e+01
7.743750000000000000e+01
1.096875000000000000e+02
1.360468750000000000e+02
1.664375000000000000e+02
2.173437500000000000e+02
2.311250000000000000e+02
2.890000000000000000e+02
3.220937500000000000e+02
4.062812500000000000e+02
4.719531250000000000e+02
6.019531250000000000e+02
7.199375000000000000e+02
7.630468750000000000e+02
9.868281250000000000e+02
1.060984375000000000e+03
1.242453125000000000e+03
1.445359375000000000e+03
1.704093750000000000e+03
1.942828125000000000e+03
2.161765625000000000e+03
2.474718750000000000e+03
2.828187500000000000e+03
3.092875000000000000e+03
3.460828125000000000e+03
3.835953125000000000e+03
4.235031250000000000e+03
4.712453125000000000e+03
5.057718750000000000e+03
5.508781250000000000e+03
6.105078125000000000e+03
6.288687500000000000e+03
6.739484375000000000e+03
7.193640625000000000e+03
7.512156250000000000e+03
7.844562500000000000e+03
8.062031250000000000e+03
8.349125000000000000e+03
8.349812500000000000e+03
8.369906250000000000e+03
8.675359375000000000e+03
8.339125000000000000e+03
8.428046875000000000e+03
8.110906250000000000e+03
7.787546875000000000e+03
7.719593750000000000e+03
7.252703125000000000e+03
7.033453125000000000e+03
6.854078125000000000e+03
6.383343750000000000e+03
5.987203125000000000e+03
5.607843750000000000e+03
5.173562500000000000e+03
4.763218750000000000e+03
4.324140625000000000e+03
4.012734375000000000e+03
3.508421875000000000e+03
3.258187500000000000e+03
2.904500000000000000e+03
2.642281250000000000e+03
2.192281250000000000e+03
1.965484375000000000e+03
1.651734375000000000e+03
1.488796875000000000e+03
1.212093750000000000e+03
1.028140625000000000e+03
8.825312500000000000e+02
7.274218750000000000e+02
5.634843750000000000e+02
4.691718750000000000e+02
3.965312500000000000e+02
3.030312500000000000e+02
2.285625000000000000e+02
1.872812500000000000e+02
1.364531250000000000e+02
1.039062500000000000e+02
7.300000000000000000e+01
5.087500000000000000e+01
3.846875000000000000e+01
3.728125000000000000e+01
2.303125000000000000e+01
1.625000000000000000e+01
1.142187500000000000e+01
6.734375000000000000e+00
1.890625000000000000e+00
1.906250000000000000e+00
1.937500000000000000e+00
9.687500000000000000e-01
0.000000000000000000e+00
