1.557456113283995913e-01
1.634673194020664355e-01
1.715718618623100489e-01
1.800782192463571130e-01
1.890063131270518226e-01
1.983770527684393103e-01
2.082123840944846427e-01
2.185353410856113732e-01
2.293700997234273398e-01
2.407420346099752306e-01
2.526777783941075439e-01
2.652052841441601139e-01
2.783538908129996048e-01
2.921543919487601948e-01
3.066391078121896152e-01
3.218419610694975841e-01
3.377985562379801632e-01
3.545462630704756535e-01
3.721243040739365959e-01
3.905738463670837546e-01
4.099380980922679996e-01
4.302624096073333626e-01
4.515943796944705269e-01
4.739839670347945066e-01
4.974836072097201800e-01
5.221483355031442120e-01
5.480359157920350333e-01
5.752069758272858602e-01
6.037251492216531013e-01
6.336572244773139850e-01
6.650733014020548950e-01
6.980469552804167144e-01
7.326554091842764072e-01
7.689797148264111426e-01
8.071049423805977119e-01
8.471203797127971891e-01
8.891197414900189333e-01
9.332013886565877492e-01
9.794685587918191549e-01
1.028029607888593988e+00
1.078998264119066075e+00
1.132493894181814786e+00
1.188641782854216622e+00
1.247573426404737118e+00
1.309426840552305071e+00
1.374346883693996491e+00
1.442485596158016303e+00
1.514002556276496714e+00
1.589065254112019598e+00
1.667849483713119252e+00
1.750539754817409088e+00
1.837329724966529687e+00
1.928422653044915336e+00
2.024031875304545647e+00
2.124381304990519581e+00
2.229705956737551009e+00
2.340252496965512297e+00
2.456279821563020604e+00
2.578059662211985792e+00
2.705877222773110713e+00
2.840031847222733941e+00
2.980837720705294291e+00
3.128624605343266918e+00
3.283738612527793865e+00
3.446543013498698738e+00
3.617419090112230950e+00
3.796767027788999993e+00
3.985006852733360638e+00
4.182579415619168905e+00
4.389947424045678837e+00
4.607596526181536589e+00
4.836036448134750643e+00
5.075802187712286084e+00
5.327455267365048819e+00
5.591585049252588924e+00
5.868810115507380409e+00
6.159779716931183202e+00
6.465175293516290722e+00
6.785712070352667880e+00
7.122140732658521323e+00
7.475249183857189728e+00
7.845864390817670397e+00
8.234854320580298648e+00
8.643129973103295782e+00
9.071647514790802447e+00
9.521410517799074213e+00
9.993472310365161704e+00
1.048893844366249795e+01
1.100896928096067739e+01
1.155478271515304556e+01
1.212765702101668275e+01
1.272893384888432067e+01
1.336002136673964813e+01
1.402239755809435984e+01
1.471761368337055664e+01
1.544729791289510068e+01
1.621315914001392500e+01
1.701699098325676829e+01
1.786067598692510927e+01
1.874619002994096917e+01
