1.740373536977783964e-01
1.823993790290447670e-01
1.911631771186017292e-01
2.003480520635918805e-01
2.099742354709474845e-01
2.200629310217335211e-01
2.306363611766874266e-01
2.417178161258336788e-01
2.533317050899958622e-01
2.655036100872073535e-01
2.782603422824536099e-01
2.916300010448669155e-01
3.056420358424608019e-01
3.203273111107384774e-01
3.357181742380641043e-01
3.518485268175461922e-01
3.687538993223835604e-01
3.864715293691589060e-01
4.050404437414729664e-01
4.245015443545927525e-01
4.448976983504697724e-01
4.662738325215803892e-01
4.886770322715768833e-01
5.121566453307312416e-01
5.367643904546256506e-01
5.625544713455226109e-01
5.895836960473486155e-01
6.179116020772857931e-01
6.476005875695973746e-01
6.787160487205624593e-01
7.113265238372663557e-01
7.455038443075489019e-01
7.813232928236508723e-01
8.188637692080791286e-01
8.582079642069579961e-01
8.994425416336817580e-01
9.426583292640787759e-01
9.879505189035727719e-01
1.035418876067032201e+00
1.085167959733169596e+00
1.137307352657547677e+00
1.191951902751504644e+00
1.249221976058683792e+00
1.309243721886405476e+00
1.372149350675883950e+00
1.438077425223359462e+00
1.507173165893620048e+00
1.579588770498209671e+00
1.655483749542921323e+00
1.735025277583027936e+00
1.818388561460183572e+00
1.905757226232114077e+00
1.997323719645190510e+00
2.093289736040816251e+00
2.193866660629371967e+00
2.299276035110327410e+00
2.409750045664141638e+00
2.525532034390859160e+00
2.646877035321947957e+00
2.774052336186064061e+00
2.907338067166140849e+00
3.047027817944675476e+00
3.193429284396368306e+00
3.346864946352605230e+00
3.507672777930690433e+00
3.676206991992486905e+00
3.852838820372282758e+00
4.037957331592502364e+00
4.231970287868453973e+00
4.435305043289838878e+00
4.648409485157463550e+00
4.871753020548635682e+00
5.105827610284374707e+00
5.351148852575949633e+00
5.608257118737712155e+00
5.877718743467865714e+00
6.160127272319019909e+00
6.456104769106332242e+00
6.766303186133090897e+00
7.091405800251935787e+00
7.432128717924944006e+00
7.789222452597801549e+00
8.163473577862545127e+00
8.555706460050306106e+00
8.966785074070472206e+00
9.397614906496015053e+00
9.849144950086934358e+00
1.032236979414517997e+01
1.081833181530549126e+01
1.133812347358777473e+01
1.188288971876872679e+01
1.245383051237296002e+01
1.305220347083911214e+01
1.367932663568297258e+01
1.433658137675932309e+01
1.502541543501790500e+01
1.574734611145534480e+01
1.650396360928788653e+01
1.729693453670623526e+01
1.812800557792859024e+01
