2.372778155961922930e-01
2.478627339465361568e-01
2.589198434968956741e-01
2.704702086071451017e-01
2.825358333142576339e-01
2.951397032511223206e-01
3.083058294353520634e-01
3.220592940115010738e-01
3.364262980338351139e-01
3.514342113806813162e-01
3.671116248954477412e-01
3.834884048536443824e-01
4.005957498596668387e-01
4.184662502817358409e-01
4.371339503382168368e-01
4.566344129535999663e-01
4.770047875076913191e-01
4.982838806070846172e-01
5.205122300137331459e-01
5.437321818714626609e-01
5.679879713775428662e-01
5.933258070530041950e-01
6.197939587722360866e-01
6.474428497195691135e-01
6.763251524480236032e-01
7.064958892232195975e-01
7.380125368436107891e-01
7.709351361367288158e-01
8.053264063400333850e-01
8.412518645842718135e-01
8.787799507069676830e-01
9.179821576338159650e-01
9.589331675763670404e-01
1.001710994305463842e+00
1.046397131771469979e+00
1.093076709354418696e+00
1.141838654039839751e+00
1.192775859829221741e+00
1.245985364707840271e+00
1.301568535507089397e+00
1.359631261013486414e+00
1.420284153692231266e+00
1.483642760409616956e+00
1.549827782555727174e+00
1.618965305986763470e+00
1.691187041225059362e+00
1.766630574374368212e+00
1.845439629228436740e+00
1.927764341072190524e+00
2.013761542697141138e+00
2.103595063175883517e+00
2.197436039964868026e+00
2.295463244930018742e+00
2.397863424916290676e+00
2.504831657509975162e+00
2.616571722671486633e+00
2.733296490946624413e+00
2.855228328995860654e+00
2.982599523214216397e+00
3.115652722248740236e+00
3.254641399256599676e+00
3.399830334784430086e+00
3.551496121188832955e+00
3.709927689558978781e+00
3.875426860145122721e+00
4.048308917341640445e+00
4.228903210319942652e+00
4.417553780455508949e+00
4.614620016744330755e+00
4.820477340457341775e+00
5.035517920337167830e+00
5.260151419699665709e+00
5.494805776863513458e+00
5.739928020394618358e+00
5.995985120718424710e+00
6.263464879722492107e+00
6.542876860044065879e+00
6.834753355812987152e+00
7.139650406699273866e+00
7.458148857197162584e+00
7.790855463163614658e+00
8.138404047719284051e+00
8.501456708714025368e+00
8.880705080057193612e+00
9.276871649315673096e+00
9.690711134089664114e+00
1.012301191978837345e+01
1.057459756154458397e+01
1.104632835312934702e+01
1.153910296585567608e+01
1.205386016059341081e+01
1.259158057615673876e+01
1.315328859747136470e+01
1.374005430708024278e+01
1.435299552370559262e+01
1.499327993175083051e+01
1.566212730579914236e+01
1.636081183434651365e+01
1.709066454719607364e+01
1.785307585113800144e+01
