0.000000000000000000e+00
2.914805954090254891e-01
3.899994991983963821e-01
5.266343608235224405e-01
6.817945071647321109e-01
1.178833507116251011e+00
1.331338025258799629e+00
1.930177695835282314e+00
2.390573937363159818e+00
2.777560755411121463e+00
2.980036112931351511e+00
3.460117354855901439e+00
4.155075021885886066e+00
4.220022956098699041e+00
5.330094943748656888e+00
5.443580472389013991e+00
6.433839220043892304e+00
6.760390584823853466e+00
6.887984896724150374e+00
7.857868270084450657e+00
7.375463438828776752e+00
7.925433742073678900e+00
9.027613346526035087e+00
9.920336987093735459e+00
1.045297318649100937e+01
9.574734310119263014e+00
1.110105393363621040e+01
1.278364700933872733e+01
1.418787857424428367e+01
1.506950044792460908e+01
1.654654302074907690e+01
1.709731309985212278e+01
1.468010951029913080e+01
1.770946074842483853e+01
1.736980025611981659e+01
1.826815770507524306e+01
2.076390253390484375e+01
1.968918023583955446e+01
2.317965985210686952e+01
2.404284404161402477e+01
2.634884199750294442e+01
2.657117505399413204e+01
2.607783946068960645e+01
2.884548935031914141e+01
3.060835006579086937e+01
3.318636709459925527e+01
3.109102924654272471e+01
3.396367185478294459e+01
3.532289324375022233e+01
3.459062697623989635e+01
3.640762805868263285e+01
3.511381814342289687e+01
3.672967922453856460e+01
3.966992721193221172e+01
3.669026488197346225e+01
4.237830693217344447e+01
3.862241786979907943e+01
4.750242335512341896e+01
4.037468254035410808e+01
4.010985585999250702e+01
4.096399130925080101e+01
3.860395550794471120e+01
3.858856240438998242e+01
3.692871815551380621e+01
3.345424522295339642e+01
3.295762178896369932e+01
2.963152617989832649e+01
3.069891828687739022e+01
3.080888670497523663e+01
2.668618263727504214e+01
2.254097289347500777e+01
1.794599102167389404e+01
1.578888274576054407e+01
1.814783044884429231e+01
1.658489052571647093e+01
1.469428034985041442e+01
1.291736809251404772e+01
1.257802794993614981e+01
1.148023947648741405e+01
1.035747767315961987e+01
9.013756305468602292e+00
8.916277250063503246e+00
7.644442425710328060e+00
7.698908582349513807e+00
5.053981065395378280e+00
4.357526489807606040e+00
4.169474965073540318e+00
3.631459761583487378e+00
2.810024952624976091e+00
2.261904272399696492e+00
1.749372097175154961e+00
1.219050443736845457e+00
1.145537367079310975e+00
9.034169078421102617e-01
8.087352684129708313e-01
5.657458434447397710e-01
4.166341133116682194e-01
2.420614591379635638e-01
2.113710821635731707e-01
0.000000000000000000e+00
