6.423281250000000000e+02
2.014125000000000000e+03
3.156609375000000000e+03
4.154062500000000000e+03
5.052593750000000000e+03
5.829515625000000000e+03
6.313937500000000000e+03
6.782687500000000000e+03
7.194781250000000000e+03
7.657375000000000000e+03
7.938343750000000000e+03
8.176984375000000000e+03
8.503687500000000000e+03
8.733703125000000000e+03
9.075000000000000000e+03
9.232421875000000000e+03
9.544187500000000000e+03
9.654187500000000000e+03
9.687062500000000000e+03
9.884468750000000000e+03
9.862609375000000000e+03
9.755640625000000000e+03
9.841843750000000000e+03
9.513578125000000000e+03
9.238000000000000000e+03
8.678453125000000000e+03
8.137375000000000000e+03
7.614359375000000000e+03
6.820515625000000000e+03
5.996500000000000000e+03
5.045218750000000000e+03
4.289031250000000000e+03
3.341812500000000000e+03
2.581843750000000000e+03
1.838515625000000000e+03
1.322421875000000000e+03
9.268125000000000000e+02
6.692187500000000000e+02
4.207812500000000000e+02
3.031562500000000000e+02
1.245312500000000000e+02
8.004687500000000000e+01
4.239062500000000000e+01
2.796875000000000000e+01
3.843750000000000000e+00
0.000000000000000000e+00
0.000000000000000000e+00
0.000000000000000000e+00
0.000000000000000000e+00
0.000000000000000000e+00
