0.000000000000000000e+00
1.240195927061526898e-01
0.000000000000000000e+00
0.000000000000000000e+00
0.000000000000000000e+00
0.000000000000000000e+00
0.000000000000000000e+00
0.000000000000000000e+00
1.240195927061526898e-01
0.000000000000000000e+00
0.000000000000000000e+00
0.000000000000000000e+00
2.113710821635731707e-01
3.307189138830738395e-01
5.728219618694799786e-01
8.379429798619951741e-01
1.142977027054787209e+00
1.658312395177699905e+00
2.373148949707961197e+00
2.822724470702020039e+00
3.023346655611955924e+00
3.364821166774691896e+00
3.124843746093554753e+00
5.576789931268704592e+00
6.034709985523330822e+00
6.216708207524300533e+00
7.518661678616746613e+00
7.309828571861312518e+00
8.081478994242019098e+00
8.325046335268950770e+00
1.015947064319790272e+01
1.006846678683005791e+01
1.040803288030451945e+01
1.013038774476944681e+01
1.250163075300078575e+01
1.251373269090302287e+01
1.204159457879229578e+01
1.651038380648675385e+01
1.659977380069906161e+01
1.763562816741652028e+01
1.654579788751134828e+01
1.976282712411106601e+01
1.880450411470613759e+01
2.146817571102339883e+01
2.317385042995660527e+01
2.415691198155043651e+01
2.513731333067189411e+01
2.762484092148767445e+01
2.739865915400788410e+01
2.794034870823018224e+01
3.203525508497435226e+01
3.296636173221690314e+01
3.436214248177054742e+01
3.731464281430783103e+01
4.000731134352194829e+01
3.902121568374696636e+01
4.252267030931118796e+01
4.210022221957385113e+01
4.416225133934381830e+01
4.154447153634734491e+01
4.662947940530083457e+01
4.283165344823119369e+01
4.227539166269633597e+01
4.675851150793297251e+01
4.085614231953837816e+01
4.359971677355685671e+01
4.130325338559148918e+01
4.164430096344966614e+01
3.641512767295344588e+01
3.556680759829837513e+01
3.513561547218683501e+01
2.666837356190849562e+01
2.843873194446923591e+01
2.120747122920363736e+01
1.975651964186442910e+01
2.134417893968692681e+01
1.589906517495604277e+01
1.466313637525665925e+01
1.286494601378101343e+01
1.170435574302896065e+01
1.185498930764490311e+01
1.134056429096453655e+01
8.748200149709367324e+00
9.296284119878221119e+00
6.893140130548268907e+00
5.613160282708395954e+00
4.735767122059002077e+00
4.362034359103559744e+00
3.184396467052273305e+00
2.787344095976490799e+00
1.919714232477063298e+00
1.462753717308556300e+00
1.235857495830324337e+00
1.001829381369402583e+00
6.523320545358781697e-01
5.144399260360728032e-01
2.420614591379635638e-01
2.113710821635731707e-01
1.240195927061526898e-01
1.240195927061526898e-01
