0.000000000000000000e+00
5.000000000000000000e+00
1.800000000000000000e+01
3.900000000000000000e+01
6.900000000000000000e+01
1.130000000000000000e+02
2.060000000000000000e+02
2.950000000000000000e+02
3.750000000000000000e+02
5.670000000000000000e+02
7.220000000000000000e+02
8.380000000000000000e+02
1.002000000000000000e+03
1.231000000000000000e+03
1.495000000000000000e+03
1.711000000000000000e+03
1.912000000000000000e+03
2.209000000000000000e+03
2.453000000000000000e+03
2.718000000000000000e+03
3.002000000000000000e+03
3.358000000000000000e+03
3.822000000000000000e+03
4.232000000000000000e+03
4.507000000000000000e+03
4.921000000000000000e+03
5.264000000000000000e+03
5.843000000000000000e+03
6.125000000000000000e+03
6.697000000000000000e+03
7.213000000000000000e+03
7.799000000000000000e+03
8.336000000000000000e+03
8.741000000000000000e+03
9.477000000000000000e+03
1.009000000000000000e+04
1.081500000000000000e+04
1.149800000000000000e+04
1.202100000000000000e+04
1.299000000000000000e+04
1.381800000000000000e+04
1.472000000000000000e+04
1.539500000000000000e+04
1.626500000000000000e+04
1.711300000000000000e+04
1.811000000000000000e+04
1.894600000000000000e+04
1.978500000000000000e+04
2.087300000000000000e+04
2.184000000000000000e+04
2.272100000000000000e+04
2.368100000000000000e+04
2.446400000000000000e+04
2.538000000000000000e+04
2.597800000000000000e+04
2.689700000000000000e+04
2.800300000000000000e+04
2.843600000000000000e+04
2.895600000000000000e+04
2.942200000000000000e+04
2.946700000000000000e+04
2.952800000000000000e+04
2.987900000000000000e+04
2.965500000000000000e+04
2.928800000000000000e+04
2.878000000000000000e+04
2.761900000000000000e+04
2.699400000000000000e+04
2.523700000000000000e+04
2.363700000000000000e+04
2.194400000000000000e+04
1.975200000000000000e+04
1.752800000000000000e+04
1.552800000000000000e+04
1.337200000000000000e+04
1.124200000000000000e+04
9.791000000000000000e+03
8.054000000000000000e+03
6.933000000000000000e+03
5.542000000000000000e+03
4.631000000000000000e+03
3.578000000000000000e+03
2.868000000000000000e+03
2.052000000000000000e+03
1.542000000000000000e+03
1.077000000000000000e+03
8.390000000000000000e+02
6.130000000000000000e+02
4.040000000000000000e+02
2.810000000000000000e+02
1.980000000000000000e+02
1.000000000000000000e+02
6.200000000000000000e+01
4.800000000000000000e+01
3.400000000000000000e+01
1.500000000000000000e+01
1.300000000000000000e+01
2.000000000000000000e+00
2.000000000000000000e+00
0.000000000000000000e+00
