0.000000000000000000e+00
2.420614591379635638e-01
4.394487847007885195e-01
5.986638768958755241e-01
7.880950133074057229e-01
1.185854122563142266e+00
1.854049621773915746e+00
2.088320852832485475e+00
2.850738322676249936e+00
2.719827372738939264e+00
3.840286803661284054e+00
3.838251911270937011e+00
4.312924571491484116e+00
4.750796602610450670e+00
5.774404731225548204e+00
5.535309244974484955e+00
5.871321155359754407e+00
7.251885530674074154e+00
7.387106059716484374e+00
7.291302074218294571e+00
7.858054685321297583e+00
8.060910090329441502e+00
9.983140084036685735e+00
9.198322176319711829e+00
1.093589273904970227e+01
1.227035139828929289e+01
9.949678072681548358e+00
1.344534654629623205e+01
1.341836391794375949e+01
1.250902018295198026e+01
1.249871087102586031e+01
1.590326439317962759e+01
1.641180709456990172e+01
1.727395867881766023e+01
2.006276771628231614e+01
1.656614788837088170e+01
2.052263898570308243e+01
2.256827748051454563e+01
2.252563101745154128e+01
2.236482288627332338e+01
2.290367055735826796e+01
2.256703880074599056e+01
2.528547457749952798e+01
2.484200072457933217e+01
2.993926143043612242e+01
2.449585424107516118e+01
3.298644001115268765e+01
3.313490417973167723e+01
3.230119105171471716e+01
3.596807123599345601e+01
3.253087100523708841e+01
3.703387055601095312e+01
4.192694714004795031e+01
3.634984901533292145e+01
3.555884413875646288e+01
3.782685355153630979e+01
4.193377114104305292e+01
4.008004381371576130e+01
3.855406296986576820e+01
3.583776582021226886e+01
3.452755919189770850e+01
3.816113809803763957e+01
3.733447518191965742e+01
3.158897018121000855e+01
3.364543988418044052e+01
2.985222392783325063e+01
2.802788354227580569e+01
2.228368237073935632e+01
2.351690195868441791e+01
2.218228371781183483e+01
1.907919351020896670e+01
1.834089495456465002e+01
1.713090112742175464e+01
1.833730721609637015e+01
1.353550741337390662e+01
1.244918381800088092e+01
1.187622321002661963e+01
1.003412147375145125e+01
8.578167691150598628e+00
9.148927852998678389e+00
6.634942421566294435e+00
6.450457227011121120e+00
5.988575549275052978e+00
5.798517287580938095e+00
3.707572487490972790e+00
4.210031500401748339e+00
3.028792496090645159e+00
2.274175674832531691e+00
1.706418833222078657e+00
1.658017924360288609e+00
1.182452265157033722e+00
8.877420444588619564e-01
7.511384588576196508e-01
4.590134631740119264e-01
2.420614591379635638e-01
1.739926363384381724e-01
1.739926363384381724e-01
1.240195927061526898e-01
1.240195927061526898e-01
0.000000000000000000e+00
