0.000000000000000000e+00
3.000000000000000000e+00
1.200000000000000000e+01
2.300000000000000000e+01
4.100000000000000000e+01
1.180000000000000000e+02
1.510000000000000000e+02
2.160000000000000000e+02
3.380000000000000000e+02
4.550000000000000000e+02
5.850000000000000000e+02
7.620000000000000000e+02
9.190000000000000000e+02
1.137000000000000000e+03
1.348000000000000000e+03
1.561000000000000000e+03
1.799000000000000000e+03
2.044000000000000000e+03
2.309000000000000000e+03
2.610000000000000000e+03
2.923000000000000000e+03
3.264000000000000000e+03
3.650000000000000000e+03
3.827000000000000000e+03
4.207000000000000000e+03
4.780000000000000000e+03
5.059000000000000000e+03
5.478000000000000000e+03
5.876000000000000000e+03
6.331000000000000000e+03
6.802000000000000000e+03
7.385000000000000000e+03
7.801000000000000000e+03
8.640000000000000000e+03
8.995000000000000000e+03
9.745000000000000000e+03
1.053100000000000000e+04
1.092200000000000000e+04
1.180800000000000000e+04
1.241700000000000000e+04
1.328900000000000000e+04
1.411500000000000000e+04
1.520000000000000000e+04
1.572300000000000000e+04
1.679300000000000000e+04
1.769400000000000000e+04
1.861000000000000000e+04
1.942100000000000000e+04
2.049700000000000000e+04
2.149400000000000000e+04
2.231700000000000000e+04
2.336400000000000000e+04
2.412200000000000000e+04
2.514800000000000000e+04
2.614600000000000000e+04
2.694500000000000000e+04
2.759900000000000000e+04
2.838300000000000000e+04
2.887900000000000000e+04
2.924000000000000000e+04
2.937200000000000000e+04
2.969200000000000000e+04
2.979300000000000000e+04
2.973500000000000000e+04
2.905700000000000000e+04
2.909400000000000000e+04
2.796400000000000000e+04
2.717200000000000000e+04
2.548500000000000000e+04
2.427400000000000000e+04
2.226200000000000000e+04
2.064100000000000000e+04
1.826700000000000000e+04
1.605500000000000000e+04
1.405800000000000000e+04
1.207700000000000000e+04
1.044400000000000000e+04
8.662000000000000000e+03
7.238000000000000000e+03
5.889000000000000000e+03
4.891000000000000000e+03
3.814000000000000000e+03
2.999000000000000000e+03
2.354000000000000000e+03
1.681000000000000000e+03
1.275000000000000000e+03
9.360000000000000000e+02
6.560000000000000000e+02
4.330000000000000000e+02
3.290000000000000000e+02
1.940000000000000000e+02
1.120000000000000000e+02
8.700000000000000000e+01
4.600000000000000000e+01
2.600000000000000000e+01
1.900000000000000000e+01
1.100000000000000000e+01
5.000000000000000000e+00
2.000000000000000000e+00
0.000000000000000000e+00
