6.754219786302967377e-01
7.098973813029150204e-01
7.461325037167377827e-01
7.842171668260551343e-01
8.242457762946652222e-01
8.663175565121069566e-01
9.105367965547257469e-01
9.570131087012727633e-01
1.005861700143853010e+00
1.057203658567751337e+00
1.111166252308039670e+00
1.167883245827008754e+00
1.227495231294436495e+00
1.290149977092630351e+00
1.356002794110128695e+00
1.425216920732044423e+00
1.497963927481377855e+00
1.574424142314340802e+00
1.654787097623926506e+00
1.739252000059778425e+00
1.828028224328960061e+00
1.921335832201679805e+00
2.019406118008503004e+00
2.122482181981244054e+00
2.230819532858766774e+00
2.344686721251440176e+00
2.464366005334272636e+00
2.590154050518859385e+00
2.722362664838513968e+00
2.861319571869493039e+00
3.007369223104250366e+00
3.160873651790467420e+00
3.322213370352385731e+00
3.491788313618996664e+00
3.670018830197211201e+00
3.857346724447445752e+00
4.054236351644522784e+00
4.261175769038603178e+00
4.478677945669460314e+00
4.707282033932991716e+00
4.947554706052018858e+00
5.200091558764231792e+00
5.465518589709295938e+00
5.744493749174822916e+00
6.037708571047748052e+00
6.345889887013963282e+00
6.669801628255437542e+00
7.010246719110935665e+00
7.368069067394390714e+00
7.744155656304648083e+00
8.139438743112036079e+00
8.554898170071984609e+00
8.991563793294046647e+00
9.450518035587103682e+00
9.932898569608850536e+00
1.043990113797060637e+01
1.097278251728809551e+01
1.153286363352556343e+01
1.212153283635561252e+01
1.274024934065146120e+01
1.339054684364245240e+01
1.407403732669915186e+01
1.479241505117205158e+01
1.554746075818893303e+01
1.634104608282149584e+01
1.717513819356319615e+01
1.805180466861888533e+01
1.897321862109368240e+01
1.994166408578569971e+01
2.095954168093553349e+01
2.202937455896703867e+01
2.315381466097034391e+01
2.433564929043100022e+01
2.557780802250041319e+01
2.688336996593444894e+01
2.825557139570146248e+01
2.969781377517980303e+01
3.121367218783025521e+01
3.280690419924451362e+01
3.448145917153697582e+01
3.624148805316873023e+01
3.809135366847138471e+01
4.003564153237649492e+01
4.207917121715861697e+01
4.422700829936831468e+01
4.648447691656968317e+01
4.885717296500839524e+01
5.135097797092512195e+01
5.397207366989916011e+01
5.672695733036186994e+01
5.962245785926474895e+01
6.266575272982517220e+01
6.586438577331102806e+01
6.922628587896699059e+01
7.275978664843712806e+01
7.647364705340287117e+01
8.037707314764439559e+01
8.447974088734537190e+01
8.879182011620898152e+01
9.332399977484068643e+01
