0.000000000000000000e+00
2.113710821635731707e-01
1.240195927061526898e-01
2.683681880830885436e-01
2.113710821635731707e-01
2.683681880830885436e-01
3.121091305537215255e-01
5.657458434447397710e-01
4.831132760543845883e-01
5.810735619308453614e-01
7.806247497997997886e-01
7.288689868556625928e-01
9.662265521087691766e-01
1.015384586929996669e+00
1.448918643118032312e+00
1.766661753137821256e+00
1.621314932200095482e+00
1.782551607773250391e+00
2.133942580647380183e+00
2.311655251113366116e+00
2.192349535173394592e+00
2.971174996423973536e+00
3.628466822829581773e+00
3.385977517645384349e+00
3.458141153043785110e+00
4.297954409876284743e+00
5.575104224081824711e+00
4.443657699463360089e+00
6.123644620444593123e+00
6.841680623209475343e+00
6.249824216278006439e+00
7.178101871969706060e+00
6.884936001881208689e+00
7.514033095440490584e+00
9.442051882403527330e+00
1.022184347289543460e+01
1.116302096698626656e+01
1.171844791277304765e+01
1.427379455286855325e+01
1.168528555224475518e+01
1.410333480898666814e+01
1.119272529857563292e+01
1.685311080335022282e+01
1.538800739161425746e+01
1.735829204542817195e+01
1.530063315683374014e+01
1.779477599562228107e+01
1.652932999247095935e+01
1.687892749434557516e+01
2.319379547287377363e+01
1.861188716250987696e+01
2.007639219176343914e+01
1.634108337471463201e+01
1.979109648301477975e+01
1.582743088310212798e+01
1.563230298082707392e+01
1.361036161750947038e+01
1.633056949405010627e+01
1.604482855743556868e+01
1.260091103787241984e+01
1.562186687337256075e+01
1.398293463252617741e+01
1.333718918042234947e+01
1.543300003999141445e+01
9.319929398035963430e+00
1.139451451082932287e+01
1.056711021800070860e+01
1.402394018945816789e+01
8.419294595414452687e+00
8.773392280604749516e+00
9.800699512662347956e+00
8.382794297510526960e+00
6.898185336557723701e+00
9.211265499885181285e+00
7.557058346961137651e+00
6.538871151620897493e+00
5.851599006895465749e+00
4.749768703250190960e+00
5.513832038609808528e+00
4.659918856589672309e+00
3.650770466627558442e+00
3.049077729412617010e+00
2.474873734152916338e+00
2.363252195069328820e+00
2.372480159953924694e+00
2.190121197416937449e+00
2.005789958937625350e+00
1.262051281644291922e+00
1.301666599978658079e+00
1.252244079393071141e+00
7.928821535228296469e-01
5.570482334367464761e-01
6.115745559619039096e-01
4.416654382844553139e-01
2.914805954090254891e-01
2.683681880830885436e-01
3.586950088515311608e-01
0.000000000000000000e+00
2.683681880830885436e-01
0.000000000000000000e+00
