7.794251228357771399e-01
8.183751555957023971e-01
8.592716294024335122e-01
9.022118133076305613e-01
9.472978371669461550e-01
9.946369345478667245e-01
1.044341697776333566e+00
1.096530345728748523e+00
1.151327005006288706e+00
1.208862005160280528e+00
1.269272188670804269e+00
1.332701236415787305e+00
1.399300009404690570e+00
1.469226907589572306e+00
1.542648246606938001e+00
1.619738653346421087e+00
1.700681481287127372e+00
1.785669246589489445e+00
1.874904085979836266e+00
1.968598237516723470e+00
2.066974545382492590e+00
2.170266989900659471e+00
2.278721244039739080e+00
2.392595257727114344e+00
2.512159871362679819e+00
2.637699459991468043e+00
2.769512609667362568e+00
2.907912827616583762e+00
3.053229287890006471e+00
3.205807614277794038e+00
3.366010702348444461e+00
3.534219582567404316e+00
3.710834326548107853e+00
3.896274998590902872e+00
4.090982654772994387e+00
4.295420391965700802e+00
4.510074449273995256e+00
4.735455364518034393e+00
4.972099188507272949e+00
5.220568759995232178e+00
5.481455044347271155e+00
5.755378539105301172e+00
6.042990749792479299e+00
6.344975739467920484e+00
6.662051755716984935e+00
6.994972938946753871e+00
7.344531116049767938e+00
7.711557683702120691e+00
8.096925585775167633e+00
8.501551389563980266e+00
8.926397465770678608e+00
9.372474277427590650e+00
9.840842783204225341e+00
1.033261696081414804e+01
1.084896645652352731e+01
1.139111936706288830e+01
1.196036516055882792e+01
1.255805774343261483e+01
1.318561868056036346e+01
1.384454057635345414e+01
1.453639062480088207e+01
1.526281433691718270e+01
1.602553945446108230e+01
1.682638005923363522e+01
1.766724088772940604e+01
1.855012186140252695e+01
1.947712284332298438e+01
2.045044863253592382e+01
2.147241420800309086e+01
2.254545023459859010e+01
2.367210884425428929e+01
2.485506970600532384e+01
2.609714639937246616e+01
2.740129310624001135e+01
2.877061163714557068e+01
3.020835880869268664e+01
3.171795418963355218e+01
3.330298823404469744e+01
3.496723082094003132e+01
3.671464022063224064e+01
3.854937250916768932e+01
4.047579145322703198e+01
4.249847888900177395e+01
4.462224561973154380e+01
4.685214285782222277e+01
4.919347423875769465e+01
5.165180843538050937e+01
5.423299240254313247e+01
5.694316528363061991e+01
5.978877301203146999e+01
6.277658364228368981e+01
6.591370344736122888e+01
6.920759382038640695e+01
7.266608902096722034e+01
7.629741480836894141e+01
8.011020800583649759e+01
8.411353704260042718e+01
8.831692352242369282e+01
9.273036486998852013e+01
9.736435810898611010e+01
