0.000000000000000000e+00
1.240195927061526898e-01
1.739926363384381724e-01
2.113710821635731707e-01
1.739926363384381724e-01
2.683681880830885436e-01
3.121091305537215255e-01
5.927211480747081040e-01
4.831132760543845883e-01
7.246699140815768825e-01
5.153882032022075732e-01
1.011530206852469638e+00
8.510964894622701227e-01
1.380316426584861089e+00
1.193958587797332216e+00
1.585764307045659294e+00
1.472319465800476346e+00
1.971909666890194979e+00
1.873892902322595422e+00
1.845007516075476639e+00
2.532937323420183073e+00
2.723550001262139642e+00
2.599391455225626313e+00
3.211270131797541616e+00
3.239729866728860319e+00
3.954792138580105032e+00
4.377649867151894192e+00
4.537603304609163501e+00
6.190892378122882178e+00
5.531139652854102806e+00
7.130206431093001562e+00
7.465791124145852997e+00
8.518118900870954135e+00
9.699387867283171261e+00
9.078635958081752833e+00
9.772759893576635548e+00
9.063348559410865590e+00
1.150796896108844258e+01
1.298142264870745954e+01
1.285982114961168499e+01
1.494769526549159977e+01
1.373257951858917814e+01
1.488799327478354328e+01
1.377567737388528535e+01
1.612063137285183956e+01
1.622148188697244109e+01
1.960483015061275580e+01
1.716884641172420345e+01
1.725812195569089269e+01
1.495278212773044402e+01
1.722789996225236209e+01
1.862494101290994664e+01
1.811992790022562261e+01
1.785616905826946876e+01
1.853427330944957774e+01
1.889278962990907829e+01
1.535974853309779853e+01
1.759261208575918189e+01
1.338024685345434861e+01
1.299383868416104271e+01
1.340161451036310858e+01
1.567341717237740717e+01
1.267980061948925119e+01
1.145741947113310566e+01
1.236359164795974586e+01
1.175547370842089911e+01
1.231930926876076882e+01
1.219082486698500567e+01
1.078418211939945870e+01
1.112811578559012027e+01
8.646132964185492042e+00
7.284518445606065207e+00
8.271028479540799339e+00
6.563225406336049339e+00
5.956876278721927598e+00
7.058281372791821440e+00
5.271139545617721467e+00
5.306407351907220793e+00
4.701411648045191072e+00
4.798248988889072031e+00
3.566198737801919094e+00
3.998046397929869045e+00
2.838035122998832982e+00
2.573101165787112787e+00
1.704701105582735243e+00
2.249511665756592560e+00
1.519405722642902301e+00
1.750000000000000000e+00
1.124565888465411279e+00
1.188732912600639624e+00
8.454843286542926828e-01
8.881544681951445419e-01
4.898879814559650714e-01
5.144399260360728032e-01
4.023247871744916604e-01
2.420614591379635638e-01
2.113710821635731707e-01
0.000000000000000000e+00
2.113710821635731707e-01
0.000000000000000000e+00
