7.420000000000000000e+02
2.046000000000000000e+03
3.281000000000000000e+03
4.237000000000000000e+03
5.296000000000000000e+03
5.994000000000000000e+03
6.270000000000000000e+03
7.025000000000000000e+03
7.559000000000000000e+03
7.876000000000000000e+03
8.235000000000000000e+03
8.480000000000000000e+03
8.932000000000000000e+03
9.170000000000000000e+03
9.576000000000000000e+03
9.725000000000000000e+03
9.933000000000000000e+03
1.025200000000000000e+04
1.020100000000000000e+04
1.043100000000000000e+04
1.040800000000000000e+04
1.053000000000000000e+04
1.012500000000000000e+04
1.000500000000000000e+04
9.940000000000000000e+03
9.162000000000000000e+03
8.716000000000000000e+03
7.924000000000000000e+03
7.119000000000000000e+03
6.214000000000000000e+03
5.309000000000000000e+03
4.344000000000000000e+03
3.529000000000000000e+03
2.708000000000000000e+03
1.946000000000000000e+03
1.417000000000000000e+03
9.740000000000000000e+02
7.150000000000000000e+02
4.510000000000000000e+02
2.970000000000000000e+02
1.650000000000000000e+02
8.800000000000000000e+01
5.100000000000000000e+01
1.500000000000000000e+01
6.000000000000000000e+00
0.000000000000000000e+00
0.000000000000000000e+00
0.000000000000000000e+00
0.000000000000000000e+00
0.000000000000000000e+00
