0.000000000000000000e+00
1.240195927061526898e-01
0.000000000000000000e+00
0.000000000000000000e+00
1.739926363384381724e-01
1.739926363384381724e-01
1.739926363384381724e-01
2.683681880830885436e-01
4.023247871744916604e-01
5.144399260360728032e-01
6.584783595532961442e-01
7.043392293490402523e-01
8.453399371702486897e-01
9.677414104501264047e-01
1.083320813228934476e+00
1.294425397377152898e+00
1.416628369580392066e+00
1.690968657308585366e+00
1.977349769103837529e+00
2.225068029156636928e+00
2.613068120045859200e+00
2.364904530314067443e+00
2.873471060842617941e+00
3.424264291420859418e+00
3.631695056633334584e+00
3.668349371226110378e+00
4.408354993645589026e+00
3.930269899685643775e+00
5.015600661934719540e+00
5.751952793399820685e+00
7.183405763241764497e+00
6.624539341295740513e+00
7.191286366803577579e+00
8.654783269239040067e+00
8.501134460139716964e+00
8.526140296721312239e+00
1.070626094570368636e+01
1.196540423209763482e+01
1.323846048215199467e+01
1.291361586115116644e+01
1.315647268220095611e+01
1.505490439970892069e+01
1.351278871974156992e+01
1.737420608572877967e+01
1.653544370246834205e+01
1.823447541746128664e+01
1.720044257016007805e+01
1.930976290272293738e+01
1.897252716717978416e+01
1.870869800011147177e+01
1.782476962289765510e+01
1.569223036250742709e+01
1.616117550644135648e+01
1.754191409168338112e+01
1.930974393764712715e+01
1.549974010618807085e+01
1.697360514105282903e+01
1.586044485307710339e+01
1.559865748179550948e+01
1.413542722150183195e+01
1.445979575787206528e+01
1.589799024248033632e+01
1.274753920799520479e+01
1.223714847235151382e+01
1.051593842400667533e+01
1.219525994943834668e+01
1.041003825566337682e+01
1.010790174736453473e+01
1.066700108321804841e+01
9.711009779497700833e+00
9.285352628602749903e+00
6.900361601711536785e+00
7.117251817766461208e+00
7.493731104021214229e+00
6.127550489388071675e+00
5.276717729801358558e+00
4.426041544088803903e+00
4.960685279021437744e+00
4.260900543019046083e+00
3.745798427488457261e+00
3.955532863518516962e+00
2.573907535246750200e+00
2.627231194622962729e+00
1.718181724236409247e+00
1.739926363384381780e+00
1.778506659391524414e+00
1.466337779768017935e+00
1.486593736533287080e+00
8.425917976695477263e-01
6.952686081652184047e-01
5.691876750027182741e-01
4.695306000411474945e-01
1.739926363384381724e-01
2.420614591379635638e-01
2.683681880830885436e-01
2.113710821635731707e-01
0.000000000000000000e+00
0.000000000000000000e+00
0.000000000000000000e+00
1.739926363384381724e-01
