2.458780263471964378e-01
2.569429945967958706e-01
2.685059069863559023e-01
2.805891719278056362e-01
2.932162062532663871e-01
3.064114805958342846e-01
3.202005668125836868e-01
3.346101875416927496e-01
3.496682679897326618e-01
3.654039900494804316e-01
3.818478488531346082e-01
3.990317118705301591e-01
4.169888806668831105e-01
4.357541554397489358e-01
4.553639024602632590e-01
4.758561245493639902e-01
4.972705347255753083e-01
5.196486331670775449e-01
5.430337876372141048e-01
5.674713175292951384e-01
5.930085816935746212e-01
6.196950702166034164e-01
6.475825003308244288e-01
6.767249166402780070e-01
7.071787958566503329e-01
7.390031562486379935e-01
7.722596720167386186e-01
8.070127928151183960e-01
8.433298686521869536e-01
8.812812804119297683e-01
9.209405762489427660e-01
9.623846141214982275e-01
1.005693710738861935e+00
1.050951797211517658e+00
1.098246581705941693e+00
1.147669719419141865e+00
1.199316990202370814e+00
1.253288484178232576e+00
1.309688795710906239e+00
1.368627226105390227e+00
1.430217995428588740e+00
1.494580463862741126e+00
1.561839363020166571e+00
1.632125037667602863e+00
1.705573698328589405e+00
1.782327685253427774e+00
1.862535744268279725e+00
1.946353315037989251e+00
2.033942832301265824e+00
2.125474040662010733e+00
2.221124323546840529e+00
2.321079046966309178e+00
2.425531918746022697e+00
2.534685363923824930e+00
2.648750917040550323e+00
2.767949632084593325e+00
2.892512510884746035e+00
3.022680950781505782e+00
3.158707212444427093e+00
3.300854908742124394e+00
3.449399515612328937e+00
3.604628905922055537e+00
3.766843907352462217e+00
3.936358885389569018e+00
4.113502352550643337e+00
4.298617605026902488e+00
4.492063387976323874e+00
4.694214590755867889e+00
4.905462973440442020e+00
5.126217926036567896e+00
5.356907261862078329e+00
5.597978046629375370e+00
5.849897464838968553e+00
6.113153725162345786e+00
6.388257006568743179e+00
6.675740447029387070e+00
6.976161176715260481e+00
7.290101397690695428e+00
7.618169512195178683e+00
7.961001301699932142e+00
8.319261159024243568e+00
8.693643375899307912e+00
9.084873488474853431e+00
9.493709683376042818e+00
9.920944267035569197e+00
1.036740520114842390e+01
1.083395770722496998e+01
1.132150594335190519e+01
1.183099475641057019e+01
1.236341151314835152e+01
1.291978801365168117e+01
1.350120249092890923e+01
1.410878170047808666e+01
1.474370310388921368e+01
1.540719715071262819e+01
1.610054966301571966e+01
1.682510432724914651e+01
1.758226529825160966e+01
1.837349992043974467e+01
1.920034157145660103e+01
