7.066328570727705705e-01
7.422342571839317671e-01
7.796293181434229558e-01
8.189084077241065573e-01
8.601664465854065300e-01
9.035031376557018934e-01
9.490232070714064161e-01
9.968366572549818283e-01
1.047059032743463236e+00
1.099811699409890986e+00
1.155222137752408340e+00
1.213424250959775241e+00
1.274558688497762882e+00
1.338773185998397341e+00
1.406222922273418385e+00
1.477070894314699512e+00
1.551488311187847691e+00
1.629655007770851372e+00
1.711759879337604540e+00
1.798001338036510077e+00
1.888587792367275586e+00
1.983738150814587264e+00
2.083682350855729837e+00
2.188661914620538163e+00
2.298930532546468619e+00
2.414754676439232917e+00
2.536414243420502590e+00
2.664203232318823833e+00
2.798430454138292056e+00
2.939420278321879465e+00
3.087513416612816641e+00
3.243067746408283547e+00
3.406459175595100142e+00
3.578082550957346619e+00
3.758352612351163913e+00
3.947704994952533131e+00
4.146597282000064055e+00
4.355510110576807925e+00
4.574948333103280973e+00
4.805442237348560575e+00
5.047548827907653468e+00
5.301853172241951739e+00
5.568969814535556395e+00
5.849544260784157679e+00
6.144254538705295587e+00
6.453812836239622541e+00
6.778967222602740428e+00
7.120503456046629154e+00
7.479246882699256638e+00
7.856064431071070331e+00
8.251866707048199245e+00
8.667610194435084736e+00
9.104299566364312923e+00
9.562990113159289152e+00
1.004479029251692701e+01
1.055086440817296634e+01
1.108243542352315281e+01
1.164078791699958160e+01
1.222727118634406729e+01
1.284330250928024242e+01
1.349037056846401583e+01
1.417003904898905908e+01
1.488395041714086098e+01
1.563382988953107322e+01
1.642148960220377063e+01
1.724883298978859614e+01
1.811785938528328188e+01
1.903066885158128585e+01
1.998946725642021960e+01
2.099657160301513770e+01
2.205441562925832599e+01
2.316555568901670625e+01
2.433267692973922536e+01
2.555859978130294152e+01
2.684628677177851941e+01
2.819884968658596591e+01
2.961955708834106815e+01
3.111184221556494833e+01
3.267931127934438251e+01
3.432575217799242040e+01
3.605514365076881944e+01
3.787166489278095582e+01
3.977970565430027250e+01
4.178387684890001452e+01
4.388902169604938308e+01
4.610022742509118387e+01
4.842283756888638635e+01
5.086246487683388295e+01
5.342500487847090085e+01
5.611665013043136696e+01
5.894390518119076461e+01
6.191360228976127189e+01
6.503291793632213569e+01
6.830939016468454383e+01
7.175093679850019157e+01
7.536587457523448563e+01
7.916293924414246419e+01
8.315130667681624743e+01
8.734061504131867082e+01
9.174098809348863881e+01
