6.919142276363635657e-01
7.269000531158673617e-01
7.636548955278072981e-01
8.022682031234211752e-01
8.428339469990945299e-01
8.854508497886823815e-01
9.302226259193876468e-01
9.772582340158947334e-01
1.026672142067019289e+00
1.078584606000196455e+00
1.133121962341760325e+00
1.190416935675241428e+00
1.250608961645933714e+00
1.313844526297803794e+00
1.380277522568569504e+00
1.450069624810532254e+00
1.523390682248612515e+00
1.600419132333125605e+00
1.681342434993252644e+00
1.766357528848024883e+00
1.855671310485077941e+00
1.949501137973569831e+00
2.048075359836633691e+00
2.151633870770699453e+00
2.260428695464107296e+00
2.374724601935814583e+00
2.494799745886856712e+00
2.620946347632672424e+00
2.753471403263715533e+00
2.892697431765063332e+00
3.038963259913243675e+00
3.192624846860441234e+00
3.354056150412836779e+00
3.523650037111275779e+00
3.701819238329104866e+00
3.888997354713953580e+00
4.085639911417931813e+00
4.292225466684307378e+00
4.509256776488532736e+00
4.737262018067995406e+00
4.976796075318097756e+00
5.228441889182857238e+00
5.492811876326424425e+00
5.770549419538063773e+00
6.062330433497661097e+00
6.368865009712359360e+00
6.690899144627444173e+00
7.029216555117116627e+00
7.384640585773428967e+00
7.758036212635013307e+00
8.150312148231998677e+00
8.562423053070020273e+00
8.995371858935337528e+00
9.450212209675095565e+00
9.928051025392766959e+00
1.043005119629913224e+01
1.095743441277461194e+01
1.151148413853037589e+01
1.209354873410385522e+01
1.270504473829007708e+01
1.334746031549470047e+01
1.402235887739841402e+01
1.473138288774649318e+01
1.547625785952306110e+01
1.625879655423774039e+01
1.708090339354422582e+01
1.794457909392723138e+01
1.885192553573683227e+01
1.980515087841978783e+01
2.080657493439654004e+01
2.185863481466190805e+01
2.296389085984888467e+01
2.412503287118974882e+01
2.534488665653828932e+01
2.662642090738398437e+01
2.797275442359421049e+01
2.938716370346699946e+01
3.087309091756591783e+01
3.243415228574243514e+01
3.407414687773250250e+01
3.579706585874503588e+01
3.760710220254248526e+01
3.950866089565190720e+01
4.150636965753997032e+01
4.360509020284089132e+01
4.580993007304567044e+01
4.812625506644666018e+01
5.055970229658755954e+01
5.311619391099864629e+01
5.580195150360349743e+01
5.862351125587210987e+01
6.158773984356860609e+01
6.470185114780468894e+01
6.797342381106778930e+01
7.141041968094920378e+01
7.502120318645739871e+01
7.881456169407172752e+01
8.279972689307599865e+01
8.698639726221621515e+01
9.138476167235823766e+01
