0.000000000000000000e+00
2.000000000000000000e+00
0.000000000000000000e+00
1.000000000000000000e+00
0.000000000000000000e+00
4.000000000000000000e+00
4.000000000000000000e+00
6.000000000000000000e+00
8.000000000000000000e+00
1.700000000000000000e+01
1.700000000000000000e+01
2.500000000000000000e+01
3.800000000000000000e+01
4.800000000000000000e+01
6.400000000000000000e+01
8.400000000000000000e+01
1.060000000000000000e+02
1.160000000000000000e+02
1.700000000000000000e+02
1.760000000000000000e+02
2.180000000000000000e+02
2.510000000000000000e+02
3.130000000000000000e+02
3.450000000000000000e+02
4.220000000000000000e+02
5.500000000000000000e+02
6.860000000000000000e+02
7.780000000000000000e+02
9.200000000000000000e+02
1.052000000000000000e+03
1.204000000000000000e+03
1.425000000000000000e+03
1.637000000000000000e+03
1.862000000000000000e+03
2.183000000000000000e+03
2.515000000000000000e+03
2.785000000000000000e+03
3.202000000000000000e+03
3.440000000000000000e+03
3.883000000000000000e+03
4.381000000000000000e+03
4.717000000000000000e+03
5.188000000000000000e+03
5.676000000000000000e+03
6.144000000000000000e+03
6.472000000000000000e+03
6.904000000000000000e+03
7.477000000000000000e+03
7.733000000000000000e+03
7.992000000000000000e+03
8.240000000000000000e+03
8.455000000000000000e+03
8.571000000000000000e+03
8.587000000000000000e+03
8.774000000000000000e+03
8.553000000000000000e+03
8.369000000000000000e+03
8.168000000000000000e+03
7.961000000000000000e+03
7.831000000000000000e+03
7.322000000000000000e+03
7.173000000000000000e+03
6.777000000000000000e+03
6.340000000000000000e+03
5.816000000000000000e+03
5.431000000000000000e+03
5.064000000000000000e+03
4.609000000000000000e+03
4.188000000000000000e+03
3.806000000000000000e+03
3.456000000000000000e+03
3.070000000000000000e+03
2.820000000000000000e+03
2.350000000000000000e+03
2.024000000000000000e+03
1.803000000000000000e+03
1.525000000000000000e+03
1.320000000000000000e+03
1.082000000000000000e+03
8.820000000000000000e+02
7.370000000000000000e+02
6.130000000000000000e+02
4.720000000000000000e+02
4.100000000000000000e+02
3.300000000000000000e+02
2.550000000000000000e+02
1.880000000000000000e+02
1.430000000000000000e+02
1.090000000000000000e+02
7.900000000000000000e+01
5.000000000000000000e+01
4.800000000000000000e+01
3.700000000000000000e+01
2.600000000000000000e+01
1.700000000000000000e+01
7.000000000000000000e+00
3.000000000000000000e+00
5.000000000000000000e+00
7.000000000000000000e+00
0.000000000000000000e+00
