0.000000000000000000e+00
1.968750000000000000e+00
1.575000000000000000e+01
3.543750000000000000e+01
7.087500000000000000e+01
1.240312500000000000e+02
2.027812500000000000e+02
2.766093750000000000e+02
4.035937500000000000e+02
5.423906250000000000e+02
7.500781250000000000e+02
8.524531250000000000e+02
1.045296875000000000e+03
1.235312500000000000e+03
1.419390625000000000e+03
1.787500000000000000e+03
1.981468750000000000e+03
2.222671875000000000e+03
2.369234375000000000e+03
2.681312500000000000e+03
3.054281250000000000e+03
3.466843750000000000e+03
3.649671875000000000e+03
3.901843750000000000e+03
4.367375000000000000e+03
4.802468750000000000e+03
5.191046875000000000e+03
5.503125000000000000e+03
5.937156250000000000e+03
6.576000000000000000e+03
7.039531250000000000e+03
7.690140625000000000e+03
7.930250000000000000e+03
8.736296875000000000e+03
9.398562500000000000e+03
9.840625000000000000e+03
1.057959375000000000e+04
1.113584375000000000e+04
1.188293750000000000e+04
1.258046875000000000e+04
1.368156250000000000e+04
1.423873437500000000e+04
1.521976562500000000e+04
1.596610937500000000e+04
1.676445312500000000e+04
1.794487500000000000e+04
1.842909375000000000e+04
1.979307812500000000e+04
2.061464062500000000e+04
2.148562500000000000e+04
2.220026562500000000e+04
2.294203125000000000e+04
2.401117187500000000e+04
2.498812500000000000e+04
2.580471875000000000e+04
2.662082812500000000e+04
2.723542187500000000e+04
2.768387500000000000e+04
2.799857812500000000e+04
2.839396875000000000e+04
2.860412500000000000e+04
2.849860937500000000e+04
2.852632812500000000e+04
2.840110937500000000e+04
2.788348437500000000e+04
2.710345312500000000e+04
2.633793750000000000e+04
2.491428125000000000e+04
2.363134375000000000e+04
2.200993750000000000e+04
1.983267187500000000e+04
1.801214062500000000e+04
1.607746875000000000e+04
1.386857812500000000e+04
1.203217187500000000e+04
1.049348437500000000e+04
8.725343750000000000e+03
7.154203125000000000e+03
6.079281250000000000e+03
4.845546875000000000e+03
3.838359375000000000e+03
3.039187500000000000e+03
2.208890625000000000e+03
1.734906250000000000e+03
1.327734375000000000e+03
9.794687500000000000e+02
6.559843750000000000e+02
4.857656250000000000e+02
2.917656250000000000e+02
2.114375000000000000e+02
1.306875000000000000e+02
7.962500000000000000e+01
6.090625000000000000e+01
3.539062500000000000e+01
1.673437500000000000e+01
1.176562500000000000e+01
5.906250000000000000e+00
9.687500000000000000e-01
1.968750000000000000e+00
0.000000000000000000e+00
