1.240195927061526898e-01
0.000000000000000000e+00
0.000000000000000000e+00
0.000000000000000000e+00
0.000000000000000000e+00
0.000000000000000000e+00
0.000000000000000000e+00
0.000000000000000000e+00
0.000000000000000000e+00
0.000000000000000000e+00
0.000000000000000000e+00
0.000000000000000000e+00
0.000000000000000000e+00
0.000000000000000000e+00
0.000000000000000000e+00
0.000000000000000000e+00
0.000000000000000000e+00
0.000000000000000000e+00
0.000000000000000000e+00
0.000000000000000000e+00
0.000000000000000000e+00
0.000000000000000000e+00
0.000000000000000000e+00
2.914805954090254891e-01
5.482126497765260620e-01
1.011168105460214850e+00
1.639359631075500090e+00
1.841364982832029318e+00
2.504488158786142282e+00
2.945758006757344116e+00
3.940691910613541182e+00
4.491311055805420338e+00
4.652761906585699769e+00
5.559251157979822722e+00
5.955380150282179486e+00
8.115604543678493599e+00
7.682099220753400459e+00
8.093146695661706858e+00
9.307622464276255059e+00
8.507120179590740960e+00
1.264724795595369855e+01
1.118548122497977282e+01
1.279770487235894905e+01
1.242599184924487155e+01
1.385401002417711602e+01
1.642756799512255839e+01
1.705413456788045323e+01
1.619840818520063763e+01
2.039445007226230544e+01
2.211491207166557871e+01
2.125357851302634060e+01
2.576387672206960389e+01
2.818479321122251946e+01
2.600803192495300920e+01
2.884366112526936021e+01
3.029772513634480902e+01
3.125243740494491362e+01
3.563771702845175327e+01
3.712896851158640743e+01
3.649328049770772253e+01
3.775243162698264854e+01
3.976802853738163179e+01
4.245891568898544932e+01
4.474873154190378699e+01
4.536965145818843581e+01
4.441106588945484646e+01
4.675826871644602534e+01
4.237887150455991048e+01
4.332706284760138260e+01
4.761439504219679719e+01
4.499374956591193353e+01
4.102999748183486162e+01
3.754169231813311569e+01
3.853574525177079124e+01
3.212372322365513355e+01
3.079352547107102467e+01
2.596500330222153252e+01
2.254074002639443108e+01
2.272919292314401574e+01
1.814696944395950595e+01
1.633851344169276132e+01
1.870484145214815896e+01
1.455149798989780940e+01
1.175531794550874665e+01
1.043689182359863388e+01
9.537549147972974595e+00
8.149901744039617313e+00
7.158842325229687553e+00
5.562302489470974720e+00
4.771333670998078702e+00
2.979093821953246124e+00
2.721442632134654982e+00
2.082232782225609036e+00
1.430349061418225931e+00
1.136980478889149548e+00
7.395099728874520162e-01
5.877575898063758242e-01
4.038389994787526804e-01
1.739926363384381724e-01
1.739926363384381724e-01
