0.000000000000000000e+00
1.240195927061526898e-01
2.113710821635731707e-01
3.750000000000000000e-01
5.410403029118995288e-01
9.098795850962917431e-01
1.273221799216460060e+00
1.486593736533287080e+00
1.988001116071115293e+00
2.295067315870059410e+00
3.356684969486263714e+00
3.283741613521837355e+00
4.088379110356572532e+00
3.549558456255510031e+00
4.205534857482458477e+00
4.669522819236993527e+00
6.103277807866851035e+00
5.691426357634349564e+00
6.312635363647657982e+00
7.099306056536441645e+00
7.138077362812762061e+00
7.692690701852961332e+00
9.513135963465202849e+00
9.321461711421658691e+00
8.832590131863925720e+00
9.320138960035681208e+00
1.080653737327549280e+01
1.085719402559312208e+01
1.273036746757040838e+01
1.192161901756636411e+01
1.299668489882612299e+01
1.459056275420434190e+01
1.479203986471693533e+01
1.535713361061806381e+01
1.511902645468616058e+01
1.677723415636498672e+01
2.054101627498929261e+01
1.932453104217538353e+01
2.125151074592992373e+01
1.851179417121689852e+01
2.349991169365057431e+01
2.088341311566131253e+01
2.669503699192042845e+01
2.365763288560374988e+01
2.426254105483388912e+01
2.240672942304387405e+01
2.937591421449722162e+01
2.813747987005055151e+01
2.975846370546327435e+01
3.283955729661256839e+01
3.436153145233780037e+01
3.396091144035116827e+01
3.249445565688860427e+01
3.669371486968169904e+01
3.268202855139770691e+01
3.761796225188673048e+01
3.487401642318210548e+01
3.655774207824349276e+01
3.635457706310857162e+01
3.643925542512497628e+01
4.251294609807111158e+01
3.714661618169277801e+01
3.371427507377253363e+01
3.406450682161712962e+01
3.075417591055725097e+01
2.873041112545206843e+01
2.800159994731327728e+01
2.765689882713488501e+01
2.643203253157047783e+01
2.066836704929479751e+01
1.999763169571587085e+01
1.828098290403172044e+01
1.750309682420513724e+01
1.690927508748896813e+01
1.492951375160540906e+01
1.324549414836513428e+01
1.093571413991788610e+01
1.091577082639494556e+01
1.085125595769333096e+01
1.095904128733439897e+01
9.168760118433407769e+00
8.569098164881470581e+00
6.851593678663380871e+00
4.986872415088940080e+00
4.494761490821843175e+00
4.487830767754060091e+00
3.235808860914840768e+00
2.654411128197740055e+00
2.469293848324860541e+00
1.989965059366621158e+00
1.405555384003063679e+00
9.662265521087691766e-01
7.151745307091129655e-01
6.758602735588177257e-01
4.635124054434789365e-01
2.683681880830885436e-01
2.113710821635731707e-01
0.000000000000000000e+00
1.739926363384381724e-01
0.000000000000000000e+00
