0.000000000000000000e+00
1.240195927061526898e-01
1.240195927061526898e-01
1.739926363384381724e-01
2.997394702070449446e-01
4.960783708246107593e-01
7.206157848500128749e-01
8.533882377763358784e-01
1.407898339502891893e+00
1.911876940992803586e+00
1.798436821242269890e+00
2.633125445050994884e+00
3.677289890326842503e+00
3.573413929196420202e+00
4.270058364647958626e+00
4.925122936282910757e+00
5.446382830604179937e+00
5.192768409047335609e+00
5.600554520536337400e+00
7.617039261378071302e+00
7.345927203857590904e+00
6.266209449050917257e+00
8.809161047419612700e+00
9.775407600197548064e+00
9.875383200634544778e+00
1.141882868062657330e+01
1.080653737327549280e+01
1.115498067008634564e+01
1.323049123946272765e+01
1.299052201065742373e+01
1.546641396502434240e+01
1.634192747964572234e+01
1.838368735965393697e+01
1.694660012685066519e+01
1.822841590715921356e+01
1.971262657497409876e+01
1.889483126247757738e+01
1.938847817487231140e+01
2.191825522502589507e+01
2.112467062428133957e+01
2.539206245930999728e+01
2.513632751492349726e+01
2.891237688446550180e+01
2.662969442182917845e+01
3.102555335425139660e+01
3.050454628002193402e+01
3.263909163463920748e+01
3.488261215647955282e+01
3.463010101753061321e+01
3.542046548254271698e+01
3.912464743750894058e+01
3.655613927043410882e+01
3.902380270725003442e+01
3.873133370976914591e+01
4.333010273163883141e+01
4.054222336034371921e+01
4.187140551270491073e+01
4.097669879028811835e+01
4.847510385093955421e+01
4.288710424984997616e+01
4.078142660402373565e+01
4.288355189857178829e+01
3.932584978023361089e+01
4.171925327411793205e+01
3.817179185418697074e+01
3.468776745392386829e+01
3.889928087682823588e+01
2.955796988942872261e+01
3.068692718406324715e+01
3.206438834595164877e+01
2.706062349152362145e+01
2.145123011478595743e+01
1.617306758887673013e+01
1.668052727686912817e+01
1.732585647910010351e+01
1.566257201449924708e+01
1.481506273980555832e+01
1.152375264399579180e+01
1.159067513132863247e+01
1.302506597871964722e+01
8.986046040250405653e+00
9.237956686951935836e+00
7.145649217137306053e+00
8.123797988010288407e+00
5.668495032854840687e+00
5.457219988235768149e+00
3.762187227448283267e+00
3.686837864281530930e+00
3.084740669813266667e+00
2.378287198805055791e+00
1.922065539335222617e+00
1.380316426584861089e+00
1.112671159586245517e+00
8.266496291507061667e-01
8.947273938887755351e-01
4.757292921136977992e-01
4.858847439208191510e-01
3.408972535823660555e-01
2.113710821635731707e-01
0.000000000000000000e+00
