0.000000000000000000e+00
3.937500000000000000e+00
1.968750000000000000e+00
6.859375000000000000e+00
4.890625000000000000e+00
1.076562500000000000e+01
1.668750000000000000e+01
2.056250000000000000e+01
2.940625000000000000e+01
3.626562500000000000e+01
5.189062500000000000e+01
7.237500000000000000e+01
7.539062500000000000e+01
1.194375000000000000e+02
1.430625000000000000e+02
1.702187500000000000e+02
2.260468750000000000e+02
2.584375000000000000e+02
3.062812500000000000e+02
3.941718750000000000e+02
4.666875000000000000e+02
5.683281250000000000e+02
6.790312500000000000e+02
8.053906250000000000e+02
9.196250000000000000e+02
1.101281250000000000e+03
1.296859375000000000e+03
1.495265625000000000e+03
1.750234375000000000e+03
1.995046875000000000e+03
2.287343750000000000e+03
2.575593750000000000e+03
2.983906250000000000e+03
3.268578125000000000e+03
3.692656250000000000e+03
4.095187500000000000e+03
4.591421875000000000e+03
5.135156250000000000e+03
5.483328125000000000e+03
5.956796875000000000e+03
6.426031250000000000e+03
6.987296875000000000e+03
7.496453125000000000e+03
7.706125000000000000e+03
7.907468750000000000e+03
8.230812500000000000e+03
8.521984375000000000e+03
8.773000000000000000e+03
8.722171875000000000e+03
8.616953125000000000e+03
8.628750000000000000e+03
8.449015625000000000e+03
8.137546875000000000e+03
7.927593750000000000e+03
7.534156250000000000e+03
7.270078125000000000e+03
6.928437500000000000e+03
6.441359375000000000e+03
6.087875000000000000e+03
5.648531250000000000e+03
5.279656250000000000e+03
4.652062500000000000e+03
4.367109375000000000e+03
3.945187500000000000e+03
3.467687500000000000e+03
3.057328125000000000e+03
2.794531250000000000e+03
2.427515625000000000e+03
2.165843750000000000e+03
1.824156250000000000e+03
1.498234375000000000e+03
1.339406250000000000e+03
1.032593750000000000e+03
9.150156250000000000e+02
8.052812500000000000e+02
6.474531250000000000e+02
5.177968750000000000e+02
3.373750000000000000e+02
3.372656250000000000e+02
2.584531250000000000e+02
1.955625000000000000e+02
1.464218750000000000e+02
1.190625000000000000e+02
6.445312500000000000e+01
5.578125000000000000e+01
4.209375000000000000e+01
2.981250000000000000e+01
2.973437500000000000e+01
1.726562500000000000e+01
9.625000000000000000e+00
6.703125000000000000e+00
4.734375000000000000e+00
4.781250000000000000e+00
1.937500000000000000e+00
1.937500000000000000e+00
0.000000000000000000e+00
0.000000000000000000e+00
0.000000000000000000e+00
9.062500000000000000e-01
0.000000000000000000e+00
