4.212611274494716618e+00
7.588652481460393950e+00
1.055176969754363014e+01
1.321020520220541528e+01
1.359557279445684053e+01
1.522099572753044328e+01
1.916537303152485094e+01
1.973723875697915275e+01
2.045877619598738306e+01
2.195725606149365916e+01
2.380712189103031662e+01
2.349330335934848790e+01
2.541971410607080273e+01
2.600345060485963700e+01
2.622452260647465039e+01
3.485997380144598168e+01
3.004058127662479194e+01
3.677443915275934927e+01
3.165934631328282833e+01
3.274874386307625684e+01
3.605096219242975764e+01
3.932203468933639812e+01
3.975794682748971809e+01
3.776543752539317467e+01
4.022378804886481873e+01
3.672570412871617407e+01
3.646097014274305081e+01
3.474189147754479734e+01
3.023081374375117747e+01
2.982883707898071890e+01
2.477790015189947326e+01
2.358145374945107164e+01
2.004370225282744400e+01
1.809069355661565126e+01
1.574124725790097656e+01
1.159159135901430027e+01
8.945145331407422518e+00
7.729164911837177243e+00
6.808700201763916660e+00
4.357302374678052814e+00
3.016515412587013500e+00
2.291287847477919914e+00
1.739294823879781404e+00
1.094084770196075862e+00
3.630921887069453180e-01
2.420614591379635638e-01
0.000000000000000000e+00
0.000000000000000000e+00
0.000000000000000000e+00
0.000000000000000000e+00
