6.643593750000000000e+02
1.983609375000000000e+03
3.229375000000000000e+03
4.334500000000000000e+03
5.309734375000000000e+03
5.802546875000000000e+03
6.496281250000000000e+03
6.927609375000000000e+03
7.266984375000000000e+03
7.633078125000000000e+03
7.954796875000000000e+03
8.349531250000000000e+03
8.433921875000000000e+03
8.848875000000000000e+03
9.428640625000000000e+03
9.436406250000000000e+03
9.533812500000000000e+03
9.706578125000000000e+03
1.002045312500000000e+04
1.010862500000000000e+04
9.874453125000000000e+03
9.963078125000000000e+03
9.790187500000000000e+03
9.780421875000000000e+03
9.413140625000000000e+03
8.954296875000000000e+03
8.289906250000000000e+03
7.586718750000000000e+03
6.907390625000000000e+03
5.874250000000000000e+03
5.210500000000000000e+03
4.329968750000000000e+03
3.450687500000000000e+03
2.627703125000000000e+03
1.904156250000000000e+03
1.281875000000000000e+03
9.355937500000000000e+02
7.376562500000000000e+02
4.660781250000000000e+02
2.803906250000000000e+02
1.427187500000000000e+02
8.301562500000000000e+01
3.570312500000000000e+01
1.835937500000000000e+01
1.937500000000000000e+00
2.890625000000000000e+00
0.000000000000000000e+00
0.000000000000000000e+00
0.000000000000000000e+00
0.000000000000000000e+00
