1.422721706515287787e-01
1.494536339668997571e-01
1.569975955495977182e-01
1.649223532016226013e-01
1.732471283419629859e-01
1.819921126279520629e-01
1.911785169299269616e-01
2.008286227779785549e-01
2.109658364055758961e-01
2.216147455211473494e-01
2.328011789453168223e-01
2.445522692584451430e-01
2.568965186104274490e-01
2.698638678523678780e-01
2.834857691578083205e-01
2.977952623096558615e-01
3.128270548378391802e-01
3.286176062020695343e-01
3.452052162238881672e-01
3.626301179824945597e-01
3.809345753996694062e-01
4.001629857504871435e-01
4.203619873484540359e-01
4.415805726662633268e-01
4.638702071665380955e-01
4.872849541307874288e-01
5.118816057893448290e-01
5.377198210703449943e-01
5.648622703018457702e-01
5.933747872180716865e-01
6.233265286384650494e-01
6.547901422068477251e-01
6.878419425975415002e-01
7.225620966158333713e-01
7.590348176417454074e-01
7.973485698887309292e-01
8.375962829727228165e-01
8.798755773119709689e-01
9.242890009043727151e-01
9.709442780565973319e-01
1.019954570668295313e+00
1.071438752705133002e+00
1.125521698526386505e+00
1.182334585766428692e+00
1.242015213504744198e+00
1.304708336496195109e+00
1.370566016272204646e+00
1.439747989964452524e+00
1.512422057745661297e+00
1.588764489827206638e+00
1.668960454000721461e+00
1.753204464760687920e+00
1.841700855097361700e+00
1.934664272104361427e+00
2.032320197603007639e+00
2.134905495046185209e+00
2.242668984028234114e+00
2.355872043794343451e+00
2.474789247213249332e+00
2.599709026750932850e+00
2.730934374060625558e+00
2.868783574885982457e+00
3.013590981059911744e+00
3.165707821471541727e+00
3.325503053968310585e+00
3.493364260259472776e+00
3.669698585991586715e+00
3.854933728276134008e+00
4.049518973064511584e+00
4.253926284886524911e+00
4.468651451595554214e+00
4.694215286896945116e+00
4.931164893576346131e+00
5.180074990491940312e+00
5.441549306549188891e+00
5.716222045039142330e+00
6.004759421892067017e+00
6.307861281577393342e+00
6.626262794569353076e+00
6.960736240495484672e+00
7.312092881293000168e+00
7.681184928916349186e+00
8.068907612368644067e+00
8.476201349070485946e+00
8.904054025832845554e+00
9.353503394966464768e+00
9.825639591339513146e+00
1.032160777648861050e+01
1.084261091619648276e+01
1.138991269827321950e+01
1.196484059761814933e+01
1.256878909599676319e+01
1.320322306434197301e+01
1.386968131578366226e+01
1.456978033802429273e+01
1.530521821411331729e+01
1.607777874113035566e+01
1.688933575676684384e+01
1.774185768430026755e+01
1.863741230698477480e+01
