3.614714665001236504e+00
6.308457090238071885e+00
8.544903794623728288e+00
1.115488218155507916e+01
1.234972165678239087e+01
1.277475385036831135e+01
1.318349131904652261e+01
1.631992168332924464e+01
1.570377019818807796e+01
1.856238820462967709e+01
1.795480437097547366e+01
1.743100237364449612e+01
1.792202484680163010e+01
1.689552426633678195e+01
1.984114156084523373e+01
1.905588384159535664e+01
2.205523959856251537e+01
2.174065891365760805e+01
2.518385034817700330e+01
2.191945817041048628e+01
2.515401290518821042e+01
2.857152055998026441e+01
2.715292341535253584e+01
2.611684980525025068e+01
2.448352742629980838e+01
2.115317439793316368e+01
2.558952861248864252e+01
2.012762017104853740e+01
1.811939568528707767e+01
1.687742314778458663e+01
1.541818598228647019e+01
1.394993139544062366e+01
1.177221138688479307e+01
9.817760830982541265e+00
8.815602290825056642e+00
6.329185867866419457e+00
5.659270602294963481e+00
3.912089385402000463e+00
3.549283323345010288e+00
3.075188955068452579e+00
2.715650172495529535e+00
2.068882171004429171e+00
1.171666648144855216e+00
7.627497029661827188e-01
6.817945071647321109e-01
1.739926363384381724e-01
1.739926363384381724e-01
0.000000000000000000e+00
0.000000000000000000e+00
0.000000000000000000e+00
