6.143654682227691621e-01
6.455590175081860060e-01
6.783363757271297922e-01
7.127779585679523411e-01
7.489682647133590887e-01
7.869960831487498032e-01
8.269547109963503173e-01
8.689421824095689972e-01
9.130615090891441854e-01
9.594209330111634904e-01
1.008134191986995942e+00
1.059320798706658406e+00
1.113106333950220517e+00
1.169622754686608035e+00
1.229008717815694984e+00
1.291409920347946771e+00
1.356979456856211241e+00
1.425878195076624833e+00
1.498275170580130933e+00
1.574348001482893888e+00
1.654283324213055684e+00
1.738277251402940982e+00
1.826535853030100132e+00
1.919275661987617676e+00
2.016724205324045727e+00
2.119120562456308754e+00
2.226715951725082299e+00
2.339774346731707144e+00
2.458573123968751606e+00
2.583403743333107183e+00
2.714572463191188501e+00
2.852401091750575102e+00
2.997227776581492531e+00
3.149407834225152580e+00
3.309314621924290822e+00
3.477340453614614635e+00
3.653897562424430312e+00
3.839419112043853222e+00
4.034360259444872199e+00
4.239199271559545679e+00
4.454438698655970974e+00
4.680606607290785703e+00
4.918257875863112361e+00
5.167975555948438604e+00
5.430372302752334512e+00
5.706091878193456424e+00
5.995810730303489322e+00
6.300239652818932612e+00
6.620125529036316792e+00
6.956253164209263318e+00
7.309447210982929377e+00
7.680574192589703308e+00
8.070544628769841466e+00
8.480315269632754394e+00
8.910891442939490759e+00
9.363329520565203623e+00
9.838739510192814564e+00
1.033828777859629788e+01
1.086319991319487066e+01
1.141476372889863278e+01
1.199433242762255958e+01
1.260332791822043141e+01
1.324324430498376337e+01
1.391565155326441428e+01
1.462219934121404918e+01
1.536462110709031670e+01
1.614473830205934490e+01
1.696446485892832357e+01
1.782581188777177772e+01
1.873089260997173255e+01
1.968192754277680834e+01
2.068124994710014519e+01
2.173131155192160691e+01
2.283468856933856728e+01
2.399408801502245936e+01
2.521235434958773070e+01
2.649247645716701172e+01
2.783759497831367824e+01
2.925101001522234512e+01
3.073618922817121657e+01
3.229677634304988487e+01
3.393660009084507578e+01
3.565968360101626189e+01
3.747025427180683721e+01
3.937275414170656518e+01
4.137185078751052458e+01
4.347244877571187516e+01
4.567970169532296154e+01
4.799902480164624308e+01
5.043610830201508577e+01
5.299693131609934937e+01
5.568777654502610375e+01
5.851524568530446402e+01
6.148627562537098612e+01
6.460815546449190094e+01
6.788854439577657729e+01
7.133549049717591117e+01
7.495745047656748739e+01
7.876331041936974486e+01
8.276240758958746824e+01
