7.019754756344862567e-01
7.371732286641200504e-01
7.741358322638043354e-01
8.129517778077468559e-01
8.537139937162380177e-01
8.965200679335837419e-01
9.414724815613034758e-01
9.886788542059309348e-01
1.038252201628799165e+00
1.090311206314644066e+00
1.144980501606787993e+00
1.202390970089145750e+00
1.262680056929404326e+00
1.325992098933541863e+00
1.392478670099470017e+00
1.462298944497081754e+00
1.535620077343469392e+00
1.612617605185633129e+00
1.693475866148752562e+00
1.778388441256127939e+00
1.867558617877342897e+00
1.961199876414183585e+00
2.059536401389477689e+00
2.162803618162436603e+00
2.271248756555444892e+00
2.385131442741659669e+00
2.504724320810448379e+00
2.630313705498735555e+00
2.762200267650960051e+00
2.900699754048673196e+00
3.046143743333117104e+00
3.198880439830517286e+00
3.359275507180573328e+00
3.527712943763905873e+00
3.704596002024331369e+00
3.890348153886850735e+00
4.085414104582683059e+00
4.290260857308497933e+00
4.505378831268711970e+00
4.731283035777570589e+00
4.968514303231857276e+00
5.217640583906106855e+00
5.479258305670144935e+00
5.753993801884211834e+00
6.042504810890200417e+00
6.345482050688858067e+00
6.663650872572906891e+00
6.997772997674967854e+00
7.348648340587733863e+00
7.717116924422301238e+00
8.104060891889414364e+00
8.510406617218373881e+00
8.937126923969637815e+00
9.385243414050789212e+00
9.855828913511688327e+00
1.035001004097423660e+01
1.086896990484578573e+01
1.141395093577353670e+01
1.198625786112102709e+01
1.258726082858782824e+01
1.321839868645069060e+01
1.388118242827927951e+01
1.457719881037333209e+01
1.530811415058180813e+01
1.607567831759862997e+01
1.688172892028563865e+01
1.772819570705246051e+01
1.861710518582568952e+01
1.955058547566790494e+01
2.053087140166172730e+01
2.156030984525648364e+01
2.264136536288664914e+01
2.377662608631332475e+01
2.496880991881484135e+01
2.622077104206058351e+01
2.753550674924585451e+01
2.891616462084707351e+01
3.036605006017651220e+01
3.188863420677726523e+01
3.348756224660370151e+01
3.516666213888279913e+01
3.692995378054904165e+01
3.878165863019307835e+01
4.072620981456500999e+01
4.276826274182780452e+01
4.491270624696981173e+01
4.716467429605940964e+01
4.952955827736276717e+01
5.201301990875060000e+01
5.462100479229500394e+01
5.735975664850753475e+01
6.023583226429630599e+01
6.325611719042826309e+01
6.642784222607831168e+01
6.975860072993008032e+01
7.325636679927261241e+01
7.692951436061512993e+01
8.078683721752432234e+01
8.483757010368033491e+01
8.909141079155419618e+01
