2.513692918825403133e-01
2.625737868938274877e-01
2.742777092914820414e-01
2.865033204727383542e-01
2.992738741108255662e-01
3.126136603845211526e-01
3.265480521791851443e-01
3.411035533471515335e-01
3.563078491192713249e-01
3.721898587634915323e-01
3.887797905906291152e-01
4.061091994119637172e-01
4.242110465579363998e-01
4.431197625721116640e-01
4.628713126996504279e-01
4.835032652948567100e-01
5.050548632779098268e-01
5.275670987766990505e-01
5.510827910957307729e-01
5.756466681604104352e-01
6.013054515916069764e-01
6.281079455723199700e-01
6.561051296754736306e-01
6.853502558294026770e-01
7.158989496054630752e-01
7.478093160204198897e-01
7.811420500548541535e-01
8.159605520978004956e-01
8.523310485371941025e-01
8.903227177254995350e-01
9.300078215601093046e-01
9.714618429287870116e-01
1.014763629281582924e+00
1.059995542602300000e+00
1.107243616064764735e+00
1.156597717671870473e+00
1.208151721188640559e+00
1.262003684694435135e+00
1.318256037093916477e+00
1.377015772941522664e+00
1.438394655950018697e+00
1.502509431570204113e+00
1.569482049046115435e+00
1.639439893368082490e+00
1.712516027564821464e+00
1.788849445795419379e+00
1.868585337722601158e+00
1.951875364670126123e+00
2.038877948089583114e+00
2.129758570885257996e+00
2.224690092170206412e+00
2.323853076052217581e+00
2.427436135075027313e+00
2.535636288968031060e+00
2.648659339386840728e+00
2.766720261357477284e+00
2.890043612168730292e+00
3.018863958490419108e+00
3.153426322529961023e+00
3.293986648075845736e+00
3.440812287314461315e+00
3.594182509346216303e+00
3.754389031368177587e+00
3.921736573533559866e+00
4.096543438543433169e+00
4.279142117073063467e+00
4.469879920184421707e+00
4.669119639927759913e+00
4.877240239388727971e+00
5.094637573493543847e+00
5.321725141943224990e+00
5.558934875708978929e+00
5.806717958584733275e+00
6.065545685359392536e+00
6.335910358241155116e+00
6.618326223238888417e+00
6.913330448281624463e+00
7.221484144936608729e+00
7.543373435669225913e+00
7.879610568674818794e+00
8.230835082402839120e+00
8.597715021988312500e+00
8.980948209904322965e+00
9.381263573252368815e+00
9.799422530215146310e+00
1.023622043830885531e+01
1.069248810718966780e+01
1.116909337889180698e+01
1.166694277850291428e+01
1.218698323841634235e+01
1.273020389943996911e+01
1.329763799218743259e+01
1.389036480233012938e+01
1.450951172344804974e+01
1.515625640138409125e+01
1.583182897418048363e+01
1.653751441185775661e+01
1.727465496048663240e+01
1.804465269520166260e+01
1.884897218701241783e+01
