0.000000000000000000e+00
1.000000000000000000e+00
0.000000000000000000e+00
0.000000000000000000e+00
0.000000000000000000e+00
1.000000000000000000e+00
3.000000000000000000e+00
1.200000000000000000e+01
2.900000000000000000e+01
5.600000000000000000e+01
1.070000000000000000e+02
1.680000000000000000e+02
3.010000000000000000e+02
4.250000000000000000e+02
5.620000000000000000e+02
7.190000000000000000e+02
9.110000000000000000e+02
1.075000000000000000e+03
1.314000000000000000e+03
1.597000000000000000e+03
1.882000000000000000e+03
2.151000000000000000e+03
2.492000000000000000e+03
2.837000000000000000e+03
3.153000000000000000e+03
3.489000000000000000e+03
3.836000000000000000e+03
4.315000000000000000e+03
4.689000000000000000e+03
5.145000000000000000e+03
5.569000000000000000e+03
6.023000000000000000e+03
6.630000000000000000e+03
7.094000000000000000e+03
7.685000000000000000e+03
8.347000000000000000e+03
9.006000000000000000e+03
9.712000000000000000e+03
1.055400000000000000e+04
1.109300000000000000e+04
1.200900000000000000e+04
1.267700000000000000e+04
1.353900000000000000e+04
1.449500000000000000e+04
1.551600000000000000e+04
1.653400000000000000e+04
1.749200000000000000e+04
1.821500000000000000e+04
1.962600000000000000e+04
2.035400000000000000e+04
2.190300000000000000e+04
2.285100000000000000e+04
2.374000000000000000e+04
2.488700000000000000e+04
2.575000000000000000e+04
2.695800000000000000e+04
2.794900000000000000e+04
2.874300000000000000e+04
2.948900000000000000e+04
3.040400000000000000e+04
3.091800000000000000e+04
3.097500000000000000e+04
3.162600000000000000e+04
3.147900000000000000e+04
3.161100000000000000e+04
3.122400000000000000e+04
3.086300000000000000e+04
2.983400000000000000e+04
2.870700000000000000e+04
2.731600000000000000e+04
2.549600000000000000e+04
2.333900000000000000e+04
2.136300000000000000e+04
1.871100000000000000e+04
1.635100000000000000e+04
1.391400000000000000e+04
1.189300000000000000e+04
9.775000000000000000e+03
8.326000000000000000e+03
6.561000000000000000e+03
5.543000000000000000e+03
4.240000000000000000e+03
3.308000000000000000e+03
2.524000000000000000e+03
1.782000000000000000e+03
1.282000000000000000e+03
9.630000000000000000e+02
6.550000000000000000e+02
3.820000000000000000e+02
3.050000000000000000e+02
1.620000000000000000e+02
1.100000000000000000e+02
6.900000000000000000e+01
4.300000000000000000e+01
2.100000000000000000e+01
1.100000000000000000e+01
5.000000000000000000e+00
2.000000000000000000e+00
2.000000000000000000e+00
0.000000000000000000e+00
