4.093123759352384816e+00
6.842465632906021611e+00
8.007671492660959345e+00
1.129781505424832133e+01
1.144269648004241091e+01
1.288856044073095930e+01
1.514922517614349751e+01
1.337776512013030583e+01
1.479019945774903988e+01
1.615095264943758835e+01
1.780624890312386910e+01
1.586767024437976481e+01
1.769445534623770300e+01
1.920956970781425355e+01
1.631226053464080650e+01
1.965602642957115975e+01
1.674929307043658611e+01
1.908548179204221640e+01
1.640491065961652950e+01
2.005903761984544786e+01
2.338968038339771738e+01
1.967325253318258405e+01
1.853122365090875334e+01
1.948601637031989497e+01
1.861199210186808628e+01
1.633743753574516333e+01
1.597605630310559377e+01
1.567192952383336824e+01
1.547514861348268234e+01
1.347436802785199284e+01
1.212611745817163822e+01
1.350382432810702049e+01
8.720485938294952888e+00
1.003936344393283697e+01
8.924980304600117265e+00
5.706270536655267733e+00
4.585318580466901217e+00
6.071192222290445528e+00
4.318355399845524190e+00
3.724096734024910038e+00
2.733928534979471525e+00
1.824783270521461054e+00
1.193140387538281333e+00
5.590169943749474513e-01
3.903123748998998943e-01
1.739926363384381724e-01
0.000000000000000000e+00
0.000000000000000000e+00
0.000000000000000000e+00
0.000000000000000000e+00
