4.182833220438031852e+00
6.569025773231142118e+00
8.740173053206669707e+00
1.166314934888407429e+01
1.209135756374671899e+01
1.542610915785312287e+01
1.577403145550860764e+01
1.492451710902232165e+01
1.514995842351968314e+01
1.669539110007234939e+01
1.567858779464448382e+01
1.745482450319968137e+01
1.526951076440810517e+01
1.508167056759213942e+01
1.934392669547731813e+01
2.159987137367662768e+01
2.078793947784087237e+01
1.649507946280875004e+01
2.034659998278274884e+01
2.281531981716177881e+01
2.248730110390084036e+01
2.236975649977833314e+01
2.608347009332490885e+01
2.043413102966455952e+01
1.977846050631848485e+01
1.905491011811325919e+01
1.841364982832029540e+01
2.391565889191378602e+01
1.811103314237967510e+01
1.777286571882472188e+01
1.628157989109164916e+01
1.113395005153157591e+01
1.256106179578382687e+01
9.368956385318483626e+00
8.253787009609588665e+00
6.505931788568029894e+00
6.254919938536383839e+00
4.736720747257536779e+00
3.056115794599412627e+00
3.203048779580948136e+00
2.350978436603577304e+00
1.927836283083965707e+00
1.311011060212689427e+00
5.555121510822242925e-01
4.736720747257536779e-01
1.739926363384381724e-01
0.000000000000000000e+00
0.000000000000000000e+00
0.000000000000000000e+00
0.000000000000000000e+00
