0.000000000000000000e+00
2.914805954090254891e-01
3.121091305537215255e-01
2.420614591379635638e-01
2.683681880830885436e-01
5.439654745477878750e-01
7.273601132692113502e-01
5.960072225862703688e-01
8.782028435247747344e-01
9.640764281813968273e-01
1.130196332501570256e+00
1.198856062826142654e+00
1.333170562981346396e+00
1.818954026356905951e+00
1.545453892671987850e+00
1.919269066598010998e+00
2.326603949429296492e+00
1.988246715073358262e+00
2.371708245126284531e+00
2.731292905841480767e+00
3.252252824966103351e+00
2.976101096128120460e+00
3.299761769336538197e+00
3.770257782963918114e+00
4.665128908655686857e+00
5.943890475469328472e+00
4.705356613411463940e+00
6.156626733396706186e+00
6.503285677976556656e+00
7.186616793561487526e+00
9.443176583352395070e+00
7.940682801836061344e+00
8.830820937913983926e+00
9.915069023965491724e+00
1.172803798595485425e+01
1.085926258934624933e+01
1.273581280226648893e+01
1.236043176582031933e+01
1.427293076891971069e+01
1.356635169960958898e+01
1.438800362932606447e+01
1.566076375801560339e+01
1.660466331335868873e+01
1.642025443954432262e+01
2.115742126558373926e+01
1.619820471340882762e+01
1.939061870467262949e+01
1.702476940923136439e+01
2.319314284438398488e+01
1.890921980807246428e+01
2.121815168523168182e+01
1.663145287127300165e+01
1.921140611720027280e+01
2.131052387282806748e+01
1.879637494139495146e+01
1.853116436531647082e+01
2.081744967419160020e+01
1.873639480354678710e+01
1.529187865287895143e+01
1.709742733525646585e+01
1.688492185168471593e+01
1.382160863410532947e+01
1.667728502896979492e+01
1.460080798277958358e+01
1.318198196165887559e+01
1.123174517202803102e+01
1.363502175866892330e+01
1.167101737143660500e+01
1.190834135175843933e+01
1.577181029558750502e+01
8.781138789331370376e+00
8.371209496691621510e+00
9.705011893829651015e+00
6.722727746932416260e+00
9.347759904617522153e+00
6.294141000764123639e+00
5.854664773441345282e+00
6.828178632512480029e+00
5.346741669874747416e+00
4.337309749069692799e+00
3.951086430891508794e+00
3.699530164426288348e+00
3.504322108125907054e+00
3.030444480600164248e+00
2.413948723046949851e+00
2.256446927001607872e+00
1.627102005868101608e+00
1.713913650100260977e+00
1.165922381636101957e+00
1.357487914310842037e+00
1.037857619088475847e+00
1.131491686889479542e+00
9.013878188659972812e-01
7.027776920015318396e-01
5.075119302784910635e-01
3.121091305537215255e-01
2.914805954090254891e-01
2.420614591379635638e-01
1.739926363384381724e-01
0.000000000000000000e+00
