0.000000000000000000e+00
3.000000000000000000e+00
1.000000000000000000e+00
6.000000000000000000e+00
5.000000000000000000e+00
5.000000000000000000e+00
7.000000000000000000e+00
1.200000000000000000e+01
2.100000000000000000e+01
3.000000000000000000e+01
3.900000000000000000e+01
4.400000000000000000e+01
5.600000000000000000e+01
8.100000000000000000e+01
1.230000000000000000e+02
1.390000000000000000e+02
1.540000000000000000e+02
1.720000000000000000e+02
2.220000000000000000e+02
2.740000000000000000e+02
3.260000000000000000e+02
4.150000000000000000e+02
4.960000000000000000e+02
6.090000000000000000e+02
6.640000000000000000e+02
8.350000000000000000e+02
9.980000000000000000e+02
1.132000000000000000e+03
1.339000000000000000e+03
1.547000000000000000e+03
1.699000000000000000e+03
1.965000000000000000e+03
2.254000000000000000e+03
2.639000000000000000e+03
2.824000000000000000e+03
3.332000000000000000e+03
3.668000000000000000e+03
4.075000000000000000e+03
4.508000000000000000e+03
4.911000000000000000e+03
5.325000000000000000e+03
5.795000000000000000e+03
6.203000000000000000e+03
6.483000000000000000e+03
7.032000000000000000e+03
7.184000000000000000e+03
7.667000000000000000e+03
7.622000000000000000e+03
7.939000000000000000e+03
8.109000000000000000e+03
7.938000000000000000e+03
8.019000000000000000e+03
7.914000000000000000e+03
7.802000000000000000e+03
7.526000000000000000e+03
7.351000000000000000e+03
7.074000000000000000e+03
6.780000000000000000e+03
6.301000000000000000e+03
6.030000000000000000e+03
5.666000000000000000e+03
5.381000000000000000e+03
4.820000000000000000e+03
4.490000000000000000e+03
4.100000000000000000e+03
3.754000000000000000e+03
3.376000000000000000e+03
2.986000000000000000e+03
2.572000000000000000e+03
2.322000000000000000e+03
2.005000000000000000e+03
1.757000000000000000e+03
1.544000000000000000e+03
1.317000000000000000e+03
1.087000000000000000e+03
9.190000000000000000e+02
7.640000000000000000e+02
6.640000000000000000e+02
5.220000000000000000e+02
4.250000000000000000e+02
3.700000000000000000e+02
2.520000000000000000e+02
1.990000000000000000e+02
1.460000000000000000e+02
1.240000000000000000e+02
7.600000000000000000e+01
5.600000000000000000e+01
5.400000000000000000e+01
3.200000000000000000e+01
1.800000000000000000e+01
1.000000000000000000e+01
8.000000000000000000e+00
7.000000000000000000e+00
4.000000000000000000e+00
4.000000000000000000e+00
4.000000000000000000e+00
1.000000000000000000e+00
0.000000000000000000e+00
2.000000000000000000e+00
0.000000000000000000e+00
