0.000000000000000000e+00
1.953125000000000000e+00
5.906250000000000000e+00
1.968750000000000000e+00
9.843750000000000000e-01
5.859375000000000000e+00
4.890625000000000000e+00
8.828125000000000000e+00
7.843750000000000000e+00
2.546875000000000000e+01
2.746875000000000000e+01
4.598437500000000000e+01
5.085937500000000000e+01
6.756250000000000000e+01
8.414062500000000000e+01
1.028437500000000000e+02
1.027500000000000000e+02
1.625000000000000000e+02
1.986718750000000000e+02
2.378437500000000000e+02
2.673906250000000000e+02
3.297812500000000000e+02
3.727343750000000000e+02
5.362343750000000000e+02
5.957343750000000000e+02
7.064531250000000000e+02
8.217343750000000000e+02
9.057968750000000000e+02
1.089921875000000000e+03
1.313156250000000000e+03
1.463703125000000000e+03
1.752375000000000000e+03
2.045625000000000000e+03
2.266953125000000000e+03
2.650078125000000000e+03
2.934187500000000000e+03
3.244406250000000000e+03
3.741671875000000000e+03
4.095859375000000000e+03
4.400546875000000000e+03
4.846500000000000000e+03
5.377375000000000000e+03
5.827000000000000000e+03
6.346421875000000000e+03
6.676265625000000000e+03
7.204671875000000000e+03
7.404296875000000000e+03
7.763453125000000000e+03
8.055359375000000000e+03
8.400796875000000000e+03
8.381343750000000000e+03
8.576890625000000000e+03
8.538343750000000000e+03
8.504828125000000000e+03
8.248578125000000000e+03
8.180359375000000000e+03
8.013015625000000000e+03
7.833375000000000000e+03
7.319796875000000000e+03
7.076093750000000000e+03
6.723531250000000000e+03
6.278000000000000000e+03
5.842203125000000000e+03
5.487484375000000000e+03
5.203453125000000000e+03
4.757953125000000000e+03
4.267546875000000000e+03
3.802515625000000000e+03
3.412937500000000000e+03
2.984984375000000000e+03
2.705906250000000000e+03
2.330546875000000000e+03
2.090218750000000000e+03
1.786734375000000000e+03
1.580046875000000000e+03
1.310578125000000000e+03
1.121703125000000000e+03
9.186406250000000000e+02
7.595781250000000000e+02
6.236718750000000000e+02
5.015468750000000000e+02
4.418593750000000000e+02
3.543125000000000000e+02
2.451250000000000000e+02
2.037500000000000000e+02
1.722968750000000000e+02
1.162812500000000000e+02
8.123437500000000000e+01
6.732812500000000000e+01
3.843750000000000000e+01
2.781250000000000000e+01
2.192187500000000000e+01
2.006250000000000000e+01
9.609375000000000000e+00
4.828125000000000000e+00
2.859375000000000000e+00
9.375000000000000000e-01
2.828125000000000000e+00
9.531250000000000000e-01
0.000000000000000000e+00
