2.591725279772197910e-01
2.706288259580443833e-01
2.825915308657520053e-01
2.950830275908217226e-01
3.081266905112276522e-01
3.217469272311173634e-01
3.359692242528848904e-01
3.508201946681051564e-01
3.663276279565669258e-01
3.825205419865908563e-01
3.994292373139370911e-01
4.170853538809067285e-01
4.355219302217345767e-01
4.547734652850598525e-01
4.748759829891577300e-01
4.958670996307293910e-01
5.177860942733876204e-01
5.406739822475508106e-01
5.645735918992785818e-01
5.895296447316649147e-01
6.155888390887507278e-01
6.427999375385466951e-01
6.712138581186798403e-01
7.008837696154046615e-01
7.318651910542675054e-01
7.642160955885930473e-01
7.979970189801912639e-01
8.332711728752768554e-01
8.701045630875661185e-01
9.085661131098839993e-01
9.487277930853994512e-01
9.906647544798254934e-01
1.034455470706581393e+00
1.080181883968061252e+00
1.127929558587781544e+00
1.177787841120324641e+00
1.229850027538680335e+00
1.284213537811832895e+00
1.340980098199261672e+00
1.400255931603473947e+00
1.462151956336761316e+00
1.526783993674113438e+00
1.594272984580671126e+00
1.664745216019259955e+00
1.738332557261481615e+00
1.815172706644547773e+00
1.895409449235597732e+00
1.979192925885647325e+00
2.066679914176625221e+00
2.158034121787215653e+00
2.253426492826458460e+00
2.353035527708325692e+00
2.457047617165827536e+00
2.565657391029672496e+00
2.679068082424111541e+00
2.797491908061467303e+00
2.921150465346963543e+00
3.050275147036918266e+00
3.185107574226230476e+00
3.325900048475370685e+00
3.472916023922900219e+00
3.626430600266957516e+00
3.786731037538190403e+00
3.954117293627369190e+00
4.128902585573545281e+00
4.311413975663028531e+00
4.501992983435909146e+00
4.700996224745329854e+00
4.908796079065337103e+00
5.125781386295967579e+00
5.352358174369478583e+00
5.588950419019224292e+00
5.836000837132855779e+00
6.093971715174422599e+00
6.363345774225510176e+00
6.644627073264104844e+00
6.938341952371425592e+00
7.245040017631684925e+00
7.565295169567708200e+00
7.899706677036891556e+00
8.248900298596964831e+00
8.613529453439896955e+00
8.994276444085027578e+00
9.391853733119329917e+00
9.807005276373914171e+00
1.024050791503141333e+01
1.069317282926918189e+01
1.116584705615842665e+01
1.165941507465963589e+01
1.217480046068002864e+01
1.271296761529021602e+01
1.327492356933385054e+01
1.386171986780700216e+01
1.447445453753353206e+01
1.511427414181836681e+01
1.578237592592321725e+01
1.648001005737969393e+01
1.720848196533177799e+01
1.796915478328498850e+01
1.876345189983341655e+01
