0.000000000000000000e+00
1.240195927061526898e-01
0.000000000000000000e+00
1.739926363384381724e-01
0.000000000000000000e+00
3.408972535823660555e-01
3.476343040826092023e-01
2.683681880830885436e-01
4.236075534914361951e-01
5.000000000000000000e-01
5.266343608235224405e-01
7.691246546399355122e-01
8.454843286542926828e-01
9.600160724566021431e-01
1.231107225224512991e+00
1.143831110511949634e+00
1.472982598123616649e+00
1.433077435974762670e+00
1.944543648263005631e+00
1.742099913717637394e+00
1.934221015680472888e+00
1.934221015680472888e+00
2.588615022434776591e+00
3.054038054363435784e+00
3.599994574648689660e+00
3.561403339977093907e+00
3.249398982888989540e+00
5.184769612769693836e+00
4.848460411241386936e+00
5.623263620887784420e+00
7.130959678577631244e+00
8.086552663797782259e+00
7.837693752589150797e+00
7.805684527157115582e+00
7.723682634436761951e+00
8.078578323837369624e+00
1.022222561306367439e+01
1.132517202890865526e+01
1.203624084795580984e+01
1.448745921855778640e+01
1.218717948296487563e+01
1.395702633028880513e+01
1.630255174380302208e+01
1.737893390717623987e+01
1.545858251708415843e+01
1.329238503805844474e+01
1.712428716582094523e+01
2.269223435450991389e+01
1.750398950061099512e+01
1.791919116783385846e+01
2.086390400271183765e+01
2.133722905510460066e+01
2.273348902912837133e+01
2.158775694693638059e+01
1.788946502789770321e+01
2.062972838792055086e+01
1.848330512541993897e+01
2.082732204941384069e+01
1.939786956730042533e+01
1.730471395314005179e+01
1.903393736157537575e+01
1.758539433023894460e+01
1.848541839827746358e+01
1.294096232354360154e+01
1.340005684456226476e+01
1.169117589252680744e+01
1.308266983455594179e+01
1.323668995396885428e+01
1.267652696670109158e+01
1.123123434890395345e+01
1.305662996096236128e+01
8.514449460145677051e+00
9.542206816952774062e+00
9.333645769975149165e+00
9.483486881811984404e+00
6.941422736685542105e+00
6.062157690078261219e+00
6.490358684955324087e+00
5.350233639758173787e+00
5.775229128300884973e+00
5.336503676038740984e+00
4.343525174037788261e+00
3.536604071616583855e+00
3.741135355744296120e+00
3.797485804779261898e+00
3.200189203390949366e+00
2.182975231049358644e+00
2.184596287074570764e+00
1.453628944873828432e+00
1.205355076056429109e+00
1.158254175202921621e+00
1.456397524716380509e+00
5.863019699779287164e-01
7.335434121440939093e-01
5.555121510822242925e-01
4.408354993645589026e-01
3.408972535823660555e-01
2.113710821635731707e-01
1.739926363384381724e-01
2.113710821635731707e-01
