0.000000000000000000e+00
1.240195927061526898e-01
0.000000000000000000e+00
1.240195927061526898e-01
2.113710821635731707e-01
3.121091305537215255e-01
3.121091305537215255e-01
4.757292921136977992e-01
5.208072910155924218e-01
4.757292921136977992e-01
6.387166698740529558e-01
7.904149918713586631e-01
1.152443057161610884e+00
9.473441494515073558e-01
1.096870548424015324e+00
1.310172787984470455e+00
1.333811356367533785e+00
1.776308936390289084e+00
2.069531102538688661e+00
1.976176469220297216e+00
2.225068029156636928e+00
2.855743937663179022e+00
2.820128543169619473e+00
3.422695392523266822e+00
3.020599847298546248e+00
4.126775186207749080e+00
4.262848226244983607e+00
4.518948819969086372e+00
5.061728336250376437e+00
7.194273303077594051e+00
6.405240011847721959e+00
7.097104795927350551e+00
8.690295750685070431e+00
8.066072367484686367e+00
9.368839121490719180e+00
7.700890269150703737e+00
1.169500719791890475e+01
1.151625040703353164e+01
1.087998269472428881e+01
1.646705250976552293e+01
1.505497737460936847e+01
1.459451951932642366e+01
1.472772914808576239e+01
1.782131771879888404e+01
1.435375468083177175e+01
2.097356967709598052e+01
1.955680827742604677e+01
1.789661471785586144e+01
1.777781024506041518e+01
1.892898297543676733e+01
1.950538287082568445e+01
1.842207379027602698e+01
1.693535935504100820e+01
1.977152209460617271e+01
1.910159285529285356e+01
1.623217171044897356e+01
1.356119485367624300e+01
1.309981773191424992e+01
1.658111424510955345e+01
1.252558904241133853e+01
1.524672576274575064e+01
1.722915407093453410e+01
1.329106255157953953e+01
1.138525464965540479e+01
1.173399009022506334e+01
1.083468416057316297e+01
1.268053226160085067e+01
9.874987638441629301e+00
1.220747561691195848e+01
8.614803755745107594e+00
6.999930245188162203e+00
7.905447093618424681e+00
6.728100325082482236e+00
7.588797253188412917e+00
4.683331479833559463e+00
6.971744732086437857e+00
4.664422358395517776e+00
4.394126717491769973e+00
4.252038803253681110e+00
4.236853518163567145e+00
2.629042645978759918e+00
2.984170477285103207e+00
2.817660196754569579e+00
2.225068029156636928e+00
1.730287977295976054e+00
1.811354702805334060e+00
1.605654072333141169e+00
1.082080605823799058e+00
1.165817678445047356e+00
9.519716382329885818e-01
6.325713274999112956e-01
5.319388915796625650e-01
4.038389994787526804e-01
3.750000000000000000e-01
2.420614591379635638e-01
3.121091305537215255e-01
0.000000000000000000e+00
2.113710821635731707e-01
0.000000000000000000e+00
2.113710821635731707e-01
