0.000000000000000000e+00
1.240195927061526898e-01
0.000000000000000000e+00
0.000000000000000000e+00
0.000000000000000000e+00
2.683681880830885436e-01
3.408972535823660555e-01
6.547602137424051172e-01
7.799989983967927643e-01
1.509087058456204611e+00
1.535707796913201806e+00
2.197299478905868408e+00
2.394604530893358341e+00
2.928843628464995241e+00
3.206286549499280270e+00
3.601079482252509401e+00
3.610930400793540773e+00
4.616546328154846890e+00
5.379699072380814684e+00
6.038269069805932254e+00
5.156510410090819896e+00
7.883660292616304410e+00
7.055306070610969371e+00
8.060183170026286703e+00
7.231657832060363944e+00
8.910525289650436775e+00
8.186888693781966708e+00
9.377903196310729328e+00
9.555297532651717773e+00
1.050305712563608829e+01
1.365420286429694841e+01
1.291301086537818321e+01
1.448172845292905642e+01
1.219862272899588440e+01
1.393003583762439490e+01
1.469717101817557214e+01
1.554937165882837213e+01
1.657622515032825561e+01
1.901808349965894962e+01
1.898302464333265860e+01
2.119316272962520742e+01
2.140745320523613771e+01
2.294417797033432649e+01
2.424476425437046956e+01
2.461720609528018855e+01
2.912610227930223772e+01
2.618413891766110879e+01
2.900383443804241068e+01
2.825027654731896476e+01
3.118198457618397157e+01
3.284700195009241952e+01
3.220525905714003301e+01
3.464366599755285847e+01
3.664085820821306783e+01
3.461275378540943137e+01
3.571837748602776230e+01
3.610098682861730168e+01
4.188748647791485524e+01
3.770505136500280940e+01
3.587733754906256678e+01
3.810098821204477559e+01
3.420720053379660897e+01
3.529316049512107867e+01
3.765296925542526196e+01
3.403376081187619917e+01
3.682862218586754466e+01
3.396814626878393284e+01
2.858184519935688073e+01
3.213368909119174077e+01
2.567114271627531252e+01
2.339395955690271833e+01
2.345652873368894120e+01
1.743536473261672270e+01
1.946140009737223409e+01
1.572067582636000971e+01
1.731227436676071108e+01
1.377815831250225465e+01
1.518015994182455941e+01
1.145242153364846160e+01
9.955945440257043089e+00
9.904610964564685816e+00
9.553802723752202297e+00
7.286395043804240856e+00
7.207021722554678433e+00
6.331268509351028584e+00
5.190134873006673644e+00
4.580204305964418410e+00
3.477045261425280920e+00
2.636692708204731339e+00
2.358443524737236618e+00
1.676395757085718641e+00
1.401728843250362733e+00
1.322875655532295358e+00
7.493486755176124170e-01
7.055513690547272621e-01
3.476343040826092023e-01
3.750000000000000000e-01
2.683681880830885436e-01
1.739926363384381724e-01
0.000000000000000000e+00
