3.978457615709887207e+00
8.724726334354276247e+00
8.416278288791014361e+00
1.135342003470209882e+01
9.146152175061105893e+00
1.143865260585791255e+01
1.391548148645960481e+01
1.476474865124276370e+01
1.759769050010540425e+01
1.411053428238544782e+01
1.627179277874368069e+01
1.785608018601437053e+01
1.532993267883130706e+01
1.733583715890294030e+01
1.580616844581570390e+01
1.800322779219048996e+01
1.852668446078183351e+01
2.001468577031313245e+01
2.186801227678226667e+01
2.111794908217888533e+01
1.968898803900291838e+01
1.995218894632867190e+01
1.703952637206723963e+01
1.887994037166166450e+01
1.748676257156752811e+01
2.367413871189404162e+01
1.833006303692106798e+01
1.521294165340812654e+01
1.667602601790966332e+01
1.712040882798947550e+01
1.281980546300820478e+01
1.385294382917851230e+01
1.001121197629812443e+01
7.284250320683316460e+00
8.142873969574562665e+00
6.307779794626632075e+00
5.396758286230725510e+00
4.895165623794050624e+00
3.210699884760330747e+00
2.760632853169722178e+00
1.800336340104259580e+00
1.518039314173055265e+00
1.060199715855460800e+00
8.219106456148380646e-01
4.831132760543845883e-01
1.739926363384381724e-01
2.113710821635731707e-01
0.000000000000000000e+00
0.000000000000000000e+00
0.000000000000000000e+00
