2.380005079523427325e-01
2.486651925842388033e-01
2.598077564411681584e-01
2.714496130540134944e-01
2.836131354833477669e-01
2.963216993154836332e-01
3.095997275851541941e-01
3.234727377111568658e-01
3.379673905351596175e-01
3.531115415579131889e-01
3.689342944713308037e-01
3.854660570893150839e-01
4.027385997848170196e-01
4.207851165454305487e-01
4.396402887648581115e-01
4.593403518928400597e-01
4.799231650716347386e-01
5.014282838928737496e-01
5.238970364146169345e-01
5.473726025846926690e-01
5.719000972229597579e-01
5.975266567219623681e-01
6.243015296325991059e-01
6.522761713088898183e-01
6.815043427937291787e-01
7.120422141356594903e-01
7.439484723352193241e-01
7.772844341283120517e-01
8.121141638233433380e-01
8.485045964185805589e-01
8.865256662363406592e-01
9.262504413212127030e-01
9.677552638605969593e-01
1.011119896897419101e+00
1.056427677616968985e+00
1.103765677502445586e+00
1.153224869666992447e+00
1.204900303683799745e+00
1.258891288250255425e+00
1.315301582037186057e+00
1.374239593089958023e+00
1.435818587164644056e+00
1.500156905399627538e+00
1.567378191740964821e+00
1.637611630558566178e+00
1.710992194909837671e+00
1.787660905927895172e+00
1.867765103832834672e+00
1.951458731086884280e+00
2.038902628237595938e+00
2.130264843017624976e+00
2.225720953295119653e+00
2.325454404495351568e+00
2.429656862142049789e+00
2.538528580195928086e+00
2.652278785898285474e+00
2.771126081859256018e+00
2.895298866163432461e+00
3.025035771300215615e+00
3.160586122762411687e+00
3.302210418194409858e+00
3.450180828010748879e+00
3.604781718447152894e+00
3.766310198049227065e+00
3.935076688649036925e+00
4.111405521926868367e+00
4.295635562704621435e+00
4.488120860168673509e+00
4.689231328273713473e+00
4.899353456635137327e+00
5.118891053276175995e+00
5.348266020657153064e+00
5.587919166478234168e+00
5.838311050813837610e+00
6.099922871206723052e+00
6.373257387422698095e+00
6.658839887643138944e+00
6.957219197952108303e+00
7.268968737058088436e+00
7.594687618277279562e+00
7.935001800896215762e+00
8.290565293126368474e+00
8.662061408962559383e+00
9.050204081360556430e+00
9.455739234257523051e+00
9.879446216072013343e+00
1.032213929743839564e+01
1.078466923605400929e+01
1.126792491164633958e+01
1.177283503420228072e+01
1.230036992874227764e+01
1.285154340006932827e+01
1.342741468107646341e+01
1.402909046835690887e+01
1.465772704902893331e+01
1.531453252286265965e+01
1.600076912397928552e+01
1.671775564658448232e+01
1.746686997939768560e+01
1.824955175364797455e+01
