0.000000000000000000e+00
9.843750000000000000e-01
0.000000000000000000e+00
0.000000000000000000e+00
0.000000000000000000e+00
0.000000000000000000e+00
0.000000000000000000e+00
0.000000000000000000e+00
0.000000000000000000e+00
3.937500000000000000e+00
1.082812500000000000e+01
2.362500000000000000e+01
4.626562500000000000e+01
1.122187500000000000e+02
1.880156250000000000e+02
2.913593750000000000e+02
4.163750000000000000e+02
5.463281250000000000e+02
7.313906250000000000e+02
9.409375000000000000e+02
1.136890625000000000e+03
1.340609375000000000e+03
1.635984375000000000e+03
1.966718750000000000e+03
2.156609375000000000e+03
2.551406250000000000e+03
2.842687500000000000e+03
3.268890625000000000e+03
3.614437500000000000e+03
3.968828125000000000e+03
4.302484375000000000e+03
4.836859375000000000e+03
5.226687500000000000e+03
5.964734375000000000e+03
6.429359375000000000e+03
6.841734375000000000e+03
7.355437500000000000e+03
8.172421875000000000e+03
8.693187500000000000e+03
9.348750000000000000e+03
1.005735937500000000e+04
1.076014062500000000e+04
1.148914062500000000e+04
1.238148437500000000e+04
1.324889062500000000e+04
1.412793750000000000e+04
1.503521875000000000e+04
1.602439062500000000e+04
1.715507812500000000e+04
1.797404687500000000e+04
1.916656250000000000e+04
2.012617187500000000e+04
2.125748437500000000e+04
2.243860937500000000e+04
2.333364062500000000e+04
2.422759375000000000e+04
2.583657812500000000e+04
2.676743750000000000e+04
2.763773437500000000e+04
2.862003125000000000e+04
2.972315625000000000e+04
3.051314062500000000e+04
3.098685937500000000e+04
3.169193750000000000e+04
3.194354687500000000e+04
3.215417187500000000e+04
3.203117187500000000e+04
3.197182812500000000e+04
3.170267187500000000e+04
3.089689062500000000e+04
2.955054687500000000e+04
2.846256250000000000e+04
2.662848437500000000e+04
2.431003125000000000e+04
2.218025000000000000e+04
1.942695312500000000e+04
1.692643750000000000e+04
1.450515625000000000e+04
1.197837500000000000e+04
1.020290625000000000e+04
8.322250000000000000e+03
6.866031250000000000e+03
5.341937500000000000e+03
4.332656250000000000e+03
3.275437500000000000e+03
2.406671875000000000e+03
1.755421875000000000e+03
1.184953125000000000e+03
9.018906250000000000e+02
6.010000000000000000e+02
4.041562500000000000e+02
2.606406250000000000e+02
1.661562500000000000e+02
9.632812500000000000e+01
6.000000000000000000e+01
3.246875000000000000e+01
1.967187500000000000e+01
1.376562500000000000e+01
2.937500000000000000e+00
0.000000000000000000e+00
