0.000000000000000000e+00
5.906250000000000000e+00
8.859375000000000000e+00
1.968750000000000000e+01
3.543750000000000000e+01
8.071875000000000000e+01
1.200937500000000000e+02
2.303437500000000000e+02
3.011875000000000000e+02
4.508125000000000000e+02
5.532031250000000000e+02
6.978906250000000000e+02
8.642187500000000000e+02
1.079812500000000000e+03
1.251109375000000000e+03
1.522734375000000000e+03
1.798390625000000000e+03
2.014984375000000000e+03
2.253156250000000000e+03
2.482437500000000000e+03
2.828906250000000000e+03
3.187250000000000000e+03
3.419453125000000000e+03
3.778843750000000000e+03
4.187218750000000000e+03
4.547609375000000000e+03
5.010218750000000000e+03
5.330984375000000000e+03
5.723718750000000000e+03
6.331062500000000000e+03
6.852656250000000000e+03
7.281796875000000000e+03
7.838796875000000000e+03
8.469750000000000000e+03
9.037593750000000000e+03
9.670156250000000000e+03
1.027978125000000000e+04
1.075226562500000000e+04
1.136798437500000000e+04
1.249314062500000000e+04
1.305764062500000000e+04
1.391906250000000000e+04
1.466790625000000000e+04
1.558048437500000000e+04
1.657031250000000000e+04
1.730940625000000000e+04
1.825814062500000000e+04
1.900651562500000000e+04
1.995539062500000000e+04
2.085164062500000000e+04
2.188901562500000000e+04
2.280564062500000000e+04
2.360384375000000000e+04
2.481162500000000000e+04
2.530360937500000000e+04
2.607271875000000000e+04
2.702689062500000000e+04
2.763264062500000000e+04
2.798229687500000000e+04
2.871639062500000000e+04
2.867017187500000000e+04
2.921798437500000000e+04
2.899571875000000000e+04
2.901064062500000000e+04
2.861903125000000000e+04
2.828917187500000000e+04
2.739493750000000000e+04
2.634382812500000000e+04
2.528325000000000000e+04
2.358931250000000000e+04
2.171567187500000000e+04
2.020381250000000000e+04
1.777626562500000000e+04
1.564450000000000000e+04
1.360606250000000000e+04
1.175162500000000000e+04
1.004521875000000000e+04
8.292390625000000000e+03
7.013718750000000000e+03
5.717937500000000000e+03
4.807546875000000000e+03
3.688750000000000000e+03
2.922250000000000000e+03
2.256234375000000000e+03
1.649359375000000000e+03
1.148609375000000000e+03
8.970781250000000000e+02
6.442500000000000000e+02
4.337031250000000000e+02
2.979062500000000000e+02
2.045468750000000000e+02
1.071718750000000000e+02
8.451562500000000000e+01
5.410937500000000000e+01
2.854687500000000000e+01
1.473437500000000000e+01
9.828125000000000000e+00
3.937500000000000000e+00
2.953125000000000000e+00
0.000000000000000000e+00
