0.000000000000000000e+00
9.843750000000000000e-01
0.000000000000000000e+00
9.843750000000000000e-01
6.843750000000000000e+00
7.828125000000000000e+00
8.781250000000000000e+00
8.828125000000000000e+00
1.079687500000000000e+01
2.051562500000000000e+01
1.954687500000000000e+01
3.517187500000000000e+01
3.623437500000000000e+01
4.593750000000000000e+01
6.160937500000000000e+01
9.798437500000000000e+01
9.882812500000000000e+01
1.332968750000000000e+02
1.751093750000000000e+02
2.399843750000000000e+02
2.290312500000000000e+02
3.182031250000000000e+02
3.554687500000000000e+02
4.265781250000000000e+02
4.962031250000000000e+02
5.745781250000000000e+02
7.289843750000000000e+02
9.001250000000000000e+02
1.006468750000000000e+03
1.179828125000000000e+03
1.357859375000000000e+03
1.561796875000000000e+03
1.835734375000000000e+03
2.073125000000000000e+03
2.370656250000000000e+03
2.648375000000000000e+03
2.968484375000000000e+03
3.354234375000000000e+03
3.732734375000000000e+03
4.129640625000000000e+03
4.649031250000000000e+03
4.941406250000000000e+03
5.381390625000000000e+03
5.852984375000000000e+03
6.356921875000000000e+03
6.682109375000000000e+03
7.002546875000000000e+03
7.410781250000000000e+03
7.782718750000000000e+03
7.992265625000000000e+03
8.059390625000000000e+03
8.225937500000000000e+03
8.389015625000000000e+03
8.267578125000000000e+03
8.245390625000000000e+03
8.106125000000000000e+03
7.963343750000000000e+03
7.592500000000000000e+03
7.470046875000000000e+03
7.037000000000000000e+03
6.492984375000000000e+03
6.410187500000000000e+03
5.943078125000000000e+03
5.672484375000000000e+03
5.238906250000000000e+03
4.854750000000000000e+03
4.421500000000000000e+03
4.000750000000000000e+03
3.663296875000000000e+03
3.302578125000000000e+03
2.938875000000000000e+03
2.631937500000000000e+03
2.337531250000000000e+03
1.998500000000000000e+03
1.831968750000000000e+03
1.642625000000000000e+03
1.315281250000000000e+03
1.103578125000000000e+03
9.334375000000000000e+02
7.766093750000000000e+02
6.503906250000000000e+02
5.244531250000000000e+02
3.875781250000000000e+02
3.464843750000000000e+02
2.796406250000000000e+02
2.147500000000000000e+02
1.569843750000000000e+02
1.203750000000000000e+02
8.775000000000000000e+01
6.465625000000000000e+01
5.582812500000000000e+01
3.359375000000000000e+01
2.492187500000000000e+01
1.439062500000000000e+01
1.350000000000000000e+01
9.625000000000000000e+00
5.781250000000000000e+00
9.687500000000000000e-01
1.906250000000000000e+00
0.000000000000000000e+00
