2.623913097038493847e-01
2.741475562976969926e-01
2.864305327368710241e-01
2.992638387585620507e-01
3.126721314685529940e-01
3.266811727158298040e-01
3.413178785897753587e-01
3.566103711350475103e-01
3.725880323835046859e-01
3.892815608069907229e-01
4.067230302994451208e-01
4.249459518016623361e-01
4.439853376871023549e-01
4.638777690324598080e-01
4.846614659022401850e-01
5.063763607823840163e-01
5.290641753040304929e-01
5.527685004048306094e-01
5.775348800818294048e-01
6.034108988968326370e-01
6.304462734023866810e-01
6.586929476640303038e-01
6.882051930623506175e-01
7.190397125665946021e-01
7.512557496801824941e-01
7.849152022674433793e-01
8.200827414802728255e-01
8.568259360132096658e-01
8.952153819256699618e-01
9.353248382807681782e-01
9.772313688613347704e-01
1.021015490235414269e+00
1.066761326455727188e+00
1.114556770690324994e+00
1.164493654094987507e+00
1.216667922251820855e+00
1.271179819513053699e+00
1.328134081604222416e+00
1.387640136856796325e+00
1.449812316456879691e+00
1.514770074113951814e+00
1.582638215571698925e+00
1.653547138401908256e+00
1.727633082542148202e+00
1.805038392058603058e+00
1.885911788636994713e+00
1.970408657327060720e+00
2.058691345089601388e+00
2.150929472719702584e+00
2.247300260745447531e+00
2.347988869928276046e+00
2.453188757019206356e+00
2.563102046454451166e+00
2.677939918704576705e+00
2.797923016023356357e+00
2.923281866375897931e+00
3.054257326360553915e+00
3.191101043975617557e+00
3.334075942119934410e+00
3.483456723756398254e+00
3.639530399708920338e+00
3.802596840106945653e+00
3.972969350537030486e+00
4.150975274008460225e+00
4.336956619889488884e+00
4.531270721022588432e+00
4.734290920281273962e+00
4.946407287887573112e+00
5.168027370868384374e+00
5.399576976090660452e+00
5.641500988379899439e+00
5.894264225293824211e+00
6.158352330193554991e+00
6.434272705328177189e+00
6.722555486725456220e+00
7.023754562761806319e+00
7.338448638368529231e+00
7.667242346919005413e+00
8.010767411933182203e+00
8.369683860831347744e+00
8.744681293069234584e+00
9.136480205090974138e+00
9.545833374645583902e+00
9.973527307126714092e+00
1.042038374671456147e+01
1.088726125522337718e+01
1.137505686168804431e+01
1.188470778585917920e+01
1.241719323891811122e+01
1.297353630487155307e+01
1.355480590624077486e+01
1.416211885782199431e+01
1.479664201246399635e+01
1.545959450298567539e+01
1.615225008454102706e+01
1.687593958193208721e+01
1.763205344657184170e+01
1.842204442801003594e+01
1.924743036515460304e+01
2.010979710255173103e+01
