6.959614086212898565e-01
7.298617132948518327e-01
7.654133030004919291e-01
8.026966118901570635e-01
8.417959920661627349e-01
8.827999044246924720e-01
9.258011187952919219e-01
9.708969238291642601e-01
1.018189347111132292e+00
1.067785385993260894e+00
1.119797249672394690e+00
1.174342613059300211e+00
1.231544883013782954e+00
1.291533477548127085e+00
1.354444118630542926e+00
1.420419139251082541e+00
1.489607805444746136e+00
1.562166654000344046e+00
1.638259846619171789e+00
1.718059541324764128e+00
1.801746281964032192e+00
1.889509406681016079e+00
1.981547476287406351e+00
2.078068723499009174e+00
2.179291524054535856e+00
2.285444890782605487e+00
2.396768991734768761e+00
2.513515693556805708e+00
2.635949131327666173e+00
2.764346306155277766e+00
2.898997711881271755e+00
3.040207992312512708e+00
3.188296630466406434e+00
3.343598671389362842e+00
3.506465480183779349e+00
3.677265536958538306e+00
3.856385270501577534e+00
4.044229932560675422e+00
4.241224514710489224e+00
4.447814709880208994e+00
4.664467920717274119e+00
4.891674317068507527e+00
5.129947944971196883e+00
5.379827889663170382e+00
5.641879495243141918e+00
5.916695643740736976e+00
6.204898096490086168e+00
6.507138900841753504e+00
6.824101865395668653e+00
7.156504107092692024e+00
7.505097673665082070e+00
7.870671245116560577e+00
8.254051918081552586e+00
8.656107077100617886e+00
9.077746357045759495e+00
9.519923701135574845e+00
9.983639519196362500e+00
1.046994295105221617e+01
1.097993424016495112e+01
1.151476722289404009e+01
1.207565193900862077e+01
1.266385736935746920e+01
1.328071430689115040e+01
1.392761836753156857e+01
1.460603314770129124e+01
1.531749353565600558e+01
1.606360918411234096e+01
1.684606815202726438e+01
1.766664072376892136e+01
1.852718341431918603e+01
1.942964316957001358e+01
2.037606177121610784e+01
2.136858045621036339e+01
2.240944476123281248e+01
2.350100960313418952e+01
2.464574460684771395e+01
2.584623969282390021e+01
2.710521093662951131e+01
2.842550671396750772e+01
2.981011414502156853e+01
3.126216585270437776e+01
3.278494705010092503e+01
3.438190297314088184e+01
3.605664667531730316e+01
3.781296720208569440e+01
3.965483816343903811e+01
4.158642672405256491e+01
4.361210303133945132e+01
4.573645010274679379e+01
4.796427419466277797e+01
5.030061567639300080e+01
5.275076043380925483e+01
5.532025182846973621e+01
5.801490323926915949e+01
6.084081121499230704e+01
6.380436926752974358e+01
6.691228233696074312e+01
7.017158196123156699e+01
7.358964218474896768e+01
7.717419624188190141e+01
