0.000000000000000000e+00
6.890625000000000000e+00
1.179687500000000000e+01
3.051562500000000000e+01
5.414062500000000000e+01
9.056250000000000000e+01
1.624218750000000000e+02
2.392031250000000000e+02
3.474687500000000000e+02
4.793906250000000000e+02
5.984843750000000000e+02
7.795625000000000000e+02
9.863281250000000000e+02
1.053265625000000000e+03
1.314093750000000000e+03
1.542421875000000000e+03
1.697937500000000000e+03
1.904703125000000000e+03
2.209812500000000000e+03
2.475671875000000000e+03
2.686234375000000000e+03
3.067140625000000000e+03
3.475687500000000000e+03
3.851640625000000000e+03
3.960968750000000000e+03
4.491406250000000000e+03
4.885171875000000000e+03
5.355359375000000000e+03
5.714796875000000000e+03
6.094734375000000000e+03
6.679078125000000000e+03
7.227671875000000000e+03
7.710968750000000000e+03
8.161546875000000000e+03
8.866281250000000000e+03
9.210781250000000000e+03
9.912671875000000000e+03
1.060346875000000000e+04
1.131100000000000000e+04
1.201467187500000000e+04
1.268981250000000000e+04
1.366596875000000000e+04
1.428967187500000000e+04
1.517164062500000000e+04
1.594601562500000000e+04
1.688907812500000000e+04
1.774003125000000000e+04
1.843704687500000000e+04
1.985678125000000000e+04
1.986603125000000000e+04
2.117418750000000000e+04
2.235934375000000000e+04
2.316515625000000000e+04
2.398345312500000000e+04
2.469306250000000000e+04
2.559145312500000000e+04
2.598973437500000000e+04
2.688131250000000000e+04
2.709664062500000000e+04
2.796306250000000000e+04
2.806687500000000000e+04
2.860137500000000000e+04
2.872381250000000000e+04
2.833625000000000000e+04
2.773026562500000000e+04
2.772214062500000000e+04
2.683343750000000000e+04
2.614931250000000000e+04
2.514665625000000000e+04
2.385896875000000000e+04
2.182717187500000000e+04
2.012446875000000000e+04
1.817046875000000000e+04
1.604845312500000000e+04
1.415953125000000000e+04
1.224137500000000000e+04
1.043534375000000000e+04
8.785046875000000000e+03
7.353359375000000000e+03
5.872343750000000000e+03
4.795093750000000000e+03
3.777875000000000000e+03
2.968156250000000000e+03
2.296359375000000000e+03
1.774203125000000000e+03
1.287625000000000000e+03
9.579687500000000000e+02
6.972968750000000000e+02
4.730625000000000000e+02
3.324687500000000000e+02
2.300156250000000000e+02
1.278750000000000000e+02
9.142187500000000000e+01
5.306250000000000000e+01
2.059375000000000000e+01
2.557812500000000000e+01
9.812500000000000000e+00
4.921875000000000000e+00
5.890625000000000000e+00
0.000000000000000000e+00
