1.770660068062132053e-01
1.857261544112309704e-01
1.948098624607037532e-01
2.043378469352692406e-01
2.143318370165369913e-01
2.248146246418842309e-01
2.358101164829364271e-01
2.473433884662689375e-01
2.594407429606720994e-01
2.721297687613943306e-01
2.854394040081658646e-01
2.994000021804870681e-01
3.140434013206923058e-01
3.294029966426533784e-01
3.455138166917136044e-01
3.624126032295388322e-01
3.801378950260692613e-01
3.987301157496633830e-01
4.182316661558747040e-01
4.386870207851028547e-01
4.601428293896441257e-01
4.826480233214531790e-01
5.062539271232392446e-01
5.310143755773880647e-01
5.569858364796462791e-01
5.842275394175633352e-01
6.128016108473762769e-01
6.427732157773901056e-01
6.742107063809724687e-01
7.071857778780820114e-01
7.417736320408304662e-01
7.780531486959627596e-01
8.161070656153761593e-01
8.560221672049327379e-01
8.978894824218807136e-01
9.418044923722473927e-01
9.878673480616452229e-01
1.036183098796083613e+00
1.086861931753669630e+00
1.140019423273556987e+00
1.195776802435223773e+00
1.254261227529187561e+00
1.315606076049668616e+00
1.379951248870546099e+00
1.447443489298301911e+00
1.518236717729573471e+00
1.592492382676520046e+00
1.670379828960542046e+00
1.752076683914042698e+00
1.837769262470986487e+00
1.927652992070094440e+00
2.021932858339690942e+00
2.120823872580618108e+00
2.224551562113339820e+00
2.333352484607507105e+00
2.447474767566943488e+00
2.567178674200380151e+00
2.692737196968450597e+00
2.824436680160559821e+00
2.962577472921458455e+00
3.107474614216793274e+00
3.259458551299734719e+00
3.418875893317202319e+00
3.586090201774319475e+00
3.761482819659821786e+00
3.945453741123272628e+00
4.138422523687461663e+00
4.340829245076324838e+00
4.553135506840511049e+00
4.775825487069414343e+00
5.009407044590459712e+00
5.254412877173833429e+00
5.511401736384019756e+00
5.780959701848694898e+00
6.063701517851024292e+00
6.360271995293551583e+00
6.671347482230950199e+00
6.997637406325272202e+00
7.339885892741381923e+00
7.698873461172262900e+00
8.075418805864403637e+00
8.470380662702687857e+00
8.884659767612847148e+00
9.319200910747673205e+00
9.774995091141757797e+00
1.025308177674855337e+01
1.075455127501390074e+01
1.128054721939233573e+01
1.183226917747674634e+01
1.241097538668943656e+01
1.301798562377353008e+01
1.365468421462875881e+01
1.432252319135573160e+01
1.502302560370854678e+01
1.575778899250775744e+01
1.652848903293502403e+01
1.733688335601812369e+01
1.818481555702162566e+01
1.907421939988451243e+01
2.000712322729323844e+01
