0.000000000000000000e+00
9.843750000000000000e-01
3.906250000000000000e+00
6.859375000000000000e+00
3.937500000000000000e+00
8.781250000000000000e+00
4.875000000000000000e+00
8.859375000000000000e+00
1.957812500000000000e+01
2.343750000000000000e+01
3.126562500000000000e+01
4.010937500000000000e+01
3.528125000000000000e+01
6.962500000000000000e+01
7.156250000000000000e+01
9.201562500000000000e+01
1.243281250000000000e+02
1.586718750000000000e+02
1.938906250000000000e+02
2.290625000000000000e+02
2.448593750000000000e+02
3.661406250000000000e+02
4.178906250000000000e+02
5.257187500000000000e+02
6.106093750000000000e+02
7.195781250000000000e+02
8.402656250000000000e+02
9.746093750000000000e+02
1.127953125000000000e+03
1.260812500000000000e+03
1.535468750000000000e+03
1.727203125000000000e+03
2.052109375000000000e+03
2.339265625000000000e+03
2.654500000000000000e+03
3.014375000000000000e+03
3.222171875000000000e+03
3.862828125000000000e+03
4.087109375000000000e+03
4.524328125000000000e+03
4.984812500000000000e+03
5.456546875000000000e+03
5.750984375000000000e+03
6.211015625000000000e+03
6.609281250000000000e+03
7.031531250000000000e+03
7.398000000000000000e+03
7.716718750000000000e+03
8.097765625000000000e+03
8.103734375000000000e+03
8.372562500000000000e+03
8.536359375000000000e+03
8.498296875000000000e+03
8.224296875000000000e+03
8.114656250000000000e+03
7.965890625000000000e+03
7.886390625000000000e+03
7.587812500000000000e+03
7.151500000000000000e+03
6.731421875000000000e+03
6.549281250000000000e+03
5.966750000000000000e+03
5.757171875000000000e+03
5.235640625000000000e+03
4.850468750000000000e+03
4.396578125000000000e+03
4.091890625000000000e+03
3.798437500000000000e+03
3.307078125000000000e+03
3.106531250000000000e+03
2.645406250000000000e+03
2.388984375000000000e+03
2.059093750000000000e+03
1.738500000000000000e+03
1.478921875000000000e+03
1.258625000000000000e+03
1.060609375000000000e+03
9.831250000000000000e+02
7.345937500000000000e+02
6.332187500000000000e+02
4.845937500000000000e+02
3.925468750000000000e+02
3.308593750000000000e+02
2.744687500000000000e+02
1.957187500000000000e+02
1.503437500000000000e+02
1.075468750000000000e+02
8.757812500000000000e+01
5.293750000000000000e+01
4.706250000000000000e+01
3.178125000000000000e+01
2.115625000000000000e+01
1.156250000000000000e+01
1.151562500000000000e+01
7.687500000000000000e+00
4.703125000000000000e+00
1.937500000000000000e+00
9.218750000000000000e-01
1.890625000000000000e+00
0.000000000000000000e+00
