0.000000000000000000e+00
3.586950088515311608e-01
4.394487847007885195e-01
6.844748785565472060e-01
8.990826488009876494e-01
1.028879852072145606e+00
1.549240615390327314e+00
2.144613073347964249e+00
2.371502358738021510e+00
2.842848414772585208e+00
2.772590099415165987e+00
3.311320544737401228e+00
3.274211200331310412e+00
4.066794605014494302e+00
4.869287518467152687e+00
5.430828342377891360e+00
5.355706652721002214e+00
6.409659915656602536e+00
6.297010699530373401e+00
7.428944001967910715e+00
6.756344674406050466e+00
8.422193871514416230e+00
7.781940230430969052e+00
9.267495595325362601e+00
8.782028435247747566e+00
1.016384331527695295e+01
1.128820552543117905e+01
9.172593668607314399e+00
1.207681105401483812e+01
1.193372608866882700e+01
1.348877390589578340e+01
1.135238780981230455e+01
1.348954311448315835e+01
1.646485811461413817e+01
1.716233953857981476e+01
1.701604826149420546e+01
1.579760136806771698e+01
1.700180941657387379e+01
1.873165769492918997e+01
1.845438183696151313e+01
2.066161522606594403e+01
2.256308430683845856e+01
2.394528573611881228e+01
1.960657350506138386e+01
2.560730620075791819e+01
2.408727924619912386e+01
2.531672418456819074e+01
2.768541453065810742e+01
2.762441670764289725e+01
2.797374257115947671e+01
3.522866153787282428e+01
3.184739920209340980e+01
3.051189253287150649e+01
3.462519390175851441e+01
3.169575829271165901e+01
3.114729607420802893e+01
3.454582201018489229e+01
3.441560102264669041e+01
3.504031927093951282e+01
3.602077308651217891e+01
3.344281499814272252e+01
3.520675538870345633e+01
3.279761567172223380e+01
3.435203778526101104e+01
3.676115569945230988e+01
3.214511393057077271e+01
2.835592695980859546e+01
2.894438363050766228e+01
2.221782698504739173e+01
2.413825332200944374e+01
2.000668223330332651e+01
2.092095895119294013e+01
2.026231781997064729e+01
1.696589380888537235e+01
1.706601955458565456e+01
1.389975269564174631e+01
1.088895476790587047e+01
1.331285760963343989e+01
1.360074353149029136e+01
1.021215383440241808e+01
9.068694003962201933e+00
8.632243335309773613e+00
8.942907018274315334e+00
6.352576218305058475e+00
5.318539765233968986e+00
4.941849350192699220e+00
4.475519348355003757e+00
4.006555906807616196e+00
2.794386113263519711e+00
2.046099566858856633e+00
2.287822296284176105e+00
1.494782592887674788e+00
1.296686733322663487e+00
9.333240326917549012e-01
6.304450313072504919e-01
6.801812143649661468e-01
4.284784125250652442e-01
2.683681880830885436e-01
3.586950088515311608e-01
0.000000000000000000e+00
