7.209590942297610106e-01
7.558739419230077194e-01
7.924796575159721579e-01
8.308581269237643729e-01
8.710952016599277092e-01
9.132808908837629636e-01
9.575095627481853278e-01
1.003880155498522386e+00
1.052496398794475319e+00
1.103467045750332387e+00
1.156906116212507163e+00
1.212933151818597288e+00
1.271673483408533256e+00
1.333258511386000711e+00
1.397825999657300811e+00
1.465520383805178017e+00
1.536493094186995423e+00
1.610902894680014574e+00
1.688916237831545208e+00
1.770707637208424723e+00
1.856460057778763550e+00
1.946365325199226559e+00
2.040624554923417655e+00
2.139448602091265084e+00
2.243058533205804395e+00
2.351686120652478174e+00
2.465574361167184314e+00
2.584978019412865535e+00
2.710164197880610804e+00
2.841412934390113776e+00
2.979017828526085321e+00
3.123286698411936957e+00
3.274542269289920426e+00
3.433122895448054379e+00
3.599383317108768576e+00
3.773695453972410796e+00
3.956449237190734269e+00
4.148053481631479578e+00
4.348936800385274637e+00
4.559548563560588796e+00
4.780359903511516073e+00
5.011864768747070542e+00
5.254581028879557358e+00
5.509051633083747568e+00
5.775845824658301986e+00
6.055560414406375713e+00
6.348821115683932703e+00
6.656283944102226791e+00
6.978636685015526808e+00
7.316600432076841187e+00
7.670931200303330755e+00
8.042421617259790878e+00
8.431902696143323439e+00
8.840245694735555659e+00
9.268364064380818945e+00
9.717215493350089162e+00
1.018780404916162752e+01
1.068118242465065215e+01
1.119845429281244442e+01
1.174077677568652511e+01
1.230936303280483379e+01
1.290548497499410630e+01
1.353047610960319425e+01
1.418573452352002917e+01
1.487272601065104638e+01
1.559298735085932286e+01
1.634812974769615224e+01
1.713984243261630880e+01
1.796989644373935135e+01
1.884014858761011979e+01
1.975254559282067390e+01
2.070912846478518787e+01
2.171203705140942475e+01
2.276351482986782671e+01
2.386591392519639498e+01
2.502170037192761143e+01
2.623345963053749585e+01
2.750390237104512536e+01
2.883587053670215994e+01
3.023234370133675952e+01
3.169644573457315673e+01
3.323145178983653381e+01
3.484079563077552422e+01
3.652807731249099277e+01
3.829707123475411379e+01
4.015173458522810535e+01
4.209621619158141215e+01
4.413486580229379541e+01
4.627224381691645760e+01
4.851313148755253479e+01
5.086254161437805266e+01
5.332572975912940194e+01
5.590820600164128251e+01
5.861574726573398664e+01
6.145441024202308711e+01
6.443054493655922954e+01
6.755080887560589531e+01
7.082218199833089045e+01
7.425198227072620227e+01
7.784788205568382580e+01
