2.292804730974410399e-01
2.397485837683213106e-01
2.506946302160142359e-01
2.621404332460059994e-01
2.741088099222241947e-01
2.866236190525668359e-01
2.997098087511346209e-01
3.133934661719822157e-01
3.277018695135299753e-01
3.426635423973090067e-01
3.583083107294401937e-01
3.746673621582022329e-01
3.917733082462147576e-01
4.096602494811770190e-01
4.283638432547596797e-01
4.479213749451654292e-01
4.683718322450600158e-01
4.897559828830455042e-01
5.121164558936129874e-01
5.354978265975848251e-01
5.599467054624545082e-01
5.855118310197656717e-01
6.122441670247591450e-01
6.401970040519765481e-01
6.694260657293482630e-01
6.999896198225423749e-01
7.319485943910206682e-01
7.653666992473560082e-01
8.003105529619403136e-01
8.368498156662638188e-01
8.750573279195082987e-01
9.150092559152833704e-01
9.567852433179712124e-01
1.000468570031367799e+00
1.046146318216119475e+00
1.093909545886912582e+00
1.143853468435476195e+00
1.196077648441263408e+00
1.250686194148198815e+00
1.307787967003147811e+00
1.367496798669839420e+00
1.429931717950848613e+00
1.495217188070015579e+00
1.563483354788310020e+00
1.634866305847764156e+00
1.709508342260670721e+00
1.787558261984852903e+00
1.869171656550518090e+00
1.954511221230009310e+00
2.043747079368777975e+00
2.137057121524127634e+00
2.234627360087793058e+00
2.336652300099298252e+00
2.443335326989299006e+00
2.554889112025870990e+00
2.671536036272000203e+00
2.793508633899426385e+00
2.921050055742581364e+00
3.054414554016706695e+00
3.193867989166439880e+00
3.339688359855256028e+00
3.492166357152294953e+00
3.651605944021339312e+00
3.818324961267149042e+00
3.992655761147094307e+00
4.174945869911188545e+00
4.365558680591282048e+00
4.564874177420487733e+00
4.773289693326949745e+00
4.991220702012033605e+00
5.219101646191897537e+00
5.457386803653568208e+00
5.706551192851981646e+00
5.967091519853275017e+00
6.239527168512063682e+00
6.524401235856604586e+00
6.822281614745866030e+00
7.133762125956780054e+00
7.459463701958469528e+00
7.800035624733287598e+00
8.156156820112260064e+00
8.528537211205158286e+00
8.917919133623273709e+00
9.325078815316075520e+00
9.750827923971851163e+00
1.019601518506698845e+01
1.066152807378950840e+01
1.114829458420967256e+01
1.165728507922442070e+01
1.218951422496358461e+01
1.274604301351401503e+01
1.332798087799391062e+01
1.393648790419375239e+01
1.457277714319267758e+01
1.523811702956051661e+01
1.593383390996608640e+01
1.666131468723255438e+01
1.742200958511070397e+01
1.821743503928171393e+01
1.904917672035250931e+01
