6.803750000000000000e+02
1.974859375000000000e+03
3.282296875000000000e+03
4.163421875000000000e+03
5.096140625000000000e+03
5.914031250000000000e+03
6.451875000000000000e+03
6.961546875000000000e+03
7.502406250000000000e+03
7.497953125000000000e+03
7.962296875000000000e+03
8.247859375000000000e+03
8.510343750000000000e+03
8.810000000000000000e+03
8.977406250000000000e+03
9.527906250000000000e+03
9.660609375000000000e+03
9.713578125000000000e+03
9.670906250000000000e+03
9.812968750000000000e+03
9.767000000000000000e+03
9.796187500000000000e+03
9.731328125000000000e+03
9.468718750000000000e+03
9.207203125000000000e+03
8.860187500000000000e+03
8.372093750000000000e+03
7.690937500000000000e+03
6.710062500000000000e+03
6.109281250000000000e+03
5.130109375000000000e+03
4.146453125000000000e+03
3.365796875000000000e+03
2.678453125000000000e+03
1.866421875000000000e+03
1.239156250000000000e+03
9.030000000000000000e+02
6.774218750000000000e+02
4.549375000000000000e+02
2.930625000000000000e+02
1.449062500000000000e+02
7.623437500000000000e+01
3.946875000000000000e+01
1.539062500000000000e+01
5.781250000000000000e+00
9.687500000000000000e-01
9.531250000000000000e-01
0.000000000000000000e+00
0.000000000000000000e+00
0.000000000000000000e+00
