0.000000000000000000e+00
1.240195927061526898e-01
0.000000000000000000e+00
0.000000000000000000e+00
0.000000000000000000e+00
0.000000000000000000e+00
0.000000000000000000e+00
1.739926363384381724e-01
0.000000000000000000e+00
4.038389994787526804e-01
6.115745559619039096e-01
9.877175393299442163e-01
1.624699491444494770e+00
2.119247729148246773e+00
2.203900572706264160e+00
2.542557690471348941e+00
3.158415098985565717e+00
3.701641316699931128e+00
4.331930862790864367e+00
5.129190360086083089e+00
4.645830413863058617e+00
5.789858455739656407e+00
4.983468765578851212e+00
7.070791592884067001e+00
6.764957386229420777e+00
8.144312984185651416e+00
6.637664781382079049e+00
1.019122583325357390e+01
8.642743863170711194e+00
9.811094146902016533e+00
1.018534294648442362e+01
1.177088403381411297e+01
1.071100303134585019e+01
1.182785666802633351e+01
1.288394713393376279e+01
1.473661170722004954e+01
1.641240212032885282e+01
1.374203426932763072e+01
1.604935472563850496e+01
1.562424216912215513e+01
1.870901771205532782e+01
1.923122054758875521e+01
2.052551765486074231e+01
2.010944177339341365e+01
2.275976352991173002e+01
2.275793452807998207e+01
2.577136174006914970e+01
2.384827017278978545e+01
2.367598974138937606e+01
2.775404232241449520e+01
2.940663190506522540e+01
2.687448673201732063e+01
3.107638884039416638e+01
3.406926538318664655e+01
3.327899053363097437e+01
3.604532736708046770e+01
3.348040471678919516e+01
3.301633118624781105e+01
3.470545354637185653e+01
3.703018194662294604e+01
4.087747268897014408e+01
3.589880729542939974e+01
3.529734187938236545e+01
3.842141113994090063e+01
3.768183777945948520e+01
3.028968213352527172e+01
3.517955824565417799e+01
2.918995907735226680e+01
3.310034091001745082e+01
3.371688189913177780e+01
2.265637930997581151e+01
2.489085059533673316e+01
2.412918924119706077e+01
2.118111537283860812e+01
1.906315956850739468e+01
1.960486128330164846e+01
1.725831293129125754e+01
1.397430678065999743e+01
1.300066667461230629e+01
1.136808684157101190e+01
1.141061560291555921e+01
9.991744639326007871e+00
8.061879215441955182e+00
8.342286856731792710e+00
5.969976968129776296e+00
4.712744522833801852e+00
6.000000000000000000e+00
4.086915812611632504e+00
3.285859857023728736e+00
2.732722715077400721e+00
2.011441880219261957e+00
1.410670136628333182e+00
1.305038313613818834e+00
9.910488052437175233e-01
4.898879814559650714e-01
4.284784125250652442e-01
2.683681880830885436e-01
2.420614591379635638e-01
2.113710821635731707e-01
0.000000000000000000e+00
