4.208175404421137245e+00
7.112859722889240288e+00
9.056193926672506223e+00
1.224089864386495918e+01
1.348356023030916795e+01
1.257593148575384845e+01
1.572306725006288275e+01
1.265895032921371488e+01
1.694077891463007646e+01
1.698602797844084122e+01
1.830257837027340884e+01
2.123158669147221289e+01
1.949162856162550028e+01
2.009561495039091739e+01
2.074613457030911690e+01
1.881633448255464458e+01
2.322167293176785918e+01
2.248514592146057112e+01
2.228227995515719329e+01
2.646576134248739010e+01
2.214264281560299708e+01
2.287303078101752263e+01
2.135570561019642355e+01
2.213450978534424252e+01
2.071071205318639130e+01
1.910665352656961247e+01
2.431984444819446267e+01
1.927585520152089060e+01
1.814228028623676181e+01
1.782066013744650945e+01
1.564049231961705289e+01
1.299578319530512260e+01
9.950058397284660572e+00
1.381571653724481941e+01
9.484310646404408018e+00
4.475192034985761680e+00
5.439632304611682123e+00
6.677398182254447256e+00
3.745309566644658528e+00
3.436896253798621625e+00
1.942973619063058655e+00
1.770457987181565329e+00
1.412831819432164293e+00
7.880950133074057229e-01
5.605434723328780455e-01
2.113710821635731707e-01
2.420614591379635638e-01
0.000000000000000000e+00
0.000000000000000000e+00
0.000000000000000000e+00
