0.000000000000000000e+00
1.240195927061526898e-01
0.000000000000000000e+00
1.739926363384381724e-01
3.586950088515311608e-01
4.918773824592873045e-01
6.584783595532961442e-01
8.472151069828723902e-01
1.328676356143587034e+00
1.757170021476294197e+00
2.272242490910686197e+00
2.821340273256666364e+00
3.015422596834480107e+00
3.205486934051517967e+00
4.438820226141175773e+00
4.563677074191380356e+00
4.992352550088485330e+00
6.052423972054502777e+00
5.599944196150529407e+00
5.452117564533986105e+00
6.592787251989859598e+00
7.022285952594069514e+00
7.059941461336630475e+00
7.606470826704063271e+00
8.194161769783105953e+00
1.017204300936517924e+01
9.306927338513769854e+00
9.325651368001057762e+00
1.098751955345245257e+01
1.129451911811100473e+01
1.126834441865796066e+01
1.224298268397043898e+01
1.252231406767035971e+01
1.247520000779045546e+01
1.407332916370536680e+01
1.502926019833893889e+01
1.752473140842677779e+01
1.872607197156881043e+01
1.709559947718637218e+01
2.199145341803265197e+01
2.189663550604007725e+01
2.056068927247758893e+01
1.915436369179357357e+01
2.355374816742284594e+01
2.446647499002461501e+01
2.772686518044142190e+01
2.835129447551733861e+01
2.523187390856057633e+01
2.792802114784316458e+01
2.973042538140641966e+01
3.415177163573472541e+01
3.124868356602202368e+01
3.147896975933893060e+01
3.018270779120678782e+01
3.895465111831961735e+01
3.166209148349765812e+01
3.349859707300254996e+01
2.966262115440913050e+01
3.313148152979843530e+01
3.487068395671892773e+01
3.364209820276337837e+01
3.484706752704415322e+01
3.483148256583941560e+01
3.518998381553335975e+01
3.448318204212018401e+01
2.904468540025868606e+01
3.067333160066534248e+01
2.271967415589405093e+01
2.225612187550877152e+01
2.201073402023147096e+01
2.612320568000795618e+01
1.708523553942116280e+01
1.793540384093706308e+01
1.717527263930255543e+01
1.592806093032042547e+01
1.280196785105223611e+01
1.184279143548407731e+01
1.327958629285472192e+01
1.168247510630238750e+01
1.114945302399965321e+01
7.829232082394798731e+00
7.527148130890942035e+00
6.199719625716956450e+00
6.243101661784389300e+00
4.769696007084728073e+00
4.145309849697607518e+00
3.144276484244825642e+00
3.358611831918061785e+00
2.139427128345342766e+00
1.872654783322329264e+00
1.345474910347643771e+00
1.082531754730548412e+00
8.522431339559152219e-01
4.023247871744916604e-01
3.408972535823660555e-01
2.113710821635731707e-01
2.683681880830885436e-01
1.240195927061526898e-01
1.240195927061526898e-01
0.000000000000000000e+00
