6.800000000000000000e+02
2.060000000000000000e+03
3.282000000000000000e+03
4.338000000000000000e+03
5.269000000000000000e+03
5.943000000000000000e+03
6.395000000000000000e+03
6.782000000000000000e+03
7.387000000000000000e+03
7.742000000000000000e+03
8.037000000000000000e+03
8.421000000000000000e+03
8.658000000000000000e+03
8.757000000000000000e+03
9.097000000000000000e+03
9.441000000000000000e+03
9.730000000000000000e+03
9.684000000000000000e+03
9.858000000000000000e+03
9.868000000000000000e+03
9.990000000000000000e+03
9.877000000000000000e+03
9.757000000000000000e+03
9.534000000000000000e+03
9.203000000000000000e+03
9.081000000000000000e+03
8.418000000000000000e+03
7.626000000000000000e+03
6.861000000000000000e+03
5.986000000000000000e+03
5.148000000000000000e+03
4.273000000000000000e+03
3.526000000000000000e+03
2.751000000000000000e+03
1.975000000000000000e+03
1.273000000000000000e+03
1.011000000000000000e+03
7.000000000000000000e+02
4.490000000000000000e+02
2.760000000000000000e+02
1.790000000000000000e+02
9.100000000000000000e+01
5.500000000000000000e+01
1.700000000000000000e+01
4.000000000000000000e+00
4.000000000000000000e+00
0.000000000000000000e+00
0.000000000000000000e+00
0.000000000000000000e+00
0.000000000000000000e+00
