0.000000000000000000e+00
1.968750000000000000e+00
1.953125000000000000e+00
9.843750000000000000e-01
3.921875000000000000e+00
5.843750000000000000e+00
1.368750000000000000e+01
2.350000000000000000e+01
3.329687500000000000e+01
4.015625000000000000e+01
4.601562500000000000e+01
4.798437500000000000e+01
7.734375000000000000e+01
7.335937500000000000e+01
1.193906250000000000e+02
1.498906250000000000e+02
1.928593750000000000e+02
2.220781250000000000e+02
2.946250000000000000e+02
3.053437500000000000e+02
4.098750000000000000e+02
5.040937500000000000e+02
6.065000000000000000e+02
7.107031250000000000e+02
8.677500000000000000e+02
9.841718750000000000e+02
1.169593750000000000e+03
1.440546875000000000e+03
1.595203125000000000e+03
1.875375000000000000e+03
2.216078125000000000e+03
2.405343750000000000e+03
2.843421875000000000e+03
3.126734375000000000e+03
3.667906250000000000e+03
4.052015625000000000e+03
4.437546875000000000e+03
4.848625000000000000e+03
5.391859375000000000e+03
5.752609375000000000e+03
6.205046875000000000e+03
6.865781250000000000e+03
7.207953125000000000e+03
7.658500000000000000e+03
7.620375000000000000e+03
8.119609375000000000e+03
8.504078125000000000e+03
8.557515625000000000e+03
8.701578125000000000e+03
8.590359375000000000e+03
8.736375000000000000e+03
8.410203125000000000e+03
8.126187500000000000e+03
8.170468750000000000e+03
7.914500000000000000e+03
7.337734375000000000e+03
6.958718750000000000e+03
6.630859375000000000e+03
6.249406250000000000e+03
5.604796875000000000e+03
5.267281250000000000e+03
4.850187500000000000e+03
4.526687500000000000e+03
4.062343750000000000e+03
3.610953125000000000e+03
3.277593750000000000e+03
2.915656250000000000e+03
2.599875000000000000e+03
2.094671875000000000e+03
1.937265625000000000e+03
1.620500000000000000e+03
1.396718750000000000e+03
1.133140625000000000e+03
9.728125000000000000e+02
8.083437500000000000e+02
6.653281250000000000e+02
5.657343750000000000e+02
4.394843750000000000e+02
3.062500000000000000e+02
2.607031250000000000e+02
1.973281250000000000e+02
1.479687500000000000e+02
1.001093750000000000e+02
8.171875000000000000e+01
6.715625000000000000e+01
5.946875000000000000e+01
2.775000000000000000e+01
2.209375000000000000e+01
1.721875000000000000e+01
8.562500000000000000e+00
2.843750000000000000e+00
4.796875000000000000e+00
1.906250000000000000e+00
2.859375000000000000e+00
0.000000000000000000e+00
0.000000000000000000e+00
0.000000000000000000e+00
0.000000000000000000e+00
0.000000000000000000e+00
9.687500000000000000e-01
