0.000000000000000000e+00
3.906250000000000000e+00
3.906250000000000000e+00
5.843750000000000000e+00
6.812500000000000000e+00
6.843750000000000000e+00
1.271875000000000000e+01
2.150000000000000000e+01
2.251562500000000000e+01
2.831250000000000000e+01
2.835937500000000000e+01
4.889062500000000000e+01
7.614062500000000000e+01
8.404687500000000000e+01
9.681250000000000000e+01
1.210312500000000000e+02
1.718281250000000000e+02
1.809218750000000000e+02
2.237812500000000000e+02
2.815468750000000000e+02
3.312031250000000000e+02
3.574218750000000000e+02
4.766718750000000000e+02
5.710000000000000000e+02
6.529531250000000000e+02
7.706562500000000000e+02
9.481406250000000000e+02
1.030140625000000000e+03
1.325890625000000000e+03
1.535828125000000000e+03
1.612703125000000000e+03
2.041843750000000000e+03
2.297000000000000000e+03
2.475406250000000000e+03
2.774625000000000000e+03
3.318140625000000000e+03
3.709015625000000000e+03
3.928531250000000000e+03
4.387281250000000000e+03
4.794609375000000000e+03
5.061468750000000000e+03
5.599515625000000000e+03
6.012390625000000000e+03
6.450968750000000000e+03
6.849984375000000000e+03
7.274500000000000000e+03
7.549109375000000000e+03
7.833937500000000000e+03
7.917531250000000000e+03
8.070234375000000000e+03
8.279406250000000000e+03
8.288468750000000000e+03
8.212890625000000000e+03
8.096250000000000000e+03
8.075796875000000000e+03
7.785156250000000000e+03
7.449906250000000000e+03
7.270796875000000000e+03
6.983468750000000000e+03
6.679046875000000000e+03
6.310046875000000000e+03
5.714734375000000000e+03
5.376031250000000000e+03
4.873671875000000000e+03
4.566546875000000000e+03
4.212828125000000000e+03
3.904296875000000000e+03
3.487125000000000000e+03
3.100093750000000000e+03
2.759046875000000000e+03
2.401453125000000000e+03
2.127593750000000000e+03
1.874500000000000000e+03
1.659953125000000000e+03
1.454468750000000000e+03
1.110031250000000000e+03
1.066781250000000000e+03
8.165156250000000000e+02
6.973125000000000000e+02
5.348593750000000000e+02
4.524531250000000000e+02
3.570937500000000000e+02
2.907500000000000000e+02
2.345937500000000000e+02
1.703593750000000000e+02
1.229218750000000000e+02
9.625000000000000000e+01
8.882812500000000000e+01
4.528125000000000000e+01
3.289062500000000000e+01
2.625000000000000000e+01
3.484375000000000000e+01
1.037500000000000000e+01
1.028125000000000000e+01
1.875000000000000000e+00
3.718750000000000000e+00
9.375000000000000000e-01
3.781250000000000000e+00
2.734375000000000000e+00
0.000000000000000000e+00
