0.000000000000000000e+00
9.843750000000000000e-01
1.968750000000000000e+00
3.937500000000000000e+00
1.870312500000000000e+01
2.657812500000000000e+01
6.595312500000000000e+01
1.417500000000000000e+02
1.870312500000000000e+02
3.267968750000000000e+02
3.700937500000000000e+02
5.630312500000000000e+02
7.372812500000000000e+02
8.957187500000000000e+02
1.099500000000000000e+03
1.286500000000000000e+03
1.588718750000000000e+03
1.856437500000000000e+03
1.962765625000000000e+03
2.383046875000000000e+03
2.574015625000000000e+03
3.027734375000000000e+03
3.409625000000000000e+03
3.764062500000000000e+03
3.900796875000000000e+03
4.463859375000000000e+03
4.799531250000000000e+03
5.282750000000000000e+03
5.656828125000000000e+03
6.132187500000000000e+03
6.700140625000000000e+03
7.381109375000000000e+03
7.761156250000000000e+03
8.407734375000000000e+03
9.053484375000000000e+03
9.863250000000000000e+03
1.045975000000000000e+04
1.111720312500000000e+04
1.172029687500000000e+04
1.271081250000000000e+04
1.354612500000000000e+04
1.419614062500000000e+04
1.510601562500000000e+04
1.619568750000000000e+04
1.740081250000000000e+04
1.804610937500000000e+04
1.894789062500000000e+04
1.993842187500000000e+04
2.083845312500000000e+04
2.194606250000000000e+04
2.313414062500000000e+04
2.384512500000000000e+04
2.514476562500000000e+04
2.618965625000000000e+04
2.679228125000000000e+04
2.767168750000000000e+04
2.890796875000000000e+04
2.955926562500000000e+04
3.027126562500000000e+04
3.067650000000000000e+04
3.087718750000000000e+04
3.122745312500000000e+04
3.134343750000000000e+04
3.133939062500000000e+04
3.079567187500000000e+04
3.028968750000000000e+04
2.940523437500000000e+04
2.826025000000000000e+04
2.687739062500000000e+04
2.503921875000000000e+04
2.317693750000000000e+04
2.064487500000000000e+04
1.838046875000000000e+04
1.617068750000000000e+04
1.375431250000000000e+04
1.154392187500000000e+04
9.978062500000000000e+03
8.157156250000000000e+03
6.817062500000000000e+03
5.470031250000000000e+03
4.420843750000000000e+03
3.455312500000000000e+03
2.606625000000000000e+03
1.950312500000000000e+03
1.397515625000000000e+03
9.764375000000000000e+02
7.367031250000000000e+02
4.948125000000000000e+02
3.776093750000000000e+02
2.280937500000000000e+02
1.435468750000000000e+02
8.553125000000000000e+01
5.117187500000000000e+01
3.148437500000000000e+01
2.360937500000000000e+01
7.875000000000000000e+00
3.890625000000000000e+00
9.843750000000000000e-01
9.687500000000000000e-01
0.000000000000000000e+00
