0.000000000000000000e+00
1.240195927061526898e-01
0.000000000000000000e+00
0.000000000000000000e+00
1.240195927061526898e-01
3.586950088515311608e-01
4.831132760543845883e-01
5.927211480747081040e-01
8.291561975888499525e-01
1.138375350005436548e+00
1.729511762752713899e+00
2.121320343559642385e+00
2.718570396366443376e+00
2.947290864081792527e+00
3.220418256997062745e+00
3.672606310152913611e+00
4.477564514819970753e+00
4.440469956828893672e+00
6.007075905754811984e+00
5.509136587297504661e+00
7.700937823367683954e+00
6.946766755791862202e+00
6.999930245188162203e+00
7.053367989832942442e+00
9.674575551897612868e+00
9.198852998302287531e+00
8.567046580320139881e+00
1.115778175758963364e+01
1.045656940635885590e+01
1.133224063168334794e+01
1.185548355126753073e+01
1.198110491565782176e+01
1.364268312079317447e+01
1.639264316698194790e+01
1.686225647294498486e+01
1.841374926812502721e+01
1.735914294399351832e+01
1.998529122215573395e+01
1.783844054107589372e+01
2.182739798359792971e+01
2.448580085190956268e+01
2.281735821556693722e+01
2.684878354291633329e+01
2.491454143667910159e+01
2.575693455623892802e+01
2.967085059448077189e+01
3.000598898553420568e+01
3.044653035959105836e+01
3.226592387876100787e+01
3.348483798676648604e+01
3.647224102292557291e+01
3.688038890708041606e+01
4.014766445183953891e+01
3.940016247091342905e+01
3.968958840469846905e+01
4.601370963755666565e+01
4.343282067871455610e+01
4.510712076546229810e+01
4.440553251971397231e+01
4.192881045873320289e+01
4.018277334178789317e+01
4.484581876761199482e+01
3.607479209919303287e+01
4.372177381876649349e+01
3.975947889635092736e+01
4.032649648009822840e+01
3.466772733190589406e+01
3.399274681365864836e+01
3.543355563917308615e+01
2.850345630768968519e+01
2.559784670356815539e+01
2.656152571742632418e+01
1.674343971343702009e+01
1.962338269609752928e+01
1.996040391899359889e+01
1.556732323600865620e+01
1.509850468589522343e+01
1.153624553039245981e+01
1.274352623638763582e+01
1.201524910010192038e+01
1.082088502546695530e+01
8.402459066212403016e+00
9.282972798860019026e+00
8.054259354527887993e+00
6.028253789448483779e+00
4.743184872464386359e+00
4.423586241317670975e+00
4.099322304890772983e+00
3.267829698362508140e+00
2.554818899525952869e+00
2.209487709289191582e+00
1.470992304322153776e+00
1.376331031901482538e+00
1.172187458344440714e+00
7.493486755176124170e-01
6.250000000000000000e-01
4.736720747257536779e-01
2.683681880830885436e-01
2.113710821635731707e-01
0.000000000000000000e+00
