0.000000000000000000e+00
9.843750000000000000e-01
0.000000000000000000e+00
0.000000000000000000e+00
0.000000000000000000e+00
0.000000000000000000e+00
0.000000000000000000e+00
0.000000000000000000e+00
0.000000000000000000e+00
0.000000000000000000e+00
0.000000000000000000e+00
0.000000000000000000e+00
0.000000000000000000e+00
0.000000000000000000e+00
0.000000000000000000e+00
7.875000000000000000e+00
1.476562500000000000e+01
5.020312500000000000e+01
9.056250000000000000e+01
1.555156250000000000e+02
2.893906250000000000e+02
4.045781250000000000e+02
5.935312500000000000e+02
7.934062500000000000e+02
1.038515625000000000e+03
1.290453125000000000e+03
1.497187500000000000e+03
1.776734375000000000e+03
2.073921875000000000e+03
2.489375000000000000e+03
2.827968750000000000e+03
3.172468750000000000e+03
3.625250000000000000e+03
4.110578125000000000e+03
4.640984375000000000e+03
5.050437500000000000e+03
5.641125000000000000e+03
6.033843750000000000e+03
6.843890625000000000e+03
7.358437500000000000e+03
8.001234375000000000e+03
8.526765625000000000e+03
9.334703125000000000e+03
1.025496875000000000e+04
1.100498437500000000e+04
1.196190625000000000e+04
1.283670312500000000e+04
1.355910937500000000e+04
1.485332812500000000e+04
1.576070312500000000e+04
1.685592187500000000e+04
1.790695312500000000e+04
1.938306250000000000e+04
2.032201562500000000e+04
2.166373437500000000e+04
2.309675000000000000e+04
2.431284375000000000e+04
2.555710937500000000e+04
2.681457812500000000e+04
2.791854687500000000e+04
2.899789062500000000e+04
3.012762500000000000e+04
3.085932812500000000e+04
3.176084375000000000e+04
3.257726562500000000e+04
3.304407812500000000e+04
3.322850000000000000e+04
3.294665625000000000e+04
3.306831250000000000e+04
3.269864062500000000e+04
3.178498437500000000e+04
3.059340625000000000e+04
2.935048437500000000e+04
2.756190625000000000e+04
2.487076562500000000e+04
2.226037500000000000e+04
1.942634375000000000e+04
1.690245312500000000e+04
1.424771875000000000e+04
1.166020312500000000e+04
9.541687500000000000e+03
7.650781250000000000e+03
6.080312500000000000e+03
4.833187500000000000e+03
3.533875000000000000e+03
2.640015625000000000e+03
1.905984375000000000e+03
1.347125000000000000e+03
9.371875000000000000e+02
5.731718750000000000e+02
3.580156250000000000e+02
2.497968750000000000e+02
1.465781250000000000e+02
9.048437500000000000e+01
3.834375000000000000e+01
2.459375000000000000e+01
7.859375000000000000e+00
4.906250000000000000e+00
2.953125000000000000e+00
9.687500000000000000e-01
