6.770000000000000000e+02
1.970000000000000000e+03
3.276000000000000000e+03
4.271000000000000000e+03
5.210000000000000000e+03
5.822000000000000000e+03
6.365000000000000000e+03
6.717000000000000000e+03
7.266000000000000000e+03
7.704000000000000000e+03
7.806000000000000000e+03
8.218000000000000000e+03
8.470000000000000000e+03
8.589000000000000000e+03
8.879000000000000000e+03
9.392000000000000000e+03
9.404000000000000000e+03
9.534000000000000000e+03
9.758000000000000000e+03
9.943000000000000000e+03
9.849000000000000000e+03
9.657000000000000000e+03
9.607000000000000000e+03
9.478000000000000000e+03
9.069000000000000000e+03
8.810000000000000000e+03
8.244000000000000000e+03
7.504000000000000000e+03
6.730000000000000000e+03
5.937000000000000000e+03
5.039000000000000000e+03
4.272000000000000000e+03
3.374000000000000000e+03
2.692000000000000000e+03
1.926000000000000000e+03
1.280000000000000000e+03
9.820000000000000000e+02
6.960000000000000000e+02
4.610000000000000000e+02
2.660000000000000000e+02
1.590000000000000000e+02
9.600000000000000000e+01
5.300000000000000000e+01
2.000000000000000000e+01
6.000000000000000000e+00
3.000000000000000000e+00
1.000000000000000000e+00
0.000000000000000000e+00
0.000000000000000000e+00
0.000000000000000000e+00
