0.000000000000000000e+00
1.953125000000000000e+00
3.937500000000000000e+00
1.968750000000000000e+00
1.076562500000000000e+01
5.875000000000000000e+00
1.968750000000000000e+00
1.568750000000000000e+01
1.664062500000000000e+01
3.129687500000000000e+01
4.206250000000000000e+01
5.971875000000000000e+01
6.748437500000000000e+01
7.162500000000000000e+01
1.143593750000000000e+02
1.310468750000000000e+02
1.565468750000000000e+02
1.948125000000000000e+02
2.272187500000000000e+02
3.230000000000000000e+02
3.815468750000000000e+02
4.715000000000000000e+02
5.639218750000000000e+02
6.915781250000000000e+02
7.885156250000000000e+02
9.352656250000000000e+02
1.081031250000000000e+03
1.262140625000000000e+03
1.439265625000000000e+03
1.764000000000000000e+03
1.976968750000000000e+03
2.317062500000000000e+03
2.686968750000000000e+03
3.045656250000000000e+03
3.382562500000000000e+03
3.708359375000000000e+03
4.191187500000000000e+03
4.684984375000000000e+03
5.162140625000000000e+03
5.640468750000000000e+03
6.161390625000000000e+03
6.707968750000000000e+03
7.025703125000000000e+03
7.428921875000000000e+03
7.907218750000000000e+03
8.326656250000000000e+03
8.653500000000000000e+03
9.024171875000000000e+03
8.879218750000000000e+03
9.165671875000000000e+03
9.192671875000000000e+03
9.019875000000000000e+03
8.746328125000000000e+03
8.805000000000000000e+03
8.338546875000000000e+03
8.375343750000000000e+03
7.700312500000000000e+03
7.421875000000000000e+03
6.933265625000000000e+03
6.534609375000000000e+03
6.158531250000000000e+03
5.624484375000000000e+03
5.133156250000000000e+03
4.817625000000000000e+03
4.314015625000000000e+03
3.887031250000000000e+03
3.437343750000000000e+03
2.993828125000000000e+03
2.641796875000000000e+03
2.350484375000000000e+03
1.990578125000000000e+03
1.782578125000000000e+03
1.505500000000000000e+03
1.273468750000000000e+03
1.007343750000000000e+03
8.516406250000000000e+02
6.576875000000000000e+02
5.800312500000000000e+02
4.399062500000000000e+02
3.663281250000000000e+02
2.624843750000000000e+02
1.931875000000000000e+02
1.383125000000000000e+02
1.131875000000000000e+02
1.015625000000000000e+02
7.853125000000000000e+01
4.028125000000000000e+01
2.690625000000000000e+01
1.806250000000000000e+01
1.343750000000000000e+01
8.593750000000000000e+00
4.765625000000000000e+00
1.921875000000000000e+00
2.828125000000000000e+00
1.937500000000000000e+00
0.000000000000000000e+00
0.000000000000000000e+00
0.000000000000000000e+00
0.000000000000000000e+00
9.062500000000000000e-01
