4.002654148733687300e+00
7.447472306091510674e+00
1.104107211449594672e+01
1.372181059253843571e+01
1.505222029926150107e+01
1.880018674067827078e+01
1.868430548573789096e+01
2.061628603798462933e+01
2.160039695092430634e+01
2.270677018224685639e+01
2.333949823227515452e+01
2.547944560694953609e+01
2.639438990314750555e+01
2.920809882736935492e+01
3.136117334156002201e+01
3.186922435418690824e+01
3.286037801607545106e+01
3.557627904741269020e+01
3.697068821525202509e+01
4.041343951892736186e+01
4.043608720484092345e+01
4.067063542578969759e+01
3.771889239823990181e+01
4.044680872377325187e+01
3.858462379445178669e+01
3.772386305443810528e+01
4.239195825861315114e+01
3.691892246446935388e+01
3.515659374831945883e+01
3.187107435998000682e+01
2.916842256619305118e+01
1.994043865490425915e+01
2.226068475895339560e+01
1.740268000867610709e+01
1.574558935017597250e+01
1.088787850949394098e+01
1.023150007330303524e+01
5.501220567689955487e+00
4.780918084884429042e+00
4.565067770581286766e+00
2.849710443075752053e+00
1.932200413388838856e+00
1.648567086138747362e+00
8.748604799480886873e-01
5.208072910155924218e-01
0.000000000000000000e+00
0.000000000000000000e+00
0.000000000000000000e+00
0.000000000000000000e+00
0.000000000000000000e+00
