6.390000000000000000e+02
1.973000000000000000e+03
3.099000000000000000e+03
4.149000000000000000e+03
5.092000000000000000e+03
5.751000000000000000e+03
6.171000000000000000e+03
6.630000000000000000e+03
7.051000000000000000e+03
7.326000000000000000e+03
7.515000000000000000e+03
7.959000000000000000e+03
8.251000000000000000e+03
8.386000000000000000e+03
8.491000000000000000e+03
8.920000000000000000e+03
9.185000000000000000e+03
9.322000000000000000e+03
9.231000000000000000e+03
9.452000000000000000e+03
9.502000000000000000e+03
9.458000000000000000e+03
9.134000000000000000e+03
9.297000000000000000e+03
8.521000000000000000e+03
8.417000000000000000e+03
7.695000000000000000e+03
7.313000000000000000e+03
6.531000000000000000e+03
5.714000000000000000e+03
4.908000000000000000e+03
3.945000000000000000e+03
3.233000000000000000e+03
2.461000000000000000e+03
1.868000000000000000e+03
1.251000000000000000e+03
9.840000000000000000e+02
6.440000000000000000e+02
4.390000000000000000e+02
2.710000000000000000e+02
1.450000000000000000e+02
9.800000000000000000e+01
4.700000000000000000e+01
1.300000000000000000e+01
4.000000000000000000e+00
1.000000000000000000e+00
0.000000000000000000e+00
0.000000000000000000e+00
0.000000000000000000e+00
0.000000000000000000e+00
