2.408123483862609493e-01
2.515665569838861915e-01
2.628010275088430436e-01
2.745372075197082262e-01
2.867975023810863111e-01
2.996053180373539626e-01
3.129851056965958223e-01
3.269624085100383271e-01
3.415639103360946782e-01
3.568174866821176572e-01
3.727522579211111076e-01
3.893986448849954818e-01
4.067884269405602771e-01
4.249548026589750616e-01
4.439324531946816643e-01
4.637576084946641308e-01
4.844681164644953353e-01
5.061035152232038481e-01
5.287051085849014953e-01
5.523160449112735071e-01
5.769813994854663397e-01
6.027482605646320435e-01
6.296658192754113204e-01
6.577854635239730463e-01
6.871608760998921817e-01
7.178481371611558082e-01
7.499058312959479000e-01
7.833951593656055534e-01
8.183800553422615476e-01
8.549273083642286997e-01
8.931066902421379572e-01
9.329910886592525099e-01
9.746566463202461783e-01
1.018182906314095248e+00
1.063652963968592324e+00
1.111153625486385188e+00
1.160775573665392635e+00
1.212613541019968322e+00
1.266766490633318476e+00
1.323337805086434171e+00
1.382435483824220102e+00
1.444172349335610228e+00
1.508666262541282554e+00
1.576040347800168995e+00
1.646423227964315172e+00
1.719949269930832081e+00
1.796758841159716402e+00
1.876998577647255084e+00
1.960821663866599618e+00
2.048388125209937627e+00
2.139865133490560289e+00
2.235427326088053945e+00
2.335257139345894739e+00
2.439545156857924280e+00
2.548490473308620441e+00
2.662301074561762793e+00
2.781194234723114889e+00
2.905396930935148170e+00
3.035146276695688705e+00
3.170689974527727273e+00
3.312286788864577503e+00
3.460207040053158600e+00
3.614733120418504697e+00
3.776160033374697633e+00
3.944795956611447441e+00
4.120962830431479595e+00
4.304996972361921692e+00
4.497249719213032293e+00
4.698088097810015462e+00
4.907895525678410031e+00
5.127072543020717355e+00
5.356037577381668413e+00
5.595227742461957199e+00
5.845099672605423180e+00
6.106130394552803153e+00
6.378818238126305218e+00
6.663683787583570606e+00
6.961270875457240770e+00
7.272147620777463572e+00
7.596907513659379774e+00
7.936170548326170859e+00
8.290584406730696188e+00
8.660825695035359928e+00
9.047601235310755996e+00
9.451649414919035763e+00
9.873741596158113865e+00
1.031468358885781988e+01
1.077531718873930799e+01
1.125652178447460905e+01
1.175921603651429947e+01
1.228435963088833915e+01
1.283295511132823208e+01
1.340604979320816881e+01
1.400473776295904571e+01
1.463016196677239833e+01
1.528351639258176853e+01
1.596604834948712437e+01
1.667906084897384389e+01
1.742391509247235604e+01
1.820203307000730319e+01
