0.000000000000000000e+00
3.000000000000000000e+00
9.000000000000000000e+00
1.400000000000000000e+01
5.000000000000000000e+01
5.800000000000000000e+01
1.160000000000000000e+02
1.840000000000000000e+02
2.830000000000000000e+02
3.890000000000000000e+02
5.300000000000000000e+02
6.690000000000000000e+02
8.610000000000000000e+02
1.031000000000000000e+03
1.175000000000000000e+03
1.443000000000000000e+03
1.640000000000000000e+03
1.849000000000000000e+03
2.116000000000000000e+03
2.319000000000000000e+03
2.698000000000000000e+03
2.923000000000000000e+03
3.170000000000000000e+03
3.468000000000000000e+03
3.937000000000000000e+03
4.214000000000000000e+03
4.573000000000000000e+03
4.911000000000000000e+03
5.483000000000000000e+03
5.860000000000000000e+03
6.324000000000000000e+03
6.914000000000000000e+03
7.141000000000000000e+03
7.793000000000000000e+03
8.398000000000000000e+03
8.790000000000000000e+03
9.559000000000000000e+03
1.038300000000000000e+04
1.091100000000000000e+04
1.161200000000000000e+04
1.229300000000000000e+04
1.278800000000000000e+04
1.345700000000000000e+04
1.458300000000000000e+04
1.545900000000000000e+04
1.633000000000000000e+04
1.713000000000000000e+04
1.785100000000000000e+04
1.871600000000000000e+04
1.946600000000000000e+04
2.057900000000000000e+04
2.143900000000000000e+04
2.214600000000000000e+04
2.269100000000000000e+04
2.362200000000000000e+04
2.395800000000000000e+04
2.454300000000000000e+04
2.497800000000000000e+04
2.507600000000000000e+04
2.565500000000000000e+04
2.582900000000000000e+04
2.544400000000000000e+04
2.561100000000000000e+04
2.548900000000000000e+04
2.495400000000000000e+04
2.431000000000000000e+04
2.376000000000000000e+04
2.275100000000000000e+04
2.159200000000000000e+04
2.001200000000000000e+04
1.849200000000000000e+04
1.676300000000000000e+04
1.462800000000000000e+04
1.299300000000000000e+04
1.104800000000000000e+04
9.497000000000000000e+03
7.918000000000000000e+03
6.543000000000000000e+03
5.444000000000000000e+03
4.402000000000000000e+03
3.421000000000000000e+03
2.633000000000000000e+03
1.988000000000000000e+03
1.502000000000000000e+03
1.172000000000000000e+03
7.620000000000000000e+02
5.220000000000000000e+02
3.770000000000000000e+02
1.990000000000000000e+02
1.610000000000000000e+02
1.090000000000000000e+02
6.900000000000000000e+01
2.900000000000000000e+01
2.500000000000000000e+01
1.200000000000000000e+01
4.000000000000000000e+00
5.000000000000000000e+00
1.000000000000000000e+00
2.000000000000000000e+00
0.000000000000000000e+00
