7.904820794044256083e-01
8.281033931229723200e-01
8.675152132714379904e-01
9.088027551960905503e-01
9.520552898864049762e-01
9.973663369947777246e-01
1.044833867042604725e+00
1.094560513249926759e+00
1.146653793446657632e+00
1.201226342545202996e+00
1.258396156077123296e+00
1.318286845320401524e+00
1.381027904568954190e+00
1.446754991122265022e+00
1.515610218600530468e+00
1.587742464219515037e+00
1.663307690689501017e+00
1.742469283434333382e+00
1.825398403859687990e+00
1.912274359434393611e+00
2.003284991384985059e+00
2.098627080841755532e+00
2.198506774314466838e+00
2.303140029417671375e+00
2.412753081809381417e+00
2.527582934352694100e+00
2.647877869558020958e+00
2.773897986413919714e+00
2.905915762767242505e+00
3.044216644468577648e+00
3.189099662556808656e+00
3.340878079817268809e+00
3.499880068111448583e+00
3.666449417942773792e+00
3.840946281792659622e+00
4.023747952834057173e+00
4.215249680706222968e+00
4.415865526114551187e+00
4.626029256103267429e+00
4.846195281936721777e+00
5.076839641617143073e+00
5.318461029163255915e+00
5.571581872875194463e+00
5.836749464917169838e+00
6.114537144660208590e+00
6.405545538343575984e+00
6.710403857735240507e+00
7.029771260599338767e+00
7.364338275912185594e+00
7.714828296908406102e+00
8.081999145185436717e+00
8.466644709248233980e+00
8.869596661037057572e+00
9.291726254149731190e+00
9.733946207646459570e+00
1.019721267951035770e+01
1.068252733403059906e+01
1.119093950757831202e+01
1.172354847745791950e+01
1.228150583873970803e+01
1.286601799421261916e+01
1.347834876284109029e+01
1.411982211236582074e+01
1.479182502195690674e+01
1.549581048110882797e+01
1.623330063126146428e+01
1.700589005693991140e+01
1.781524923352907663e+01
1.866312813913775059e+01
1.955136003836176073e+01
2.048186544612717341e+01
2.145665628018425863e+01
2.247784021123052156e+01
2.354762522006867798e+01
2.466832437165276559e+01
2.584236081634490034e+01
2.707227302919619660e+01
2.836072029858009458e+01
2.971048847604559384e+01
3.112449599982237913e+01
3.260580020500207610e+01
3.415760393403898831e+01
3.578326246186362880e+01
3.748629075058225624e+01
3.927037104944857049e+01
4.113936085653965335e+01
4.309730125935115552e+01
4.514842567234526882e+01
4.729716899034372801e+01
4.954817717755715734e+01
5.190631731298370255e+01
5.437668811389734458e+01
5.696463096017895822e+01
5.967574144332719754e+01
6.251588146511972610e+01
6.549119191208490065e+01
6.860810593318763040e+01
7.187336284943857834e+01
7.529402272550170494e+01
7.887748163480642916e+01
