4.263735845403066271e+00
6.258880409815720469e+00
1.004943833940484410e+01
1.143287773744541624e+01
1.103120573645510483e+01
1.321353140191428999e+01
1.573684191187593306e+01
1.547525115910885596e+01
1.596134857828435472e+01
2.183210079218213906e+01
1.452677182340849527e+01
1.982697987237024861e+01
1.927407559999635822e+01
1.815809881938015735e+01
1.910481343757051675e+01
1.812820553550460900e+01
2.320896391180302132e+01
1.978080568221375657e+01
1.712088653835936825e+01
1.968496387434772643e+01
2.042363228858605950e+01
2.327080302519661714e+01
2.241345660779200344e+01
2.571352373235482958e+01
1.990328176457339993e+01
2.004286787698744021e+01
2.069776463624755891e+01
1.863757964436369718e+01
1.668032968611532141e+01
1.800043402254512159e+01
1.473396904265785423e+01
1.475263979291079330e+01
1.183693529210052731e+01
9.670335095505997458e+00
8.700754277647426704e+00
6.420924503868192801e+00
6.072941234227036134e+00
4.489108999498118813e+00
3.877897102489956449e+00
2.800669562801009871e+00
2.916648065416874935e+00
1.663016836956258793e+00
1.214736982848550584e+00
8.267972847076845433e-01
2.420614591379635638e-01
2.914805954090254891e-01
0.000000000000000000e+00
0.000000000000000000e+00
0.000000000000000000e+00
0.000000000000000000e+00
