6.767683241700699348e-01
7.098361451343394579e-01
7.445197048149059249e-01
7.808979504034261332e-01
8.190536865587376703e-01
8.590737638879523130e-01
9.010492766369934126e-01
9.450757700405604256e-01
9.912534578034956079e-01
1.039687450208586217e+00
1.090487993370023778e+00
1.143770720177113009e+00
1.199656913499431932e+00
1.258273782252554041e+00
1.319754750952716993e+00
1.384239763419526259e+00
1.451875601317986764e+00
1.522816218264930965e+00
1.597223090260341261e+00
1.675265583241223766e+00
1.757121338594664461e+00
1.842976677507577987e+00
1.933027025073534855e+00
2.027477355122024427e+00
2.126542656782682172e+00
2.230448423846479233e+00
2.339431168037766184e+00
2.453738957365483309e+00
2.573631980778950723e+00
2.699383140413499582e+00
2.831278672774038885e+00
2.969618800270489078e+00
3.114718414588129924e+00
3.266907793448348585e+00
3.426533352391291309e+00
3.593958433291650323e+00
3.769564131402380447e+00
3.953750162808930657e+00
4.146935774268430741e+00
4.349560697504899487e+00
4.562086150132570239e+00
4.784995885485739286e+00
5.018797293744683863e+00
5.264022556864127900e+00
5.521229859933050044e+00
5.791004661723220259e+00
6.073961027318413031e+00
6.370743025857756869e+00
6.682026196574673449e+00
7.008519086468502302e+00
7.350964863108850444e+00
7.710143006243743713e+00
8.086871082062069505e+00
8.482006604148880413e+00
8.896448985369522333e+00
9.331141585125459770e+00
9.787073856641816505e+00
1.026528359917430500e+01
1.076685932026204817e+01
1.129294271340329203e+01
1.184473125679370575e+01
1.242348093904259265e+01
1.303050911807130774e+01
1.366719751970132357e+01
1.433499538275736285e+01
1.503542275784463378e+01
1.577007396730869360e+01
1.654062123425377351e+01
1.734881848887978961e+01
1.819650536080218473e+01
1.908561136644195955e+01
2.001816030101728217e+01
2.099627484513377595e+01
2.202218139645902539e+01
2.309821513747933963e+01
2.422682535087401945e+01
2.541058099460596509e+01
2.665217654941882230e+01
2.795443815205080895e+01
2.932033002812575972e+01
3.075296123936388426e+01
3.225559276047044222e+01
3.383164490181088269e+01
3.548470509476796764e+01
3.721853605750200700e+01
3.903708435970122537e+01
4.094448940581754925e+01
4.294509285723552239e+01
4.504344851482113654e+01
4.724433268434545141e+01
4.955275504837695877e+01
5.197397006938944486e+01
5.451348895004111483e+01
5.717709217784918252e+01
5.997084268281446384e+01
6.290109963794542125e+01
6.597453293409441244e+01
6.919813836205429425e+01
7.257925353647274846e+01
7.612557459783091929e+01
