0.000000000000000000e+00
1.240195927061526898e-01
1.240195927061526898e-01
2.683681880830885436e-01
5.144399260360728032e-01
7.287014885225636673e-01
8.681371489430688149e-01
1.248436522214886102e+00
1.768802450635740264e+00
1.937436994943319446e+00
2.758509561339238747e+00
3.234299516027388410e+00
3.313936893541426620e+00
3.132491021535416920e+00
4.420190712797356092e+00
4.621382664784966288e+00
5.933798188133803109e+00
5.522326842011436199e+00
6.513188993064380483e+00
8.081554518624495032e+00
7.641311957870847493e+00
8.362864341838864846e+00
8.753333628359825980e+00
8.606850809638505240e+00
9.435417299164621241e+00
1.032961411352694192e+01
1.150397986500215453e+01
1.051928103234721945e+01
1.343807229885949894e+01
1.350736741964824894e+01
1.409811462350551281e+01
1.594612971019535586e+01
1.650656089966577511e+01
1.727217070490489803e+01
1.726589366306809481e+01
1.994983944170980195e+01
1.980657812721256050e+01
2.140802912314676476e+01
2.401061268448547992e+01
2.056921907699706509e+01
2.463451592786024236e+01
2.528354342965746326e+01
2.685078851263031297e+01
2.654813950049042504e+01
2.985636186393110947e+01
2.822281601382115923e+01
3.326872930560130470e+01
3.338036883315551506e+01
3.233098706518833154e+01
3.936914328962944154e+01
3.594070298226476012e+01
3.863007842322320329e+01
4.128643040924584540e+01
3.791326643121606566e+01
3.690176134325264456e+01
4.141448915668735964e+01
4.505559716547434590e+01
4.151601900452854466e+01
4.224869404416543972e+01
4.342265933530556765e+01
4.277338541663495874e+01
3.880297538124492718e+01
4.235853927615274728e+01
4.286678811664690159e+01
3.457553721111936795e+01
3.299759919652299800e+01
3.381000164060185398e+01
3.438703979494854934e+01
2.884691122303001265e+01
2.554132680578673487e+01
2.243042628746720979e+01
1.762654442479793104e+01
1.794424960119536294e+01
2.016489034769033850e+01
1.518322342052240259e+01
1.484647178993632188e+01
1.302093229129062735e+01
1.331261003475652061e+01
1.187265601866322129e+01
1.082946645730988955e+01
8.503776160293437414e+00
8.964992679863158287e+00
7.518450612285419332e+00
6.300247235972172177e+00
4.397459094110484301e+00
3.789247740317331026e+00
4.141538814257328838e+00
3.313936893541426620e+00
2.844222144871071833e+00
2.008222842309836942e+00
1.564920000950527745e+00
1.319549520669838216e+00
9.877175393299442163e-01
8.903508349942734768e-01
4.831132760543845883e-01
5.986638768958755241e-01
2.683681880830885436e-01
2.113710821635731707e-01
1.240195927061526898e-01
0.000000000000000000e+00
