0.000000000000000000e+00
1.240195927061526898e-01
0.000000000000000000e+00
1.240195927061526898e-01
4.166341133116682194e-01
6.137662294188236389e-01
8.379429798619951741e-01
1.039150607166737794e+00
1.429922282634619179e+00
2.045383521494196444e+00
2.181017179551779872e+00
3.062978278979464175e+00
3.478589647759562808e+00
4.490196569680997563e+00
3.734571124557008570e+00
3.998046397929869045e+00
4.623917736549278068e+00
5.101867573190723704e+00
5.929270612815710884e+00
5.973574620777746702e+00
6.187736737895367156e+00
8.331026698995447788e+00
7.881693583868888631e+00
8.415117882975556185e+00
8.412927180833078111e+00
1.016538051120074826e+01
1.008227869829038248e+01
9.975702904432349527e+00
1.050725195995603833e+01
1.052656609488583328e+01
1.256218905087803606e+01
1.345246259983650639e+01
1.412955367693456132e+01
1.481137093534474225e+01
1.740824158265274235e+01
1.544691482899983548e+01
1.818749328822900324e+01
1.908469507059255932e+01
1.946127464832403930e+01
2.210413475885224344e+01
2.342636714760474703e+01
2.381770263867560899e+01
2.124001948526354511e+01
2.607511965906148887e+01
2.684327706219007936e+01
2.843743131859838158e+01
3.008159476739888660e+01
3.160053401447513366e+01
3.207594442783408084e+01
3.158198655879645500e+01
3.501065685973343733e+01
3.378045139550943077e+01
3.709868596055660817e+01
4.014409774779319662e+01
3.673426533905367108e+01
3.831262426060599324e+01
3.406139619771185778e+01
3.969583758386230699e+01
3.578851932162568517e+01
4.110722212625781680e+01
3.811475272122331148e+01
3.535182751972484994e+01
4.108636756406405510e+01
3.513310349140109423e+01
3.673333154621800389e+01
3.169002316754241377e+01
3.153817131667592477e+01
2.815579910848740397e+01
3.124149884368546282e+01
2.263897509516221618e+01
2.269154578251556842e+01
2.098250177789519455e+01
2.023050155975810327e+01
1.683371686341136098e+01
1.433200090706109364e+01
1.495918927448944302e+01
1.436344644401196646e+01
1.061192900039267073e+01
1.014223793027825771e+01
8.716901685805570565e+00
8.543532253077470884e+00
7.077676586237534373e+00
6.873579398683046904e+00
5.748110253324565377e+00
5.784184221597286069e+00
3.732772930409777867e+00
3.607142166504530678e+00
3.154857366030990651e+00
2.436698586202240779e+00
1.890495863358341300e+00
1.785083593980965277e+00
1.250000000000000000e+00
8.816709987291178052e-01
6.606992034958116822e-01
4.145780987944249762e-01
3.630921887069453180e-01
2.914805954090254891e-01
2.755498763835687037e-01
1.739926363384381724e-01
0.000000000000000000e+00
