3.431813478323086475e+00
6.482077906379635657e+00
8.785586118040161097e+00
1.117754445305407884e+01
1.243222838972864963e+01
1.460294811844512530e+01
1.457510184355498772e+01
1.474731834733013436e+01
1.535134581590079961e+01
1.601485516442468438e+01
1.997077332276782258e+01
1.913273434293958886e+01
1.667989058717112982e+01
2.127562792845372286e+01
2.110834564477697128e+01
1.839316040296976951e+01
1.886308994065858258e+01
2.277813657565901551e+01
2.138258271935361776e+01
2.455820076083292847e+01
2.254855871225475994e+01
2.104435768167741116e+01
2.091859571014208896e+01
2.073227311313209498e+01
2.192581152289465507e+01
2.164774251185039944e+01
1.922532280897709711e+01
2.045497508821203780e+01
1.412644316466020378e+01
1.786797829743197497e+01
1.715496209874492806e+01
1.296807227144805807e+01
1.384046059961065822e+01
1.212113340410046014e+01
8.417090477675465365e+00
7.347871184057325422e+00
4.699983377630180925e+00
4.822205108596584466e+00
3.672872205015442759e+00
2.818353284167015360e+00
2.263792362248578716e+00
1.824047268439060954e+00
1.134400826152290875e+00
8.171441790620551648e-01
4.023247871744916604e-01
3.307189138830738395e-01
0.000000000000000000e+00
0.000000000000000000e+00
0.000000000000000000e+00
0.000000000000000000e+00
