0.000000000000000000e+00
4.000000000000000000e+00
7.000000000000000000e+00
3.800000000000000000e+01
6.900000000000000000e+01
1.170000000000000000e+02
2.110000000000000000e+02
3.010000000000000000e+02
3.870000000000000000e+02
5.270000000000000000e+02
6.970000000000000000e+02
8.880000000000000000e+02
9.770000000000000000e+02
1.218000000000000000e+03
1.475000000000000000e+03
1.655000000000000000e+03
1.767000000000000000e+03
2.125000000000000000e+03
2.395000000000000000e+03
2.669000000000000000e+03
2.900000000000000000e+03
3.286000000000000000e+03
3.556000000000000000e+03
3.910000000000000000e+03
4.258000000000000000e+03
4.598000000000000000e+03
5.088000000000000000e+03
5.526000000000000000e+03
5.922000000000000000e+03
6.305000000000000000e+03
6.951000000000000000e+03
7.368000000000000000e+03
7.868000000000000000e+03
8.476000000000000000e+03
9.237000000000000000e+03
9.840000000000000000e+03
1.028800000000000000e+04
1.087500000000000000e+04
1.181800000000000000e+04
1.234400000000000000e+04
1.312700000000000000e+04
1.385500000000000000e+04
1.466500000000000000e+04
1.560600000000000000e+04
1.663000000000000000e+04
1.737100000000000000e+04
1.834400000000000000e+04
1.926800000000000000e+04
2.014500000000000000e+04
2.092700000000000000e+04
2.194900000000000000e+04
2.300400000000000000e+04
2.349800000000000000e+04
2.437500000000000000e+04
2.505900000000000000e+04
2.546000000000000000e+04
2.605700000000000000e+04
2.644900000000000000e+04
2.689000000000000000e+04
2.712600000000000000e+04
2.721200000000000000e+04
2.704900000000000000e+04
2.688200000000000000e+04
2.676000000000000000e+04
2.567200000000000000e+04
2.544400000000000000e+04
2.456000000000000000e+04
2.324800000000000000e+04
2.184600000000000000e+04
2.029600000000000000e+04
1.824000000000000000e+04
1.635000000000000000e+04
1.430900000000000000e+04
1.237400000000000000e+04
1.061100000000000000e+04
8.928000000000000000e+03
7.577000000000000000e+03
6.060000000000000000e+03
5.046000000000000000e+03
3.917000000000000000e+03
3.105000000000000000e+03
2.342000000000000000e+03
1.783000000000000000e+03
1.325000000000000000e+03
9.540000000000000000e+02
6.450000000000000000e+02
4.610000000000000000e+02
3.020000000000000000e+02
1.660000000000000000e+02
1.200000000000000000e+02
1.010000000000000000e+02
4.900000000000000000e+01
3.200000000000000000e+01
1.200000000000000000e+01
5.000000000000000000e+00
5.000000000000000000e+00
1.000000000000000000e+00
0.000000000000000000e+00
2.000000000000000000e+00
0.000000000000000000e+00
