4.152812253085251371e+00
7.451257627701179054e+00
8.697835578464333750e+00
1.096682452829327481e+01
1.320862496392035546e+01
1.362840410457145168e+01
1.245738830724562440e+01
1.503170477482511025e+01
1.779823990595699357e+01
1.675005101438127042e+01
1.725404730599461445e+01
1.783944644907388977e+01
1.854707245050752107e+01
2.121679390836419543e+01
2.010788771695077770e+01
1.762427275760265388e+01
2.155987302838307684e+01
2.102792391046664733e+01
2.463324734987248732e+01
2.658840189320100933e+01
2.063715905798022021e+01
2.206537140485913184e+01
2.134464218486690967e+01
2.192171351508590504e+01
2.304392459928429915e+01
2.228691964156049465e+01
1.943287098216254449e+01
1.913918999722820047e+01
1.798979067024891876e+01
1.809096346202642280e+01
1.718349385129520002e+01
1.177348674923342386e+01
9.055803021233124639e+00
1.146734494117971437e+01
8.810505093353047101e+00
6.461952950734011658e+00
4.788393356596761130e+00
5.327162669693407793e+00
3.860861302870125300e+00
2.667393903114986031e+00
1.955498557753239552e+00
1.751603617938430668e+00
1.379874173385022829e+00
8.379429798619951741e-01
4.416654382844553139e-01
0.000000000000000000e+00
2.420614591379635638e-01
0.000000000000000000e+00
0.000000000000000000e+00
0.000000000000000000e+00
