7.160000000000000000e+02
2.081000000000000000e+03
3.371000000000000000e+03
4.468000000000000000e+03
5.357000000000000000e+03
6.084000000000000000e+03
6.623000000000000000e+03
7.206000000000000000e+03
7.659000000000000000e+03
7.991000000000000000e+03
8.507000000000000000e+03
8.735000000000000000e+03
9.079000000000000000e+03
9.493000000000000000e+03
9.676000000000000000e+03
1.011300000000000000e+04
1.034400000000000000e+04
1.045400000000000000e+04
1.077400000000000000e+04
1.075900000000000000e+04
1.066500000000000000e+04
1.073000000000000000e+04
1.058200000000000000e+04
1.029800000000000000e+04
1.013200000000000000e+04
9.558000000000000000e+03
8.966000000000000000e+03
8.196000000000000000e+03
7.204000000000000000e+03
6.452000000000000000e+03
5.432000000000000000e+03
4.497000000000000000e+03
3.612000000000000000e+03
2.860000000000000000e+03
1.953000000000000000e+03
1.448000000000000000e+03
1.009000000000000000e+03
7.260000000000000000e+02
4.620000000000000000e+02
3.310000000000000000e+02
1.540000000000000000e+02
1.070000000000000000e+02
4.800000000000000000e+01
1.700000000000000000e+01
9.000000000000000000e+00
0.000000000000000000e+00
0.000000000000000000e+00
0.000000000000000000e+00
0.000000000000000000e+00
0.000000000000000000e+00
