0.000000000000000000e+00
1.240195927061526898e-01
0.000000000000000000e+00
0.000000000000000000e+00
0.000000000000000000e+00
0.000000000000000000e+00
0.000000000000000000e+00
0.000000000000000000e+00
0.000000000000000000e+00
0.000000000000000000e+00
0.000000000000000000e+00
0.000000000000000000e+00
0.000000000000000000e+00
0.000000000000000000e+00
0.000000000000000000e+00
4.145780987944249762e-01
4.918773824592873045e-01
9.216101314411642154e-01
1.223149111923807819e+00
1.551130510103840399e+00
2.226384313045481456e+00
2.435445849197842350e+00
3.391021002220422798e+00
4.049377845731366499e+00
4.031098592117910329e+00
4.304538620383722147e+00
5.055550786017286136e+00
5.214889103267202231e+00
6.546241019422902596e+00
6.788086991192732178e+00
7.228348596844233143e+00
7.161024608078093046e+00
8.198704165903292207e+00
9.571776036053863734e+00
9.585947050728737651e+00
1.093428524184365713e+01
1.061617280379327610e+01
1.325850994408873973e+01
1.401351712131451244e+01
1.337310150077385806e+01
1.444033217621308651e+01
1.621798980636549103e+01
1.689737376737506480e+01
1.712086514862785691e+01
1.644260109773922096e+01
1.934208393471344678e+01
2.069320517064418041e+01
2.295179540056452794e+01
2.541287486657845562e+01
2.356154155046683130e+01
2.404052872722176559e+01
2.312562815869819843e+01
2.802949060810773929e+01
2.781382984882475640e+01
2.552831894895108533e+01
2.671785451715762250e+01
3.270379314295973217e+01
3.258935657710006240e+01
3.640304103346827702e+01
3.406241040699226374e+01
3.641733669709215349e+01
4.301870959245523096e+01
3.659706899444783090e+01
3.465779978500510339e+01
3.820595592783113403e+01
3.743799235381586499e+01
3.370506267610253559e+01
3.651122205483541450e+01
3.332645111244220004e+01
3.533383965279424643e+01
3.520275743261279189e+01
3.124435886584168642e+01
2.801282752346458338e+01
2.403299733569452101e+01
2.393920828597669015e+01
2.140494977803031418e+01
2.013021574493179600e+01
1.402556782217301112e+01
1.963611846668021954e+01
1.384419969642070036e+01
1.247356579932137954e+01
1.369930284494433614e+01
1.053101817252254158e+01
1.231979479333970140e+01
8.704345179276842259e+00
6.879526208931469711e+00
5.696743004504854824e+00
6.372548548265442925e+00
4.318835925339141291e+00
3.199388064048342528e+00
2.527920263650536903e+00
2.047709753450180692e+00
1.618300492607908758e+00
1.159097001710814645e+00
8.143008887997114087e-01
6.051536478449088818e-01
3.899994991983963821e-01
2.914805954090254891e-01
2.113710821635731707e-01
1.739926363384381724e-01
