0.000000000000000000e+00
1.739926363384381724e-01
2.683681880830885436e-01
2.683681880830885436e-01
3.121091305537215255e-01
3.630921887069453180e-01
5.355980156563315830e-01
5.994789404140898892e-01
6.597747603349191081e-01
7.699178121721824697e-01
7.880950133074057229e-01
8.379429798619951741e-01
1.301666599978658079e+00
1.381995698030569208e+00
1.340475661845450972e+00
1.693205055324073838e+00
1.846594733387648235e+00
1.852995885046699209e+00
2.345207879911714866e+00
2.218034655810183775e+00
2.429473965697101168e+00
3.009749781958626524e+00
2.947456530637898808e+00
3.652909799050614303e+00
3.610930400793540773e+00
5.168923818117268532e+00
4.188403587212555124e+00
6.095732850476224485e+00
6.386459522644373443e+00
6.557140668767141634e+00
7.331022881179337425e+00
8.215600632333584841e+00
7.435595869700020621e+00
8.199046605208131666e+00
8.949456600123831151e+00
9.506050191029657981e+00
1.243541910984507126e+01
1.222058809703935722e+01
1.238697928711334306e+01
1.463964944722038020e+01
1.622013481563886472e+01
1.520122193895938167e+01
1.646212953977628501e+01
1.564121034119482623e+01
1.866192203349845258e+01
2.078023376274614975e+01
1.750613034366461562e+01
1.547853226044058772e+01
2.103343227905279278e+01
2.212888383990480534e+01
2.046717551196305251e+01
1.924421585178258098e+01
1.999193563000779150e+01
2.074884691826271066e+01
1.663976670321732598e+01
1.834050226786333226e+01
2.012694090019643411e+01
1.971929476268104153e+01
1.845009500949453241e+01
1.564248240719403782e+01
1.780964889463012568e+01
1.432497239035297376e+01
1.401282894350744535e+01
1.406867052121041795e+01
1.348954311448315835e+01
1.150067932776146939e+01
1.400570998233845366e+01
1.178782765650121789e+01
1.085944244583371798e+01
1.073686515876491754e+01
8.497184735987561410e+00
7.816983088722592399e+00
8.216893207555699519e+00
6.789219827003321051e+00
9.327169653758851098e+00
8.095484249529178555e+00
7.558560440818079762e+00
5.204790461680469882e+00
5.073651876052888809e+00
3.837997473862508890e+00
3.194233084795159439e+00
3.646354129469599581e+00
3.596330595203950597e+00
2.845252007182316412e+00
2.218309815490162595e+00
2.214123697989793804e+00
1.510299923649273124e+00
1.256137277281030196e+00
1.268226492981439080e+00
1.069713564172671383e+00
8.579533695807716187e-01
8.590908621182046234e-01
7.459198913925007002e-01
5.986638768958755241e-01
3.750000000000000000e-01
3.586950088515311608e-01
0.000000000000000000e+00
1.739926363384381724e-01
2.914805954090254891e-01
0.000000000000000000e+00
