2.255945236863174386e-01
2.358175043733059251e-01
2.465037469002486770e-01
2.576742443159374951e-01
2.693509409845097347e-01
2.815567756949993172e-01
2.943157267244267961e-01
3.076528589429571858e-01
3.215943730536624523e-01
3.361676570636198402e-01
3.514013400874599902e-01
3.673253485890629055e-01
3.839709651718871686e-01
4.013708900334257978e-01
4.195593052045160087e-01
4.385719416996998188e-01
4.584461497105523087e-01
4.792209719798725676e-01
5.009372205008788548e-01
5.236375566920837832e-01
5.473665752053540334e-01
5.721708915317913480e-01
5.980992335775395796e-01
6.252025373894158911e-01
6.535340472184191229e-01
6.831494201176884218e-01
7.141068352803955355e-01
7.464671083323638490e-01
7.802938108039395582e-01
8.156533950158195712e-01
8.526153246241714445e-01
8.912522110814998788e-01
9.316399562813384438e-01
9.738579016669896005e-01
1.017988984097234706e+00
1.064119898775214734e+00
1.112341269560550572e+00
1.162747826999282807e+00
1.215438594421366370e+00
1.270517082471312120e+00
1.328091492454124056e+00
1.388274928896006344e+00
1.451185621737416831e+00
1.516947158594956990e+00
1.585688727548382859e+00
1.657545370929685236e+00
1.732658250612806317e+00
1.811174925325155449e+00
1.893249640525699551e+00
1.979043631419087568e+00
2.068725439701085467e+00
2.162471244657558245e+00
2.260465209267449538e+00
2.362899841989662075e+00
2.469976374944586439e+00
2.581905159233191416e+00
2.698906078170292933e+00
2.821208979243791326e+00
2.949054125648455926e+00
3.082692668281290072e+00
3.222387139125716615e+00
3.368411966993825057e+00
3.521054016639852069e+00
3.680613152303993107e+00
3.847402826793604014e+00
4.021750697259048657e+00
4.203999268873888973e+00
4.394506567683901466e+00
4.593646843946738834e+00
4.801811307343956337e+00
5.019408895509690716e+00
5.246867077385786615e+00
5.484632692981550761e+00
5.733172831187826723e+00
5.992975747369851724e+00
6.264551822541521098e+00
6.548434566005319368e+00
6.845181663427615248e+00
7.155376072408263788e+00
7.479627167696735413e+00
7.818571938304549107e+00
8.172876238865747212e+00
8.543236097703665877e+00
8.930379084173706516e+00
9.335065737968267996e+00
9.758091063191647763e+00
1.020028609014005028e+01
1.066251950785480318e+01
1.114569937065592065e+01
1.165077488200843625e+01
1.217873825922603359e+01
1.273062668267497166e+01
1.330752433330770579e+01
1.391056452252877129e+01
1.454093191857715439e+01
1.519986487379872386e+01
1.588865785738081726e+01
1.660866399832786300e+01
1.736129774367389444e+01
1.814803763715385543e+01
