0.000000000000000000e+00
9.843750000000000000e-01
0.000000000000000000e+00
0.000000000000000000e+00
0.000000000000000000e+00
0.000000000000000000e+00
0.000000000000000000e+00
0.000000000000000000e+00
0.000000000000000000e+00
0.000000000000000000e+00
0.000000000000000000e+00
1.968750000000000000e+00
5.906250000000000000e+00
2.067187500000000000e+01
4.134375000000000000e+01
9.351562500000000000e+01
1.575000000000000000e+02
2.372187500000000000e+02
4.370468750000000000e+02
5.295781250000000000e+02
7.372968750000000000e+02
9.026250000000000000e+02
1.159562500000000000e+03
1.449921875000000000e+03
1.687125000000000000e+03
1.914437500000000000e+03
2.207796875000000000e+03
2.520843750000000000e+03
2.830015625000000000e+03
3.211781250000000000e+03
3.547500000000000000e+03
3.940218750000000000e+03
4.381078125000000000e+03
4.844703125000000000e+03
5.501375000000000000e+03
5.746140625000000000e+03
6.376250000000000000e+03
6.912546875000000000e+03
7.465812500000000000e+03
8.204750000000000000e+03
8.852687500000000000e+03
9.557312500000000000e+03
1.028454687500000000e+04
1.105309375000000000e+04
1.192146875000000000e+04
1.271137500000000000e+04
1.363746875000000000e+04
1.436895312500000000e+04
1.565328125000000000e+04
1.666776562500000000e+04
1.761710937500000000e+04
1.860521875000000000e+04
1.973292187500000000e+04
2.098850000000000000e+04
2.174954687500000000e+04
2.312660937500000000e+04
2.436212500000000000e+04
2.530507812500000000e+04
2.614426562500000000e+04
2.707504687500000000e+04
2.761390625000000000e+04
2.878242187500000000e+04
2.938381250000000000e+04
2.948946875000000000e+04
3.010131250000000000e+04
3.023123437500000000e+04
2.979796875000000000e+04
2.999376562500000000e+04
2.913157812500000000e+04
2.855845312500000000e+04
2.753440625000000000e+04
2.604742187500000000e+04
2.445348437500000000e+04
2.241090625000000000e+04
2.015251562500000000e+04
1.742240625000000000e+04
1.519400000000000000e+04
1.296931250000000000e+04
1.073235937500000000e+04
8.867828125000000000e+03
7.314265625000000000e+03
5.830953125000000000e+03
4.478078125000000000e+03
3.459953125000000000e+03
2.555250000000000000e+03
1.892265625000000000e+03
1.347468750000000000e+03
9.342812500000000000e+02
6.146406250000000000e+02
4.090156250000000000e+02
2.428906250000000000e+02
1.564531250000000000e+02
9.051562500000000000e+01
5.803125000000000000e+01
3.146875000000000000e+01
1.968750000000000000e+01
4.921875000000000000e+00
1.968750000000000000e+00
2.937500000000000000e+00
9.843750000000000000e-01
