0.000000000000000000e+00
3.000000000000000000e+00
2.000000000000000000e+00
3.000000000000000000e+00
9.000000000000000000e+00
8.000000000000000000e+00
1.100000000000000000e+01
1.400000000000000000e+01
2.100000000000000000e+01
2.300000000000000000e+01
4.000000000000000000e+01
5.600000000000000000e+01
7.000000000000000000e+01
7.100000000000000000e+01
9.100000000000000000e+01
1.020000000000000000e+02
1.520000000000000000e+02
1.680000000000000000e+02
2.230000000000000000e+02
2.430000000000000000e+02
3.550000000000000000e+02
4.150000000000000000e+02
4.780000000000000000e+02
5.730000000000000000e+02
6.580000000000000000e+02
8.740000000000000000e+02
1.006000000000000000e+03
1.092000000000000000e+03
1.336000000000000000e+03
1.572000000000000000e+03
1.785000000000000000e+03
2.097000000000000000e+03
2.381000000000000000e+03
2.676000000000000000e+03
3.056000000000000000e+03
3.360000000000000000e+03
3.821000000000000000e+03
4.195000000000000000e+03
4.597000000000000000e+03
5.029000000000000000e+03
5.584000000000000000e+03
5.944000000000000000e+03
6.385000000000000000e+03
6.795000000000000000e+03
6.958000000000000000e+03
7.432000000000000000e+03
7.672000000000000000e+03
8.029000000000000000e+03
8.097000000000000000e+03
8.270000000000000000e+03
8.219000000000000000e+03
8.284000000000000000e+03
8.241000000000000000e+03
8.071000000000000000e+03
7.714000000000000000e+03
7.619000000000000000e+03
7.194000000000000000e+03
6.968000000000000000e+03
6.447000000000000000e+03
6.097000000000000000e+03
5.792000000000000000e+03
5.300000000000000000e+03
4.756000000000000000e+03
4.450000000000000000e+03
4.040000000000000000e+03
3.728000000000000000e+03
3.396000000000000000e+03
2.870000000000000000e+03
2.546000000000000000e+03
2.311000000000000000e+03
1.914000000000000000e+03
1.624000000000000000e+03
1.489000000000000000e+03
1.215000000000000000e+03
1.031000000000000000e+03
8.900000000000000000e+02
6.960000000000000000e+02
6.180000000000000000e+02
4.860000000000000000e+02
3.820000000000000000e+02
2.910000000000000000e+02
2.320000000000000000e+02
1.640000000000000000e+02
1.390000000000000000e+02
1.190000000000000000e+02
6.700000000000000000e+01
4.000000000000000000e+01
3.800000000000000000e+01
1.900000000000000000e+01
2.200000000000000000e+01
6.000000000000000000e+00
1.100000000000000000e+01
9.000000000000000000e+00
4.000000000000000000e+00
1.000000000000000000e+00
3.000000000000000000e+00
2.000000000000000000e+00
1.000000000000000000e+00
0.000000000000000000e+00
1.000000000000000000e+00
