0.000000000000000000e+00
1.240195927061526898e-01
2.113710821635731707e-01
1.240195927061526898e-01
2.113710821635731707e-01
3.476343040826092023e-01
4.166341133116682194e-01
5.303300858899105963e-01
5.960072225862703688e-01
5.760096434739613303e-01
7.680128579652817367e-01
9.141626547693796345e-01
8.111467095260881388e-01
1.220651561410954100e+00
1.479019945774904032e+00
1.675885959723990348e+00
1.958305629236662293e+00
1.993091094098561333e+00
2.279269259954821436e+00
2.800669562801009871e+00
3.376410295620927648e+00
3.578875467150959722e+00
3.321185546984690706e+00
3.605246556669182922e+00
4.416654382844552806e+00
3.825254025470073316e+00
5.574775780244439538e+00
4.733111423788795236e+00
6.139571315450290001e+00
6.882222768435718230e+00
6.421932025294257329e+00
6.944517143716688601e+00
7.838316718809912764e+00
7.457807753245923266e+00
1.022710858454138005e+01
1.043018783912231306e+01
1.342684897649109566e+01
1.416169873064315610e+01
1.311904626868889423e+01
1.275914959695590412e+01
1.462412357149566056e+01
1.715592981258593852e+01
1.628733691399548533e+01
1.573408794425339430e+01
1.775657338670668040e+01
1.660994824975005812e+01
1.831713225328612893e+01
1.824612009270738255e+01
1.727641065830443168e+01
1.789681252171737924e+01
2.194884299876362377e+01
1.760967307866616949e+01
1.650235985728632215e+01
1.619569501779330878e+01
1.758721986939308835e+01
1.950177776351427994e+01
1.823987706193150160e+01
1.972139319645990341e+01
1.477421211943296875e+01
1.609141366536824691e+01
1.294459346599961869e+01
1.449191584987989145e+01
1.243034302561176219e+01
1.261072057566497584e+01
1.346755360115563072e+01
9.500398326353217016e+00
1.246354057842313168e+01
1.023736835995950756e+01
8.753668315876208084e+00
1.023049783429428317e+01
9.130082060830559954e+00
7.147715981346768999e+00
6.980423938370433845e+00
6.243043003015436909e+00
5.606567020022145797e+00
4.448023393528298008e+00
5.422190192567483358e+00
4.051156036784438363e+00
3.446826835565575564e+00
3.195417556341424437e+00
3.795781735607962837e+00
2.102302959702763818e+00
2.304038573895845321e+00
2.544477399069404289e+00
2.066697905929891999e+00
1.456984122897363676e+00
1.096870548424015324e+00
1.209399224563584729e+00
8.147504890302306180e-01
7.064159097160821466e-01
4.677071733467426662e-01
4.496092053105674724e-01
2.683681880830885436e-01
1.739926363384381724e-01
2.113710821635731707e-01
2.113710821635731707e-01
0.000000000000000000e+00
0.000000000000000000e+00
0.000000000000000000e+00
2.113710821635731707e-01
