0.000000000000000000e+00
1.240195927061526898e-01
2.420614591379635638e-01
2.113710821635731707e-01
4.038389994787526804e-01
6.830466560748248428e-01
8.135510029340508042e-01
1.184927311852925325e+00
1.701260447249332897e+00
2.302978709736588137e+00
2.416122199801781445e+00
2.756916019304904264e+00
2.968585521759479207e+00
3.848669362178959830e+00
4.394154497739013010e+00
4.502793186942411374e+00
4.843548382900701554e+00
4.900549036523867308e+00
6.499699512285164182e+00
6.308302286223687716e+00
7.040878823653692109e+00
7.843547681653691761e+00
7.538378369218409425e+00
6.941440322440293187e+00
9.264346981843889495e+00
9.246409776232070499e+00
8.733913784781710987e+00
1.045618415624815789e+01
1.276874196952757679e+01
1.256980508997653523e+01
1.196462885968469969e+01
1.548423309723071206e+01
1.324277515288997087e+01
1.465458412707436686e+01
1.632599417914572371e+01
1.631621126364818863e+01
1.733335133087006241e+01
1.912453405273903684e+01
1.841931704038928430e+01
1.923756066226627937e+01
2.181435790798115448e+01
2.305385487525622068e+01
2.204682516826402505e+01
2.531703277316479017e+01
2.677108817566769972e+01
2.726930490926336503e+01
2.707092464134721865e+01
2.660375013948926437e+01
3.052707158587890035e+01
3.073003353297064066e+01
2.841007864049965903e+01
3.388482546043840671e+01
3.079356907674677046e+01
3.315315725443807793e+01
3.358036070383997185e+01
3.209315283645991457e+01
3.537119016586804321e+01
3.873794860481611835e+01
3.980974958611740533e+01
3.227905289594747273e+01
3.730940824188149918e+01
3.877171770440406817e+01
3.733337983628056378e+01
3.251534718766470178e+01
3.393973001421048252e+01
3.273917029315762761e+01
2.982402407639477104e+01
3.023956673770930692e+01
2.463736503482819629e+01
2.394361357145940516e+01
1.914499950011425256e+01
2.341340428045439026e+01
1.712390935167477934e+01
1.586059878283288604e+01
1.562621870247245681e+01
1.373151278480907145e+01
1.500122879081493821e+01
1.121592060421256676e+01
1.203249790606152558e+01
1.055064747346697196e+01
9.363000132669816011e+00
8.993256479683818583e+00
6.710514574857504577e+00
5.425273610611726305e+00
5.137845943340457744e+00
5.034936537584163041e+00
3.893980731526544226e+00
2.692582403567251870e+00
2.416576866147650549e+00
2.251247484035240554e+00
1.385964803846042814e+00
1.086021804281571468e+00
8.793141414619691787e-01
5.153882032022075732e-01
4.525858861862574467e-01
3.772717646140511527e-01
2.683681880830885436e-01
2.113710821635731707e-01
2.113710821635731707e-01
0.000000000000000000e+00
