0.000000000000000000e+00
1.739926363384381724e-01
0.000000000000000000e+00
2.420614591379635638e-01
1.240195927061526898e-01
3.586950088515311608e-01
3.307189138830738395e-01
3.772717646140511527e-01
4.330127018922192983e-01
6.250000000000000000e-01
7.261843774138906360e-01
7.151745307091129655e-01
9.333240326917549012e-01
1.179247641507075395e+00
1.390537216330436809e+00
1.462336395763642383e+00
1.379254780669619374e+00
1.509087058456204611e+00
1.519405722642902301e+00
1.907786266199649416e+00
2.355180460177096702e+00
2.442902666399134226e+00
2.759748346770045657e+00
3.094854600784986864e+00
3.700585891112378789e+00
3.702004049751296488e+00
3.635759893062246562e+00
4.411206210819780260e+00
5.000170895516972358e+00
5.562148865321747238e+00
7.375794448735675246e+00
6.679902226080858263e+00
7.052104489751623184e+00
7.471021490356924311e+00
8.435416409401494064e+00
1.000945597844233426e+01
9.537702733756173501e+00
1.109703956509910761e+01
1.142082758535365450e+01
1.182521430500838733e+01
1.135316198727803716e+01
1.247869277759092910e+01
1.255346962434589209e+01
1.583114019898756375e+01
1.548711031592078591e+01
1.501801489826052283e+01
1.569757364561080770e+01
1.707141908598623203e+01
1.551837840624383702e+01
1.664413842017663470e+01
1.700984893929102526e+01
1.821647177007666230e+01
1.856986385922093774e+01
1.581830427068590694e+01
1.571231074617527490e+01
1.568734437173800345e+01
1.843012961794829607e+01
1.633929044081703807e+01
1.701922597342120724e+01
1.560936717967772047e+01
1.491040134803134620e+01
1.448307707237571051e+01
1.777171179809010582e+01
1.478620424373679398e+01
1.440157190856262126e+01
1.453261922312612597e+01
1.017229501821000071e+01
1.146423616895168429e+01
9.623363801674287288e+00
1.115791304131287731e+01
1.177050031792935236e+01
1.113858677006984621e+01
8.540331132887938992e+00
8.678671323278695837e+00
7.834219807996198881e+00
6.166928397458089073e+00
7.276889788913941892e+00
6.010874747852844813e+00
5.379994046232765115e+00
4.963120828609253188e+00
4.117298682085135830e+00
3.828220662070043190e+00
3.734571124557008570e+00
3.370620712031390909e+00
3.073600736005735801e+00
2.723908540016533042e+00
2.080825313277162358e+00
2.024206538220593821e+00
1.331338025258799629e+00
1.233880438899977117e+00
1.182452265157033722e+00
1.107061848994896902e+00
9.162966819622343495e-01
7.703933147263156700e-01
8.135510029340508042e-01
4.635124054434789365e-01
1.739926363384381724e-01
2.420614591379635638e-01
3.307189138830738395e-01
2.113710821635731707e-01
