0.000000000000000000e+00
9.687500000000000000e-01
9.687500000000000000e-01
0.000000000000000000e+00
0.000000000000000000e+00
0.000000000000000000e+00
6.859375000000000000e+00
3.921875000000000000e+00
4.875000000000000000e+00
6.828125000000000000e+00
1.076562500000000000e+01
1.867187500000000000e+01
1.957812500000000000e+01
4.310937500000000000e+01
3.906250000000000000e+01
7.045312500000000000e+01
6.845312500000000000e+01
1.065937500000000000e+02
1.135625000000000000e+02
1.477187500000000000e+02
1.858906250000000000e+02
2.153593750000000000e+02
3.113750000000000000e+02
3.492500000000000000e+02
4.100000000000000000e+02
5.020937500000000000e+02
5.920625000000000000e+02
7.180625000000000000e+02
8.055625000000000000e+02
1.028250000000000000e+03
1.175593750000000000e+03
1.337703125000000000e+03
1.568062500000000000e+03
1.811953125000000000e+03
2.045859375000000000e+03
2.354437500000000000e+03
2.624937500000000000e+03
2.981421875000000000e+03
3.386562500000000000e+03
3.664593750000000000e+03
4.033140625000000000e+03
4.559734375000000000e+03
4.939609375000000000e+03
5.294078125000000000e+03
5.801671875000000000e+03
6.133406250000000000e+03
6.508375000000000000e+03
6.803921875000000000e+03
7.045359375000000000e+03
7.420218750000000000e+03
7.544875000000000000e+03
7.591046875000000000e+03
7.758281250000000000e+03
7.646250000000000000e+03
7.730765625000000000e+03
7.428781250000000000e+03
7.285140625000000000e+03
7.055046875000000000e+03
6.620687500000000000e+03
6.486031250000000000e+03
5.963218750000000000e+03
5.865593750000000000e+03
5.288000000000000000e+03
4.909812500000000000e+03
4.418140625000000000e+03
4.103656250000000000e+03
3.891437500000000000e+03
3.463093750000000000e+03
2.986375000000000000e+03
2.705531250000000000e+03
2.383203125000000000e+03
2.111812500000000000e+03
1.758578125000000000e+03
1.559750000000000000e+03
1.294171875000000000e+03
1.087968750000000000e+03
9.426250000000000000e+02
7.649687500000000000e+02
6.242656250000000000e+02
5.237031250000000000e+02
4.439687500000000000e+02
3.237031250000000000e+02
2.862812500000000000e+02
1.917031250000000000e+02
1.405468750000000000e+02
1.191250000000000000e+02
7.120312500000000000e+01
5.181250000000000000e+01
4.125000000000000000e+01
2.409375000000000000e+01
1.920312500000000000e+01
1.340625000000000000e+01
2.859375000000000000e+00
7.671875000000000000e+00
2.890625000000000000e+00
4.828125000000000000e+00
3.859375000000000000e+00
9.531250000000000000e-01
0.000000000000000000e+00
9.375000000000000000e-01
