0.000000000000000000e+00
1.739926363384381724e-01
1.739926363384381724e-01
0.000000000000000000e+00
0.000000000000000000e+00
0.000000000000000000e+00
3.899994991983963821e-01
2.683681880830885436e-01
3.307189138830738395e-01
4.525858861862574467e-01
4.918773824592873045e-01
5.877575898063758242e-01
6.325713274999112956e-01
8.499482980599466497e-01
8.816709987291178052e-01
1.402338309529836735e+00
1.198041207294223254e+00
1.476045709827442876e+00
1.638167802760144509e+00
1.815460943534726646e+00
1.880136194368642100e+00
2.266379184817712833e+00
2.540300179112696899e+00
3.082207001484488007e+00
3.025929609227551165e+00
3.200189203390949366e+00
3.639518340385166972e+00
4.156602428666951177e+00
4.592367989392836414e+00
4.472135954999579610e+00
6.540065820578566225e+00
6.688795873277566528e+00
7.510149382668762641e+00
7.429732682565032498e+00
8.722935263394713701e+00
7.931099781871363774e+00
8.945800341501033870e+00
8.908922296460723089e+00
9.643448229238336111e+00
1.200744398019411996e+01
1.298179878173186808e+01
1.378205602801610219e+01
1.521062250893680634e+01
1.506579806994554716e+01
1.463306902137671806e+01
1.925869831887658989e+01
1.829318520651884583e+01
1.747972458262357875e+01
1.644533291269517150e+01
1.867440490183020430e+01
1.658924727044599834e+01
1.926495335406693954e+01
1.685922294880461081e+01
1.927433526739638125e+01
1.833264010881616102e+01
1.634249517171414112e+01
2.101180262636632889e+01
1.541045676592277403e+01
1.765721789382461182e+01
1.693181985013719526e+01
1.165985199037706543e+01
1.590078491576752384e+01
1.514513123086095980e+01
1.501236469547685815e+01
1.347551852840457443e+01
1.423158761127865191e+01
1.071633536942550080e+01
1.238032555862324635e+01
8.973049927421556049e+00
8.340355114591943675e+00
8.299434633417808627e+00
8.065890759860314674e+00
8.886092869443521280e+00
6.892024376045110756e+00
5.930732162589624323e+00
8.166181692657836777e+00
5.925316447245665863e+00
4.743313550409671286e+00
5.038111586633924333e+00
4.550685688374335847e+00
4.115400762683994351e+00
3.315115417956816746e+00
3.384102308958758520e+00
2.731069430529915909e+00
3.025566514617551661e+00
2.132340263653997425e+00
1.760501415612892862e+00
1.273221799216460060e+00
1.224744871391588941e+00
9.797759629119301428e-01
8.870542454523285825e-01
6.547602137424051172e-01
3.476343040826092023e-01
5.319388915796625650e-01
3.121091305537215255e-01
4.525858861862574467e-01
3.476343040826092023e-01
2.113710821635731707e-01
0.000000000000000000e+00
2.420614591379635638e-01
