7.150560071628024872e-01
7.511391555809849851e-01
7.890431314402720497e-01
8.288598173150956150e-01
8.706857323573545804e-01
9.146222662673360038e-01
9.607759250712747390e-01
1.009258589301337494e+00
1.060187785203882127e+00
1.113686969633425949e+00
1.169885829322929505e+00
1.228920595255854176e+00
1.290934372902060812e+00
1.356077489118065138e+00
1.424507856552574392e+00
1.496391356440647913e+00
1.571902240714416532e+00
1.651223554405105487e+00
1.734547579360304681e+00
1.822076300352095890e+00
1.914021894705921989e+00
2.010607246637103440e+00
2.112066487541798487e+00
2.218645563552118727e+00
2.330602831731205971e+00
2.448209686353500114e+00
2.571751216788350280e+00
2.701526898581745328e+00
2.837851319411404116e+00
2.981054941675000070e+00
3.131484903560105337e+00
3.289505860537718984e+00
3.455500869319233281e+00
3.629872316419623157e+00
3.813042893577786252e+00
4.005456622398524402e+00
4.207579930700013016e+00
4.419902783175886363e+00
4.642939869112796103e+00
4.877231850042551109e+00
5.123346670353270405e+00
5.381880934036574082e+00
5.653461350908192351e+00
5.938746255807724417e+00
6.238427204460250231e+00
6.553230649868292623e+00
6.883919703297841863e+00
7.231295984127257270e+00
7.596201563043210925e+00
7.979521003294154369e+00
8.382183504949514585e+00
8.805165157362473849e+00
9.249491305296482224e+00
9.716239034451232826e+00
1.020653978241323578e+01
1.072158208136010771e+01
1.126261443916723870e+01
1.183094836590077215e+01
1.242796155303347838e+01
1.305510121309017357e+01
1.371388758781826667e+01
1.440591763338762554e+01
1.513286889155290282e+01
1.589650355616243971e+01
1.669867274487129194e+01
1.754132098641339255e+01
1.842649093431039020e+01
1.935632831844363011e+01
2.033308714649225735e+01
2.135913516784631838e+01
2.243695961323965449e+01
2.356917322401625370e+01
2.475852058564523261e+01
2.600788478083766009e+01
2.732029437839285180e+01
2.869893077471578025e+01
3.014713590580203117e+01
3.166842034838487052e+01
3.326647182988231322e+01
3.494516416777304357e+01
3.670856666007101410e+01
3.856095394966204992e+01
4.050681638641459159e+01
4.255087091218307904e+01
4.469807249509021574e+01
4.695362614080599428e+01
4.932299950993960636e+01
5.181193617213016722e+01
5.442646952896513568e+01
5.717293743947694651e+01
6.005799758367127339e+01
6.308864360132938742e+01
6.627222204520685978e+01
6.961645018972407684e+01
7.312943473831884944e+01
7.681969147480938886e+01
8.069616590640376330e+01
8.476825494839698649e+01
8.904582970312098666e+01
9.353925938836574971e+01
