7.452204792006482392e-02
7.877764848295401579e-02
8.327626620192415952e-02
8.803177863368594203e-02
9.305885581636733073e-02
9.837300552436709089e-02
1.039906211074981268e-01
1.099290320619978473e-01
1.162065574894081688e-01
1.228425626082394195e-01
1.298575184927464321e-01
1.372730652231031467e-01
1.451120786417839092e-01
1.533987409220849973e-01
1.621586151664795861e-01
1.714187242649306553e-01
1.812076342564281906e-01
1.915555424509082227e-01
2.024943705833961716e-01
2.140578632877422061e-01
2.262816921937228498e-01
2.392035659686362614e-01
2.528633466428484855e-01
2.673031725781420676e-01
2.825675884582017905e-01
2.987036827022407359e-01
3.157612327256677509e-01
3.337928584959000133e-01
3.528541848570220796e-01
3.730040131240340284e-01
3.943045024760338246e-01
4.168213617079034594e-01
4.406240519320241966e-01
4.657860008553247888e-01
4.923848292926752968e-01
5.205025906153859516e-01
5.502260238734743014e-01
5.816468213725426439e-01
6.148619115307029093e-01
6.499737578881170652e-01
6.870906751915546451e-01
7.263271635290391437e-01
7.678042615453382069e-01
8.116499198279159000e-01
8.579993956151833467e-01
9.069956700446656361e-01
9.587898892282326058e-01
1.013541830515040987e+00
1.071420395380543233e+00
1.132604130462047110e+00
1.197281778348145087e+00
1.265652859821114973e+00
1.337928289348418787e+00
1.414331025722005197e+00
1.495096759852529988e+00
1.580474641840245775e+00
1.670728049565457951e+00
1.766135401169534269e+00
1.866991013932853383e+00
1.973606012199191406e+00
2.086309287147368963e+00
2.205448511370899034e+00
2.331391211395465568e+00
2.464525901442786271e+00
2.605263281938349884e+00
2.754037506460247364e+00
2.911307521037430401e+00
3.077558479928947488e+00
3.253303242251611493e+00
3.439083954072971405e+00
3.635473720850106893e+00
3.843078375373468081e+00
4.062538346669602340e+00
4.294530635628036386e+00
4.539770903446854078e+00
4.799015679339475149e+00
5.073064694313098144e+00
5.362763348218170023e+00
5.669005317679316924e+00
5.992735312952866877e+00
6.334951992215400729e+00
6.696711042273512327e+00
7.079128435198273728e+00
7.483383870930645720e+00
7.910724416477751042e+00
8.362468352926383020e+00
8.840009242141194434e+00
9.344820225692718196e+00
9.878458569276785894e+00
1.044257046664417743e+01
1.103889611785988656e+01
1.166927509755766579e+01
1.233565202975015751e+01
1.304008258670048193e+01
1.378473983036088768e+01
1.457192091594092531e+01
1.540405417828458923e+01
1.628370662291679594e+01
1.721359184486798455e+01
1.819657839970527746e+01
