0.000000000000000000e+00
9.843750000000000000e-01
0.000000000000000000e+00
0.000000000000000000e+00
0.000000000000000000e+00
0.000000000000000000e+00
0.000000000000000000e+00
0.000000000000000000e+00
0.000000000000000000e+00
0.000000000000000000e+00
0.000000000000000000e+00
0.000000000000000000e+00
0.000000000000000000e+00
1.082812500000000000e+01
2.264062500000000000e+01
4.428125000000000000e+01
1.112343750000000000e+02
1.919375000000000000e+02
3.159687500000000000e+02
4.783906250000000000e+02
5.788125000000000000e+02
7.855312500000000000e+02
1.051312500000000000e+03
1.202859375000000000e+03
1.559187500000000000e+03
1.840671875000000000e+03
2.048296875000000000e+03
2.484437500000000000e+03
2.773828125000000000e+03
3.224687500000000000e+03
3.582000000000000000e+03
4.008156250000000000e+03
4.370328125000000000e+03
4.863500000000000000e+03
5.485500000000000000e+03
5.818125000000000000e+03
6.433281250000000000e+03
7.063390625000000000e+03
7.601640625000000000e+03
8.232515625000000000e+03
8.982515625000000000e+03
9.818109375000000000e+03
1.039179687500000000e+04
1.161989062500000000e+04
1.227846875000000000e+04
1.316045312500000000e+04
1.403532812500000000e+04
1.508834375000000000e+04
1.590128125000000000e+04
1.707825000000000000e+04
1.813228125000000000e+04
1.914568750000000000e+04
2.037170312500000000e+04
2.152303125000000000e+04
2.270982812500000000e+04
2.378556250000000000e+04
2.507098437500000000e+04
2.623235937500000000e+04
2.743923437500000000e+04
2.852542187500000000e+04
2.912879687500000000e+04
3.039979687500000000e+04
3.107832812500000000e+04
3.166532812500000000e+04
3.195701562500000000e+04
3.216315625000000000e+04
3.285110937500000000e+04
3.230489062500000000e+04
3.189975000000000000e+04
3.102687500000000000e+04
3.009540625000000000e+04
2.856565625000000000e+04
2.703639062500000000e+04
2.491337500000000000e+04
2.224507812500000000e+04
1.947225000000000000e+04
1.666342187500000000e+04
1.436575000000000000e+04
1.188234375000000000e+04
9.932796875000000000e+03
8.055296875000000000e+03
6.233421875000000000e+03
5.011859375000000000e+03
3.797796875000000000e+03
2.857171875000000000e+03
2.082109375000000000e+03
1.424218750000000000e+03
1.054328125000000000e+03
6.294218750000000000e+02
4.484218750000000000e+02
2.959375000000000000e+02
1.426093750000000000e+02
9.343750000000000000e+01
5.403125000000000000e+01
3.732812500000000000e+01
7.875000000000000000e+00
8.859375000000000000e+00
3.921875000000000000e+00
1.968750000000000000e+00
9.843750000000000000e-01
