0.000000000000000000e+00
1.739926363384381724e-01
0.000000000000000000e+00
0.000000000000000000e+00
2.683681880830885436e-01
2.683681880830885436e-01
5.960072225862703688e-01
5.208072910155924218e-01
5.921029787967629909e-01
7.473912964438373940e-01
9.100137361600647568e-01
1.125000000000000000e+00
9.662265521087691766e-01
1.150640955891541362e+00
1.314637396537539527e+00
1.688367832405012425e+00
1.618979230873577313e+00
1.824314939915802958e+00
1.831194005116606904e+00
2.500341773513173216e+00
2.635210795648044613e+00
2.933799198032305711e+00
2.884114289409315468e+00
3.791663089512964824e+00
4.140005849935480597e+00
4.850801319112131971e+00
5.029187271257155700e+00
4.934903391594915867e+00
6.929330775767599704e+00
5.870323105194040103e+00
7.698781737026644478e+00
7.363072982797332244e+00
7.975548570474635390e+00
7.870968710235100474e+00
9.836939608403367785e+00
1.110035014931961506e+01
1.253740497222212191e+01
1.392049831857681674e+01
1.367993512411517187e+01
1.552367144073849481e+01
1.370272412469505952e+01
1.504108955494913680e+01
1.601463411568853346e+01
1.678394851441028024e+01
1.840250916994745012e+01
1.774074775367078516e+01
1.748726517667571301e+01
1.907343436399171566e+01
2.027272548123463380e+01
1.962265486585275909e+01
2.107825240880692519e+01
2.124581185750205847e+01
1.841003648446615770e+01
2.041679355296455611e+01
1.840796760873875115e+01
1.787220667641170024e+01
1.548391775308739504e+01
2.058877026287631296e+01
1.381447949616633153e+01
1.362398756272828493e+01
1.646394616844637326e+01
1.470483518215607255e+01
1.423999100245502270e+01
1.379863557566471854e+01
1.166190378969060149e+01
1.139540366153718054e+01
9.593686380082214527e+00
9.822136490314875346e+00
1.134825797135291658e+01
9.625697519368401345e+00
1.019314213009781334e+01
6.930158700157955209e+00
6.701777253786864286e+00
6.802296688205756503e+00
6.002522256310259152e+00
6.145294821039914979e+00
5.048374390274060985e+00
4.808439845729589379e+00
4.605957419473176273e+00
3.395194213885267764e+00
3.728584684568663654e+00
2.991157214921174923e+00
3.024598049224888285e+00
2.496873044429772204e+00
3.056754815159370864e+00
1.575880210390371072e+00
1.545848775753954518e+00
1.578357037396798779e+00
1.073472752332354174e+00
8.793141414619691787e-01
8.267972847076845433e-01
4.568809849129201739e-01
2.914805954090254891e-01
4.023247871744916604e-01
2.914805954090254891e-01
0.000000000000000000e+00
0.000000000000000000e+00
0.000000000000000000e+00
0.000000000000000000e+00
1.739926363384381724e-01
