1.804103343920858415e-01
1.890476888136923272e-01
1.980985666160732239e-01
2.075827657116562919e-01
2.175210318609347715e-01
2.279351040517952620e-01
2.388477620514329880e-01
2.502828762348711655e-01
2.622654597990780045e-01
2.748217234768953743e-01
2.879791328704606745e-01
3.017664685295325389e-01
3.162138889061364422e-01
3.313529963232369480e-01
3.472169061017370550e-01
3.638403189970126350e-01
3.812595971034303810e-01
3.995128433928830103e-01
4.186399850613232720e-01
4.386828608656116457e-01
4.596853126417157487e-01
4.816932812044504852e-01
5.047549068385301929e-01
5.289206346007453430e-01
5.542433246636051525e-01
5.807783679418082601e-01
6.085838072544669242e-01
6.377204642881124652e-01
6.682520726382021881e-01
7.002454172201437732e-01
7.337704803547833166e-01
7.689005948479070707e-01
8.057126043986017061e-01
8.442870316873504200e-01
8.847082545115441121e-01
9.270646903536822192e-01
9.714489897859930334e-01
1.017958239134523213e+00
1.066694172846007316e+00
1.117763396022046996e+00
1.171277617607373589e+00
1.227353894742269080e+00
1.286114888813644219e+00
1.347689133764857106e+00
1.412211317251179432e+00
1.479822575255905770e+00
1.550670800811550176e+00
1.624910967501431935e+00
1.702705468449272841e+00
1.784224471538317092e+00
1.869646291636978486e+00
1.959157780645222724e+00
2.052954736214875897e+00
2.151242330037891115e+00
2.254235556639410110e+00
2.362159703657321863e+00
2.475250844636994518e+00
2.593756355419133186e+00
2.717935455250302557e+00
2.848059773799746175e+00
2.984413945322794692e+00
3.127296231270537241e+00
3.277019172707659855e+00
3.433910273965535165e+00
3.598312719026007578e+00
3.770586122202880919e+00
3.951107314763155021e+00
4.140271169208670443e+00
4.338491463021192374e+00
4.546201783760292159e+00
4.763856477493845887e+00
4.991931642635744737e+00
5.230926171364741251e+00
5.481362840902429312e+00
5.743789457037427049e+00
6.018780052397110225e+00
6.306936142087999464e+00
6.608888039451387364e+00
6.925296234812296170e+00
7.256852840237639768e+00
7.604283103463870042e+00
7.968346994305660402e+00
8.349840867015759116e+00
8.749599202232245077e+00
9.168496432323522072e+00
9.607448854123850523e+00
1.006741663324330105e+01
1.054940590433636949e+01
1.105447097192342909e+01
1.158371661657898066e+01
1.213830051153148482e+01
1.271943575496055168e+01
1.332839352353097162e+01
1.396650585296764646e+01
1.463516855175378772e+01
1.533584425432591836e+01
1.607006562044396603e+01
1.683943868773503993e+01
1.764564638474411495e+01
1.849045221217603441e+01
