6.716250000000000000e+02
2.012843750000000000e+03
3.323968750000000000e+03
4.233484375000000000e+03
5.193125000000000000e+03
5.852015625000000000e+03
6.280875000000000000e+03
6.838781250000000000e+03
7.303859375000000000e+03
7.559546875000000000e+03
8.010281250000000000e+03
8.157187500000000000e+03
8.673296875000000000e+03
8.777046875000000000e+03
9.179359375000000000e+03
9.454671875000000000e+03
9.554421875000000000e+03
9.625718750000000000e+03
9.854281250000000000e+03
9.812906250000000000e+03
1.009581250000000000e+04
9.877906250000000000e+03
9.864718750000000000e+03
9.504953125000000000e+03
9.222046875000000000e+03
8.873578125000000000e+03
8.307171875000000000e+03
7.577781250000000000e+03
6.799234375000000000e+03
6.009203125000000000e+03
5.147640625000000000e+03
4.179031250000000000e+03
3.399640625000000000e+03
2.627390625000000000e+03
1.940093750000000000e+03
1.364031250000000000e+03
9.323125000000000000e+02
6.557187500000000000e+02
4.134843750000000000e+02
3.075000000000000000e+02
1.373437500000000000e+02
7.612500000000000000e+01
3.371875000000000000e+01
1.351562500000000000e+01
5.796875000000000000e+00
0.000000000000000000e+00
0.000000000000000000e+00
0.000000000000000000e+00
0.000000000000000000e+00
0.000000000000000000e+00
