0.000000000000000000e+00
9.843750000000000000e-01
9.843750000000000000e-01
2.937500000000000000e+00
4.906250000000000000e+00
5.875000000000000000e+00
6.828125000000000000e+00
1.176562500000000000e+01
9.765625000000000000e+00
2.453125000000000000e+01
2.840625000000000000e+01
5.092187500000000000e+01
5.289062500000000000e+01
6.557812500000000000e+01
8.515625000000000000e+01
9.298437500000000000e+01
1.145937500000000000e+02
1.733750000000000000e+02
2.143906250000000000e+02
2.819687500000000000e+02
3.190937500000000000e+02
3.671875000000000000e+02
4.424375000000000000e+02
5.801250000000000000e+02
6.742500000000000000e+02
8.080312500000000000e+02
9.590625000000000000e+02
1.098796875000000000e+03
1.250656250000000000e+03
1.488484375000000000e+03
1.814984375000000000e+03
1.995953125000000000e+03
2.297578125000000000e+03
2.573453125000000000e+03
3.058062500000000000e+03
3.369953125000000000e+03
3.789625000000000000e+03
4.099203125000000000e+03
4.549281250000000000e+03
5.104765625000000000e+03
5.593015625000000000e+03
6.015750000000000000e+03
6.347750000000000000e+03
6.928781250000000000e+03
7.293875000000000000e+03
7.654468750000000000e+03
7.875406250000000000e+03
8.171390625000000000e+03
8.377406250000000000e+03
8.704515625000000000e+03
8.435515625000000000e+03
8.675437500000000000e+03
8.584781250000000000e+03
8.157453125000000000e+03
8.151343750000000000e+03
7.922671875000000000e+03
7.450328125000000000e+03
7.114234375000000000e+03
6.728812500000000000e+03
6.383531250000000000e+03
5.958000000000000000e+03
5.649234375000000000e+03
5.182000000000000000e+03
4.758093750000000000e+03
4.269062500000000000e+03
3.914421875000000000e+03
3.414953125000000000e+03
3.130718750000000000e+03
2.796625000000000000e+03
2.433140625000000000e+03
2.175578125000000000e+03
1.839093750000000000e+03
1.566468750000000000e+03
1.304078125000000000e+03
1.140718750000000000e+03
9.037187500000000000e+02
7.579843750000000000e+02
6.370781250000000000e+02
5.115937500000000000e+02
4.190781250000000000e+02
3.014375000000000000e+02
2.502187500000000000e+02
1.917343750000000000e+02
1.652968750000000000e+02
1.175156250000000000e+02
7.426562500000000000e+01
5.081250000000000000e+01
4.137500000000000000e+01
2.696875000000000000e+01
1.735937500000000000e+01
1.339062500000000000e+01
4.812500000000000000e+00
3.796875000000000000e+00
1.906250000000000000e+00
0.000000000000000000e+00
9.531250000000000000e-01
0.000000000000000000e+00
9.375000000000000000e-01
0.000000000000000000e+00
9.687500000000000000e-01
