6.588593750000000000e+02
1.990296875000000000e+03
3.132609375000000000e+03
4.219437500000000000e+03
4.957562500000000000e+03
5.771531250000000000e+03
6.115296875000000000e+03
6.569531250000000000e+03
6.968968750000000000e+03
7.274875000000000000e+03
7.534593750000000000e+03
7.808640625000000000e+03
8.168312500000000000e+03
8.388359375000000000e+03
8.522578125000000000e+03
8.793062500000000000e+03
9.030343750000000000e+03
9.162687500000000000e+03
9.330953125000000000e+03
9.338343750000000000e+03
9.460921875000000000e+03
9.306921875000000000e+03
9.037296875000000000e+03
8.959765625000000000e+03
8.668671875000000000e+03
8.259296875000000000e+03
7.659171875000000000e+03
7.220328125000000000e+03
6.520890625000000000e+03
5.684375000000000000e+03
4.649906250000000000e+03
3.981890625000000000e+03
3.139859375000000000e+03
2.504093750000000000e+03
1.819468750000000000e+03
1.244078125000000000e+03
9.606875000000000000e+02
6.653750000000000000e+02
4.156718750000000000e+02
2.630156250000000000e+02
1.495156250000000000e+02
8.475000000000000000e+01
4.426562500000000000e+01
1.634375000000000000e+01
2.875000000000000000e+00
9.531250000000000000e-01
0.000000000000000000e+00
0.000000000000000000e+00
0.000000000000000000e+00
0.000000000000000000e+00
