2.278601021286172923e-01
2.382627689631993673e-01
2.491403564892951672e-01
2.605145466147091859e-01
2.724080111075202759e-01
2.848444567869096167e-01
2.978486727771191278e-01
3.114465799187295936e-01
3.256652824357494924e-01
3.405331219614989857e-01
3.560797340309784231e-01
3.723361071523246801e-01
3.893346445751007523e-01
4.071092288785391755e-01
4.256952895084802901e-01
4.451298733976249422e-01
4.654517188098658553e-01
4.867013325558894876e-01
5.089210707339589801e-01
5.321552231568164038e-01
5.564501016329889138e-01
5.818541322784677172e-01
6.084179520427596133e-01
6.361945096417157552e-01
6.652391710983205364e-01
6.956098301018136532e-01
7.273670234051190508e-01
7.605740514905980909e-01
7.952971047446467656e-01
8.316053953926356712e-01
8.695712954571735986e-01
9.092704810146824412e-01
9.507820830378256316e-01
9.941888451244570435e-01
1.039577288427488311e+00
1.087037884114420372e+00
1.136665233700300925e+00
1.188558257613554048e+00
1.242820392370546756e+00
1.299559796751914353e+00
1.358889567391605047e+00
1.420927964208372085e+00
1.485798646129058431e+00
1.553630917573531445e+00
1.624559986192577243e+00
1.698727232372496010e+00
1.776280491043590981e+00
1.857374346354268457e+00
1.942170439798116988e+00
2.030837792408138220e+00
2.123553141660352583e+00
2.220501293758315953e+00
2.321875492000743613e+00
2.427877801966493276e+00
2.538719514284688561e+00
2.654621565792804727e+00
2.775814979922197168e+00
2.902541327188878917e+00
3.035053206707427620e+00
3.173614749687803993e+00
3.318502145918683865e+00
3.470004194286730126e+00
3.628422878429125031e+00
3.794073968666800134e+00
3.967287651418170746e+00
4.148409187347964711e+00
4.337799599563005870e+00
4.535836393226717611e+00
4.742914308026721315e+00
4.959446104995392623e+00
5.185863389251728073e+00
5.422617470304459175e+00
5.670180261631220908e+00
5.929045221326878057e+00
6.199728335695974479e+00
6.482769147749851690e+00
6.778731832658521306e+00
7.088206322300936613e+00
7.411809481155196444e+00
7.750186335872539800e+00
8.104011360985994727e+00
8.473989823316445680e+00
8.860859187755867339e+00
9.265390587229829222e+00
9.688390359769295301e+00
1.013070165575549630e+01
1.059320611854155736e+01
1.107682564180080043e+01
1.158252420710455688e+01
1.211130980539231494e+01
1.266423644616414812e+01
1.324240625840031882e+01
1.384697168739571715e+01
1.447913779188803041e+01
1.514016464605839296e+01
1.583136985119238460e+01
1.655413116200774581e+01
1.730988923288377990e+01
1.810015048946641514e+01
1.892649013137281244e+01
