3.826530280080767898e+00
6.298561343672060886e+00
9.950217883920934980e+00
1.281844374329426905e+01
1.137456000179237670e+01
1.227293770863357736e+01
1.504880569129573864e+01
1.612892848221403241e+01
1.638394316854157040e+01
1.726256335976786360e+01
1.741665420653461638e+01
1.587683767660849377e+01
1.604458509708181779e+01
2.315538017091006395e+01
1.780108598118033214e+01
2.117642939943783276e+01
2.363359115452780657e+01
1.943858015487499458e+01
2.359083177316984603e+01
2.024614160772367910e+01
1.842265689604447232e+01
2.114093680479592763e+01
2.467980497162609410e+01
2.105997295671340552e+01
1.906585523750508315e+01
1.871118377969443003e+01
1.728788864349837340e+01
1.559847748980649662e+01
1.995793917060326095e+01
1.501350303684986187e+01
1.450860971490290652e+01
1.514505869035755836e+01
9.879745695107743586e+00
8.048437348330420349e+00
7.288421897091303947e+00
5.996560700466143423e+00
4.822205108596584466e+00
4.279196587853846268e+00
4.103132140130878014e+00
2.626069350640801492e+00
2.256068205972505680e+00
1.569904331281049670e+00
1.242064655875450008e+00
7.206157848500128749e-01
1.739926363384381724e-01
2.113710821635731707e-01
0.000000000000000000e+00
0.000000000000000000e+00
0.000000000000000000e+00
0.000000000000000000e+00
