1.543993677397403341e-01
1.621575051151351310e-01
1.703054672444560824e-01
1.788628417337766452e-01
1.878502004117162671e-01
1.972891487838761004e-01
2.072023779722237391e-01
2.176137192642855211e-01
2.285482014032844122e-01
2.400321107569475532e-01
2.520930545096276565e-01
2.647600270296529557e-01
2.780634795714512220e-01
2.920353934800102302e-01
3.067093570736593167e-01
3.221206463899951022e-01
3.383063099890651904e-01
3.553052580176749853e-01
3.731583557489277503e-01
3.919085218218648081e-01
4.116008314173746352e-01
4.322826246184020560e-01
4.540036202149571043e-01
4.768160352275065406e-01
5.007747104360835699e-01
5.259372422168838712e-01
5.523641210032834703e-01
5.801188767041364214e-01
6.092682314289356027e-01
6.398822598869866596e-01
6.720345578461937031e-01
7.058024190564279321e-01
7.412670210628024003e-01
7.785136203555447221e-01
8.176317573256075555e-01
8.587154715187248488e-01
9.018635277053853594e-01
9.471796533101902726e-01
9.947727877713742339e-01
1.044757344429946500e+00
1.097253485578029375e+00
1.152387411327610689e+00
1.210291662994141371e+00
1.271105441724316831e+00
1.334974943134010328e+00
1.402053708760832018e+00
1.472502995176197427e+00
1.546492161644246854e+00
1.624199077259544044e+00
1.705810548542309846e+00
1.791522768519118625e+00
1.881541788368650936e+00
1.976084012766327946e+00
2.075376720118629947e+00
2.179658608937740993e+00
2.289180371669988556e+00
2.404205297357568938e+00
2.525009904582337317e+00
2.651884606213257278e+00
2.785134407555557079e+00
2.925079639579932334e+00
3.072056728994466912e+00
3.226419007010522755e+00
3.388537558746857581e+00
3.558802115313927761e+00
3.737621990722942655e+00
3.925427065871976318e+00
4.122668821974642128e+00
4.329821425915675093e+00
4.547382870142596012e+00
4.775876169833764173e+00
5.015850620220764888e+00
5.267883117087757583e+00
5.532579543622221152e+00
5.810576226951076784e+00
6.102541467863696667e+00
6.409177147399216956e+00
6.731220414160379306e+00
7.069445456410192286e+00
7.424665363211496505e+00
7.797734079083602055e+00
8.189548456874979010e+00
8.601050413787042714e+00
9.033229195732152661e+00
9.487123755469259123e+00
9.963825250234235043e+00
1.046447966486917380e+01
1.099029056675659710e+01
1.154252199918141208e+01
1.212250152007628401e+01
1.273162339345541838e+01
1.337135194120900827e+01
1.404322506331603826e+01
1.474885793493790587e+01
1.548994688928067731e+01
1.626827349556040758e+01
1.708570884187476580e+01
1.794421803327700360e+01
1.884586491586567547e+01
1.979281703824659644e+01
