6.794062500000000000e+02
2.003843750000000000e+03
3.177796875000000000e+03
4.281453125000000000e+03
5.150062500000000000e+03
5.898125000000000000e+03
6.322640625000000000e+03
6.798609375000000000e+03
7.246828125000000000e+03
7.508531250000000000e+03
7.968703125000000000e+03
8.362187500000000000e+03
8.593218750000000000e+03
8.703453125000000000e+03
9.152937500000000000e+03
9.430437500000000000e+03
9.170109375000000000e+03
9.674171875000000000e+03
9.695171875000000000e+03
9.935156250000000000e+03
9.929750000000000000e+03
9.957250000000000000e+03
9.720703125000000000e+03
9.691406250000000000e+03
9.285390625000000000e+03
8.744468750000000000e+03
8.221500000000000000e+03
7.563875000000000000e+03
6.871593750000000000e+03
6.006390625000000000e+03
4.996062500000000000e+03
4.187734375000000000e+03
3.398734375000000000e+03
2.616031250000000000e+03
1.867968750000000000e+03
1.315703125000000000e+03
9.702187500000000000e+02
6.419218750000000000e+02
4.417187500000000000e+02
2.752187500000000000e+02
1.582968750000000000e+02
9.948437500000000000e+01
4.718750000000000000e+01
1.437500000000000000e+01
8.656250000000000000e+00
9.687500000000000000e-01
0.000000000000000000e+00
0.000000000000000000e+00
0.000000000000000000e+00
0.000000000000000000e+00
