0.000000000000000000e+00
1.739926363384381724e-01
2.113710821635731707e-01
4.416654382844553139e-01
8.518133231524381843e-01
9.661002066944194278e-01
1.445544744853994423e+00
1.513529479189288818e+00
2.100734618532288600e+00
2.380698344892733243e+00
3.238523909032477555e+00
3.720587781184580667e+00
3.743614354804725153e+00
4.675583812143142559e+00
4.561616995033120681e+00
4.878904686248748845e+00
4.862062158950664958e+00
5.712321352512916839e+00
5.896383127339589691e+00
6.733758672493022956e+00
7.634967230406100036e+00
7.011639318839781865e+00
7.887886282141749916e+00
8.705116468742678748e+00
9.358318492122396748e+00
9.414694610521097573e+00
8.799733105860370941e+00
9.111170492004580623e+00
1.136155627268993484e+01
1.108049384052895014e+01
1.448045557812322492e+01
1.259261587635289459e+01
1.445088665099827097e+01
1.531536165862154952e+01
1.792856239661660567e+01
1.857574627328267169e+01
1.614966016476817501e+01
1.825596542058239180e+01
1.808718441975906188e+01
2.244867736046769835e+01
2.353280103619998442e+01
1.979158374434383205e+01
2.402551947279184219e+01
2.364243218472615027e+01
2.468227792870828097e+01
2.745998064655863757e+01
2.496088737279786685e+01
3.069026448215093339e+01
2.409558905919037741e+01
2.750681733679852670e+01
3.339241996228335552e+01
3.583794634793544986e+01
3.217915167828970624e+01
3.208775503891632752e+01
3.650178920593311460e+01
3.284114449108579947e+01
3.516333261989682057e+01
3.614105058115183056e+01
3.738633489805299348e+01
3.565152521281522979e+01
3.413658442908977975e+01
3.496783887888090447e+01
3.307782238879057246e+01
3.353087138649247834e+01
3.337283466758555051e+01
3.396361794258674394e+01
3.156828149399924044e+01
2.722488449814801470e+01
2.552633444112177941e+01
2.301627735837183408e+01
2.111250901975828498e+01
2.224134641235496446e+01
2.211667834322098258e+01
1.702639695764711547e+01
1.470753288072136122e+01
1.701561065196823819e+01
1.287028698628647483e+01
1.273289868743072262e+01
1.096140245360966503e+01
9.675080244337769031e+00
9.626623239745077498e+00
8.955933241956138602e+00
7.757163398071166505e+00
6.573038413426091964e+00
5.566339089507124527e+00
4.624894424470681997e+00
4.510296380228243862e+00
4.028675292124571428e+00
3.166598135223350319e+00
2.551376390181386178e+00
2.023241423897553570e+00
1.536025715930563473e+00
1.616489130608368852e+00
1.192424001771182018e+00
7.366984521328927560e-01
7.083141847901960331e-01
3.476343040826092023e-01
1.739926363384381724e-01
2.113710821635731707e-01
0.000000000000000000e+00
