1.648110528675832964e-01
1.728224886080026446e-01
1.812233588038551779e-01
1.900325937942203558e-01
1.992700441185672189e-01
2.089565252475305279e-01
2.191138644880419317e-01
2.297649501685106732e-01
2.409337832148877589e-01
2.526455312338329873e-01
2.649265852248548492e-01
2.778046190492181045e-01
2.913086517896231187e-01
3.054691131411796934e-01
3.203179119810224407e-01
3.358885082710847403e-01
3.522159884560522869e-01
3.693371445263982089e-01
3.872905569246585245e-01
4.061166814817657733e-01
4.258579405793432304e-01
4.465588187433816025e-01
4.682659628847065103e-01
4.910282874121186802e-01
5.148970844550631032e-01
5.399261394442043116e-01
5.661718523103510536e-01
5.936933645748401212e-01
6.225526926177603615e-01
6.528148674243215988e-01
6.845480811242687924e-01
7.178238406545516259e-01
7.527171288915085468e-01
7.893065736156575918e-01
8.276746246898349924e-01
8.679077398499318585e-01
9.100965795268849412e-01
9.543362111389291913e-01
1.000726323314461430e+00
1.049371450528237215e+00
1.100381208657093657e+00
1.153870541985994258e+00
1.209959982220993435e+00
1.268775920092773291e+00
1.330450890162780953e+00
1.395123869473741118e+00
1.462940590717516587e+00
1.534053870626000959e+00
1.608623954325035799e+00
1.686818876427308433e+00
1.768814839677912198e+00
1.854796612005798151e+00
1.944957942875826795e+00
2.039501999879619110e+00
2.138641826549011249e+00
2.242600822423737039e+00
2.351613246455118045e+00
2.465924744880110708e+00
2.585792904755221944e+00
2.711487834397608765e+00
2.843292772041313476e+00
2.981504724080169311e+00
3.126435134335579846e+00
3.278410585857285398e+00
3.437773536838542476e+00
3.604883092304000503e+00
3.780115813309195882e+00
3.963866565475079096e+00
4.156549408769664389e+00
4.358598530541798688e+00
4.570469223909535472e+00
4.792638913707794934e+00
5.025608232307149592e+00
5.269902147727977493e+00
5.526071146592037131e+00
5.794692474577104235e+00
6.076371437169892253e+00
6.371742763648330588e+00
6.681472037366784633e+00
7.006257195567183516e+00
7.346830102095694315e+00
7.703958196568871486e+00
8.078446223705478602e+00
8.471138046720822601e+00
8.882918548869859876e+00
9.314715627423970190e+00
9.767502284574588245e+00
1.024229881997527514e+01
1.074017512986289269e+01
1.126225311793858808e+01
1.180970922344138607e+01
1.238377707211082068e+01
1.298575025601253863e+01
1.361698524849065350e+01
1.427890446081537767e+01
1.497299944741387989e+01
1.570083426690665185e+01
1.646404900652339975e+01
1.726436347784015624e+01
1.810358109216535993e+01
