6.980625000000000000e+02
1.990140625000000000e+03
3.212625000000000000e+03
4.213453125000000000e+03
5.065046875000000000e+03
5.655937500000000000e+03
6.415734375000000000e+03
6.805906250000000000e+03
7.227703125000000000e+03
7.557828125000000000e+03
7.941203125000000000e+03
8.404718750000000000e+03
8.541328125000000000e+03
8.708609375000000000e+03
9.316250000000000000e+03
9.310234375000000000e+03
9.640046875000000000e+03
9.666578125000000000e+03
9.902984375000000000e+03
9.855734375000000000e+03
9.909406250000000000e+03
9.897515625000000000e+03
9.781109375000000000e+03
9.502593750000000000e+03
9.312500000000000000e+03
8.611859375000000000e+03
8.236250000000000000e+03
7.496703125000000000e+03
6.712078125000000000e+03
5.933515625000000000e+03
5.085687500000000000e+03
4.304687500000000000e+03
3.424531250000000000e+03
2.646312500000000000e+03
1.882250000000000000e+03
1.310218750000000000e+03
9.914687500000000000e+02
6.674687500000000000e+02
4.580625000000000000e+02
2.890781250000000000e+02
1.671406250000000000e+02
9.354687500000000000e+01
4.925000000000000000e+01
1.156250000000000000e+01
4.796875000000000000e+00
9.687500000000000000e-01
0.000000000000000000e+00
0.000000000000000000e+00
0.000000000000000000e+00
0.000000000000000000e+00
