6.920000000000000000e+02
2.124000000000000000e+03
3.336000000000000000e+03
4.376000000000000000e+03
5.228000000000000000e+03
5.881000000000000000e+03
6.419000000000000000e+03
7.000000000000000000e+03
7.326000000000000000e+03
7.588000000000000000e+03
8.063000000000000000e+03
8.244000000000000000e+03
8.566000000000000000e+03
8.773000000000000000e+03
8.934000000000000000e+03
9.250000000000000000e+03
9.530000000000000000e+03
9.705000000000000000e+03
9.813000000000000000e+03
9.912000000000000000e+03
1.010200000000000000e+04
9.640000000000000000e+03
9.613000000000000000e+03
9.537000000000000000e+03
9.027000000000000000e+03
8.904000000000000000e+03
8.245000000000000000e+03
7.553000000000000000e+03
6.806000000000000000e+03
5.982000000000000000e+03
5.118000000000000000e+03
4.122000000000000000e+03
3.422000000000000000e+03
2.608000000000000000e+03
1.883000000000000000e+03
1.322000000000000000e+03
9.960000000000000000e+02
7.280000000000000000e+02
4.260000000000000000e+02
2.800000000000000000e+02
1.700000000000000000e+02
9.100000000000000000e+01
5.900000000000000000e+01
2.200000000000000000e+01
8.000000000000000000e+00
0.000000000000000000e+00
0.000000000000000000e+00
0.000000000000000000e+00
0.000000000000000000e+00
0.000000000000000000e+00
