7.407708414411648956e-01
7.772557995521350849e-01
8.155377400683110345e-01
8.557051692106618646e-01
8.978509523698000594e-01
9.420725288068210190e-01
9.884721369287378101e-01
1.037157050659336610e+00
1.088239827451933595e+00
1.141838568517427710e+00
1.198077191869285407e+00
1.257085718816726594e+00
1.319000574568469863e+00
1.383964903642022293e+00
1.452128900807726719e+00
1.523650158332692461e+00
1.598694030327425297e+00
1.677434015037510440e+00
1.760052155964188403e+00
1.846739462741201043e+00
1.937696352740953865e+00
2.033133114430970334e+00
2.133270393551900845e+00
2.238339703241104761e+00
2.348583959281195011e+00
2.464258041711012925e+00
2.585629384097453798e+00
2.712978591830519814e+00
2.846600090871066691e+00
2.986802808451121116e+00
3.133910887300526138e+00
3.288264435051169610e+00
3.450220310551384451e+00
3.620152948908456736e+00
3.798455227166692705e+00
3.985539372622463272e+00
4.181837915876211120e+00
4.387804690824827603e+00
4.603915883906362083e+00
4.830671135022837070e+00
5.068594692686491321e+00
5.318236626060080852e+00
5.580174096693420793e+00
5.855012692896386817e+00
6.143387829833374170e+00
6.445966218576172579e+00
6.763447407511656628e+00
7.096565399667954743e+00
7.446090349698282651e+00
7.812830344445791830e+00
8.197633271206052896e+00
8.601388778006468172e+00
9.025030330434741899e+00
9.469537369771684254e+00
9.935937577417851330e+00
1.042530925084932392e+01
1.093878379659568445e+01
1.147754834600384477e+01
1.204284849983534933e+01
1.263599120804243903e+01
1.325834779138080677e+01
1.391135711184503165e+01
1.459652889925632024e+01
1.531544724169385141e+01
1.606977424783904240e+01
1.686125388970036099e+01
1.769171603460243247e+01
1.856308067576173571e+01
1.947736237122924052e+01
2.043667490146324184e+01
2.144323615629986435e+01
2.249937326262032045e+01
2.360752796456938540e+01
2.477026226876414938e+01
2.599026436754464342e+01
2.727035485396021741e+01
2.861349324286110374e+01
3.002278481317086900e+01
3.150148778715964681e+01
3.305302086331546718e+01
3.468097112023021822e+01
3.638910230977278815e+01
3.818136355872386645e+01
4.006189849898906630e+01
4.203505484750017729e+01
4.410539445795203051e+01
4.627770386761443433e+01
4.855700536360334496e+01
5.094856859419509476e+01
5.345792275202982324e+01
5.609086935736967661e+01
5.885349567096776013e+01
6.175218876755604214e+01
6.479365030249142876e+01
6.798491200569790749e+01
7.133335193872800062e+01
7.484671155252739538e+01
7.853311358534109843e+01
8.240108084213923689e+01
8.645955589898026972e+01
