1.240195927061526898e-01
0.000000000000000000e+00
0.000000000000000000e+00
0.000000000000000000e+00
0.000000000000000000e+00
0.000000000000000000e+00
0.000000000000000000e+00
0.000000000000000000e+00
0.000000000000000000e+00
0.000000000000000000e+00
0.000000000000000000e+00
0.000000000000000000e+00
0.000000000000000000e+00
0.000000000000000000e+00
0.000000000000000000e+00
0.000000000000000000e+00
1.240195927061526898e-01
1.240195927061526898e-01
3.772717646140511527e-01
6.665852814906731982e-01
1.068800254666417926e+00
1.360631603107542054e+00
1.940521837032503027e+00
2.916648065416874935e+00
3.069348210532653276e+00
3.609341179495227703e+00
4.170411728399846751e+00
4.316545882922478761e+00
5.076538213623039475e+00
6.171301397395851929e+00
6.264339020150091031e+00
6.171934335157819973e+00
6.969222937987778366e+00
7.534150763979640786e+00
8.526555484924729811e+00
9.425579702828628115e+00
1.034718362572033357e+01
1.177672119519584193e+01
1.307131879345003256e+01
1.228804678335820810e+01
1.342571248982246779e+01
1.475632147377861969e+01
1.738359022136609866e+01
1.545449943331633769e+01
1.830961341370633733e+01
1.992210784177655825e+01
2.227105745132008607e+01
2.192601194928069930e+01
2.180371756397002514e+01
2.430003998678551724e+01
2.518445623668495870e+01
3.136902333513110719e+01
2.638031270545328510e+01
3.110539982764246503e+01
3.405458265210975810e+01
3.205231014977703552e+01
2.768783507133593247e+01
3.747039195735080597e+01
3.501132280576349842e+01
3.964896936219622603e+01
3.551130088062636503e+01
4.054723325949626656e+01
4.027374287590333779e+01
3.875277207826557202e+01
4.092611661866264683e+01
3.946141311458574563e+01
4.315499126965935517e+01
4.264206208644669971e+01
3.705322067120987839e+01
3.510922897165893630e+01
3.417363964350848704e+01
2.716090653402422816e+01
3.295160988100581534e+01
2.734558922385838642e+01
2.238097314650046599e+01
2.357368766230688806e+01
1.765865580954563896e+01
1.914681660061275181e+01
1.672619577190222984e+01
1.639633629046440433e+01
1.415834525057130477e+01
1.322904260932645926e+01
1.117876754163892628e+01
1.081376437694108361e+01
9.173977612484947031e+00
6.748679703051182699e+00
6.773613211388734179e+00
5.967338674767421303e+00
4.387482193696061294e+00
3.804775730496476882e+00
2.884452870021453563e+00
2.241248169965789572e+00
1.914110331035021595e+00
1.310917945324954426e+00
9.300485118395706019e-01
5.650981662507851278e-01
4.166341133116682194e-01
2.420614591379635638e-01
2.113710821635731707e-01
1.739926363384381724e-01
