0.000000000000000000e+00
2.000000000000000000e+00
3.000000000000000000e+00
2.000000000000000000e+00
2.000000000000000000e+00
8.000000000000000000e+00
8.000000000000000000e+00
1.500000000000000000e+01
1.600000000000000000e+01
2.900000000000000000e+01
4.000000000000000000e+01
4.400000000000000000e+01
6.400000000000000000e+01
7.700000000000000000e+01
1.110000000000000000e+02
1.430000000000000000e+02
1.360000000000000000e+02
1.820000000000000000e+02
2.260000000000000000e+02
2.850000000000000000e+02
3.330000000000000000e+02
4.360000000000000000e+02
5.050000000000000000e+02
6.250000000000000000e+02
7.190000000000000000e+02
8.170000000000000000e+02
1.015000000000000000e+03
1.154000000000000000e+03
1.380000000000000000e+03
1.531000000000000000e+03
1.752000000000000000e+03
2.035000000000000000e+03
2.372000000000000000e+03
2.720000000000000000e+03
3.002000000000000000e+03
3.400000000000000000e+03
3.827000000000000000e+03
4.219000000000000000e+03
4.683000000000000000e+03
5.131000000000000000e+03
5.433000000000000000e+03
5.934000000000000000e+03
6.210000000000000000e+03
6.590000000000000000e+03
7.181000000000000000e+03
7.435000000000000000e+03
7.841000000000000000e+03
7.944000000000000000e+03
8.128000000000000000e+03
8.244000000000000000e+03
8.235000000000000000e+03
8.161000000000000000e+03
8.180000000000000000e+03
7.921000000000000000e+03
7.736000000000000000e+03
7.572000000000000000e+03
7.290000000000000000e+03
6.921000000000000000e+03
6.471000000000000000e+03
6.020000000000000000e+03
5.776000000000000000e+03
5.416000000000000000e+03
4.855000000000000000e+03
4.503000000000000000e+03
4.092000000000000000e+03
3.825000000000000000e+03
3.399000000000000000e+03
3.062000000000000000e+03
2.606000000000000000e+03
2.368000000000000000e+03
2.020000000000000000e+03
1.733000000000000000e+03
1.593000000000000000e+03
1.319000000000000000e+03
1.095000000000000000e+03
9.460000000000000000e+02
7.560000000000000000e+02
6.700000000000000000e+02
5.350000000000000000e+02
4.140000000000000000e+02
3.420000000000000000e+02
2.470000000000000000e+02
1.940000000000000000e+02
1.490000000000000000e+02
1.080000000000000000e+02
7.800000000000000000e+01
5.700000000000000000e+01
4.500000000000000000e+01
2.700000000000000000e+01
1.500000000000000000e+01
9.000000000000000000e+00
8.000000000000000000e+00
4.000000000000000000e+00
4.000000000000000000e+00
3.000000000000000000e+00
3.000000000000000000e+00
3.000000000000000000e+00
1.000000000000000000e+00
2.000000000000000000e+00
0.000000000000000000e+00
