0.000000000000000000e+00
9.843750000000000000e-01
9.843750000000000000e-01
4.906250000000000000e+00
2.921875000000000000e+00
4.906250000000000000e+00
6.812500000000000000e+00
1.560937500000000000e+01
1.759375000000000000e+01
2.637500000000000000e+01
4.898437500000000000e+01
5.870312500000000000e+01
6.653125000000000000e+01
6.481250000000000000e+01
1.174843750000000000e+02
1.125937500000000000e+02
1.623593750000000000e+02
1.939218750000000000e+02
2.349375000000000000e+02
2.850468750000000000e+02
2.985781250000000000e+02
4.031250000000000000e+02
4.587187500000000000e+02
6.299531250000000000e+02
6.664531250000000000e+02
7.815625000000000000e+02
9.443281250000000000e+02
1.107390625000000000e+03
1.274781250000000000e+03
1.438984375000000000e+03
1.673390625000000000e+03
2.013578125000000000e+03
2.247359375000000000e+03
2.483718750000000000e+03
2.871687500000000000e+03
3.287078125000000000e+03
3.498078125000000000e+03
3.961609375000000000e+03
4.376625000000000000e+03
4.785968750000000000e+03
5.208125000000000000e+03
5.693250000000000000e+03
6.174562500000000000e+03
6.629171875000000000e+03
6.889343750000000000e+03
7.250281250000000000e+03
7.776843750000000000e+03
7.909484375000000000e+03
7.932187500000000000e+03
8.210859375000000000e+03
8.367093750000000000e+03
8.320734375000000000e+03
8.304562500000000000e+03
8.167750000000000000e+03
8.025500000000000000e+03
7.756656250000000000e+03
7.456750000000000000e+03
7.138265625000000000e+03
6.947312500000000000e+03
6.582890625000000000e+03
6.165687500000000000e+03
5.731781250000000000e+03
5.464796875000000000e+03
5.009687500000000000e+03
4.740359375000000000e+03
4.235578125000000000e+03
3.811625000000000000e+03
3.467843750000000000e+03
3.085187500000000000e+03
2.801406250000000000e+03
2.508156250000000000e+03
2.185515625000000000e+03
1.889718750000000000e+03
1.581109375000000000e+03
1.425937500000000000e+03
1.166015625000000000e+03
1.010265625000000000e+03
8.659218750000000000e+02
6.883906250000000000e+02
5.241093750000000000e+02
4.417500000000000000e+02
3.933125000000000000e+02
3.015312500000000000e+02
2.325312500000000000e+02
1.695625000000000000e+02
1.355468750000000000e+02
9.250000000000000000e+01
6.148437500000000000e+01
5.845312500000000000e+01
3.840625000000000000e+01
3.082812500000000000e+01
2.207812500000000000e+01
1.156250000000000000e+01
4.812500000000000000e+00
6.734375000000000000e+00
9.375000000000000000e-01
9.687500000000000000e-01
0.000000000000000000e+00
1.890625000000000000e+00
0.000000000000000000e+00
