3.747883517316807023e+00
6.322837297003220947e+00
7.799849132154736964e+00
1.097412395065660817e+01
1.356059174363346109e+01
1.558531679528443270e+01
1.210653192431156100e+01
1.555872663842947645e+01
1.810807399338759183e+01
1.539248878308832857e+01
1.971436658886102933e+01
1.622979513117772044e+01
1.859579820651697801e+01
1.835201980326348092e+01
2.297250713318803150e+01
1.993969790980733592e+01
2.038773925940232701e+01
2.264292711725893525e+01
1.936854731258903684e+01
2.575219480179068299e+01
2.252276951186010479e+01
2.086451247595723402e+01
2.152140558693832162e+01
2.293136306697390836e+01
2.227894338516472317e+01
2.235080745185730322e+01
2.162671597238008658e+01
1.920672260848724378e+01
2.057099344913548578e+01
1.553722219180442821e+01
1.480128795071563985e+01
1.276771899900291452e+01
9.719503588146876538e+00
1.073359030974724604e+01
9.399642093419036115e+00
6.805257044190175186e+00
5.836622491593489670e+00
4.507995284422444904e+00
3.715991624048687214e+00
3.504322108125907054e+00
1.952562418976663494e+00
2.139141821940518273e+00
1.498697351035224834e+00
8.267972847076845433e-01
7.180703308172535770e-01
1.739926363384381724e-01
1.739926363384381724e-01
0.000000000000000000e+00
0.000000000000000000e+00
0.000000000000000000e+00
