0.000000000000000000e+00
1.240195927061526898e-01
2.914805954090254891e-01
4.166341133116682194e-01
6.817945071647321109e-01
9.141626547693796345e-01
1.170937124699699572e+00
1.352081728298996088e+00
2.390573937363159818e+00
2.265948252801682994e+00
2.491734382789425606e+00
3.388536222969292577e+00
2.952091419654885751e+00
3.556326888448248180e+00
3.952723546809212340e+00
4.594042295122564568e+00
5.764163940893769933e+00
5.863831638474539254e+00
6.511933156713142878e+00
7.380757815935975685e+00
7.434725716822040198e+00
7.557849809965794918e+00
9.141199234099429916e+00
6.943901888527803656e+00
8.267441317451245553e+00
9.674676492491879998e+00
1.031529318233369530e+01
1.212032770802836090e+01
1.036176678648482152e+01
1.540811189307031803e+01
1.459184275545758425e+01
1.465914816761192263e+01
1.354607300105827683e+01
1.510739548822033029e+01
1.878494140095997267e+01
1.948033363260239526e+01
2.031331128187561319e+01
1.814543567780889788e+01
2.263500620409402586e+01
2.220289408746920401e+01
2.111591428135423953e+01
2.284765591607539648e+01
2.308674517411181171e+01
2.408581966602704227e+01
2.850979820605540382e+01
2.945503972556097239e+01
3.004413664068872691e+01
2.903202367106881354e+01
3.173189382841024297e+01
3.640309468622653810e+01
3.558797075009159272e+01
3.475232891813691083e+01
3.549430178189697926e+01
3.811418583820695005e+01
3.579519378963466636e+01
3.898349197396732535e+01
3.777677806453986165e+01
3.953345781878148557e+01
3.818189594211339255e+01
3.831078898605946392e+01
3.827727976860914794e+01
3.598795032173095620e+01
4.076626580561892865e+01
3.820825949647536390e+01
3.616968473390388539e+01
3.499637257988319305e+01
3.095774274616125865e+01
3.148852717657655020e+01
2.900194885019582713e+01
2.653207356642851877e+01
2.246615836061819849e+01
2.124438689652810552e+01
1.787166025399920599e+01
1.879852444965761293e+01
1.401714038630472636e+01
1.416500832818322131e+01
1.339178269499621088e+01
1.031258285951560261e+01
1.216195239003590167e+01
1.072448825993576271e+01
9.358514150727934577e+00
8.702087011710180064e+00
8.245263792020240956e+00
7.424621202458748570e+00
5.494226372975544059e+00
4.896162998652618725e+00
4.025765406649399303e+00
4.084555514373626295e+00
3.209444984631299125e+00
2.309753436516547520e+00
1.939452141553124287e+00
1.379254780669619374e+00
1.125000000000000000e+00
1.066971290323690091e+00
8.441839162025062127e-01
5.208072910155924218e-01
3.630921887069453180e-01
2.420614591379635638e-01
1.739926363384381724e-01
0.000000000000000000e+00
