6.537469085493688992e-01
6.859418164526119854e-01
7.197222188053785663e-01
7.551661960499869153e-01
7.923556738364591068e-01
8.313766123864888558e-01
8.723192051829669058e-01
9.152780874443197101e-01
9.603525548655311717e-01
1.007646793131447227e+00
1.057270118732864139e+00
1.109337231642025801e+00
1.163968480431566199e+00
1.221290140449698525e+00
1.281434705694625142e+00
1.344541195062814998e+00
1.410755473679009331e+00
1.480230590050686468e+00
1.553127129826286978e+00
1.629613586974878237e+00
1.709866753245212756e+00
1.794072126804374445e+00
1.882424341000551005e+00
1.975127614240976603e+00
2.072396222024898815e+00
2.174454992222634608e+00
2.281539824745506539e+00
2.393898236807834312e+00
2.511789935041301103e+00
2.635487415784095955e+00
2.765276594932339904e+00
2.901457468809645501e+00
3.044344807582351375e+00
3.194268882823203093e+00
3.351576230905174203e+00
3.516630453989950222e+00
3.689813060462491467e+00
3.871524346754260826e+00
4.062184322593371810e+00
4.262233681820306153e+00
4.472134821013139749e+00
4.692372908276738031e+00
4.923457004666363268e+00
5.165921240837723083e+00
5.420326051643214349e+00
5.687259471528018473e+00
5.967338493720235171e+00
6.261210496356699018e+00
6.569554738840867714e+00
6.893083931891456295e+00
7.232545884910864586e+00
7.588725234481127124e+00
7.962445257982678548e+00
8.354569776527926095e+00
8.766005151608130319e+00
9.197702380068623285e+00
9.650659292254749388e+00
1.012592285840934991e+01
1.062459160865279451e+01
1.114781817213919801e+01
1.169681194125775292e+01
1.227284186703736424e+01
1.287723939221586456e+01
1.351140152875328937e+01
1.417679408690271714e+01
1.487495506330235884e+01
1.560749819592006915e+01
1.637611669406739523e+01
1.718258715210467003e+01
1.802877365588327052e+01
1.891663209141687219e+01
1.984821466574075188e+01
2.082567465040860455e+01
2.185127135859123015e+01
2.292737536728115089e+01
2.405647399667368802e+01
2.524117705938985523e+01
2.648422289282975584e+01
2.778848468859964882e+01
2.915697713364281540e+01
3.059286337842449299e+01
3.209946234827722122e+01
3.368025641480603127e+01
3.533889944508568703e+01
3.707922524725442770e+01
3.890525643202568062e+01
4.082121371060074466e+01
4.283152565047305416e+01
4.494083891167408495e+01
4.715402898712137869e+01
4.947621147189346402e+01
5.191275388747979491e+01
5.446928808833698099e+01
5.715172327942716635e+01
5.996625967482768260e+01
6.291940282898340797e+01
6.601797867372593487e+01
6.926914929581744218e+01
7.268042949148723153e+01
7.625970413622519573e+01
