0.000000000000000000e+00
3.408972535823660555e-01
3.121091305537215255e-01
3.307189138830738395e-01
4.960783708246107593e-01
4.898879814559650714e-01
5.777025483542547191e-01
6.373774391990980615e-01
6.073684914242752919e-01
9.640764281813968273e-01
1.288375764043627081e+00
1.249902339935004658e+00
1.270822660474308696e+00
1.391590254888269929e+00
1.894688298903014712e+00
1.803249562421962660e+00
2.203014181610050581e+00
2.599156639061024343e+00
2.887498308982188622e+00
2.946793808531571024e+00
3.340353122706490208e+00
3.659320292076111869e+00
3.596330595203950597e+00
4.407025640951048651e+00
5.092024247536533821e+00
5.258340658836682557e+00
5.985313242377126919e+00
6.166631475124810358e+00
6.665981003151373763e+00
7.258346488698372845e+00
8.459866189101338918e+00
8.396529579795155129e+00
9.741670620811145653e+00
1.093489924436320493e+01
1.070702483696451424e+01
1.340708767779192279e+01
1.410977297334634706e+01
1.177663827178091616e+01
1.360677357456112802e+01
1.497484870541268620e+01
1.445899374092125456e+01
1.793183027773169158e+01
1.766727393684082159e+01
2.096117481462751897e+01
2.207899856728957388e+01
2.083603563203362796e+01
2.058573440364710549e+01
1.969094711885388094e+01
2.256297069280494938e+01
2.050585258491767604e+01
2.621873137663224185e+01
1.887064700425968411e+01
2.019881044416663229e+01
1.914028698681135410e+01
1.730995440445684608e+01
1.599169706441439587e+01
1.756527307955600747e+01
1.560069985409308480e+01
2.012633438899145233e+01
1.582904273005793527e+01
1.409044965515206727e+01
1.533782981511726184e+01
1.250620939523643216e+01
1.566042858409373117e+01
1.230161916108505693e+01
1.320537148048096299e+01
1.170619118711867834e+01
9.056126530386762852e+00
9.394653877837916056e+00
1.088315741108135448e+01
8.891695893325131550e+00
9.154009964900629015e+00
1.051838745290241661e+01
6.739702069407445428e+00
5.543132540303812306e+00
6.371015911924879482e+00
5.866662135266953015e+00
5.155752816939054739e+00
4.330549862243246118e+00
5.072111824415447501e+00
3.376012579582605699e+00
2.994420266825450039e+00
2.256014097778424876e+00
2.548743563012960234e+00
1.841099790206929487e+00
1.911557672259720286e+00
1.482893998023796733e+00
1.223149111923807819e+00
1.011168105460214850e+00
8.870542454523285825e-01
9.066540047752504883e-01
6.627284393890154890e-01
4.831132760543845883e-01
0.000000000000000000e+00
2.113710821635731707e-01
2.683681880830885436e-01
2.420614591379635638e-01
2.113710821635731707e-01
2.420614591379635638e-01
0.000000000000000000e+00
