0.000000000000000000e+00
1.000000000000000000e+00
1.000000000000000000e+00
2.000000000000000000e+00
3.000000000000000000e+00
6.000000000000000000e+00
4.000000000000000000e+00
5.000000000000000000e+00
1.200000000000000000e+01
2.000000000000000000e+01
3.600000000000000000e+01
3.200000000000000000e+01
5.000000000000000000e+01
6.200000000000000000e+01
7.500000000000000000e+01
1.030000000000000000e+02
1.250000000000000000e+02
1.710000000000000000e+02
1.680000000000000000e+02
2.260000000000000000e+02
2.630000000000000000e+02
3.190000000000000000e+02
4.110000000000000000e+02
4.590000000000000000e+02
5.520000000000000000e+02
6.330000000000000000e+02
7.980000000000000000e+02
9.200000000000000000e+02
1.082000000000000000e+03
1.212000000000000000e+03
1.404000000000000000e+03
1.652000000000000000e+03
1.882000000000000000e+03
2.138000000000000000e+03
2.434000000000000000e+03
2.772000000000000000e+03
3.080000000000000000e+03
3.434000000000000000e+03
3.847000000000000000e+03
4.309000000000000000e+03
4.522000000000000000e+03
5.061000000000000000e+03
5.396000000000000000e+03
5.786000000000000000e+03
6.198000000000000000e+03
6.509000000000000000e+03
6.881000000000000000e+03
7.289000000000000000e+03
7.441000000000000000e+03
7.549000000000000000e+03
7.939000000000000000e+03
7.937000000000000000e+03
7.833000000000000000e+03
7.838000000000000000e+03
7.905000000000000000e+03
7.661000000000000000e+03
7.470000000000000000e+03
7.238000000000000000e+03
7.025000000000000000e+03
6.629000000000000000e+03
6.236000000000000000e+03
5.919000000000000000e+03
5.581000000000000000e+03
5.236000000000000000e+03
4.709000000000000000e+03
4.441000000000000000e+03
4.070000000000000000e+03
3.647000000000000000e+03
3.377000000000000000e+03
2.952000000000000000e+03
2.607000000000000000e+03
2.364000000000000000e+03
2.003000000000000000e+03
1.707000000000000000e+03
1.530000000000000000e+03
1.298000000000000000e+03
1.071000000000000000e+03
9.740000000000000000e+02
8.130000000000000000e+02
6.550000000000000000e+02
5.690000000000000000e+02
4.250000000000000000e+02
3.670000000000000000e+02
2.660000000000000000e+02
2.300000000000000000e+02
1.720000000000000000e+02
1.470000000000000000e+02
8.900000000000000000e+01
7.100000000000000000e+01
4.000000000000000000e+01
4.500000000000000000e+01
2.400000000000000000e+01
1.600000000000000000e+01
8.000000000000000000e+00
7.000000000000000000e+00
3.000000000000000000e+00
1.000000000000000000e+00
2.000000000000000000e+00
5.000000000000000000e+00
0.000000000000000000e+00
