0.000000000000000000e+00
2.000000000000000000e+00
0.000000000000000000e+00
0.000000000000000000e+00
5.000000000000000000e+00
3.000000000000000000e+00
1.600000000000000000e+01
1.200000000000000000e+01
1.700000000000000000e+01
3.200000000000000000e+01
4.000000000000000000e+01
5.000000000000000000e+01
6.100000000000000000e+01
6.800000000000000000e+01
9.200000000000000000e+01
1.350000000000000000e+02
1.450000000000000000e+02
1.910000000000000000e+02
2.320000000000000000e+02
2.680000000000000000e+02
2.880000000000000000e+02
3.750000000000000000e+02
4.420000000000000000e+02
5.880000000000000000e+02
6.900000000000000000e+02
8.580000000000000000e+02
9.680000000000000000e+02
1.147000000000000000e+03
1.336000000000000000e+03
1.513000000000000000e+03
1.762000000000000000e+03
1.992000000000000000e+03
2.392000000000000000e+03
2.586000000000000000e+03
3.043000000000000000e+03
3.429000000000000000e+03
3.779000000000000000e+03
4.072000000000000000e+03
4.614000000000000000e+03
4.974000000000000000e+03
5.552000000000000000e+03
5.893000000000000000e+03
6.425000000000000000e+03
6.789000000000000000e+03
7.403000000000000000e+03
7.416000000000000000e+03
7.659000000000000000e+03
8.144000000000000000e+03
8.351000000000000000e+03
8.393000000000000000e+03
8.335000000000000000e+03
8.449000000000000000e+03
8.463000000000000000e+03
8.146000000000000000e+03
7.940000000000000000e+03
7.795000000000000000e+03
7.440000000000000000e+03
7.161000000000000000e+03
6.700000000000000000e+03
6.284000000000000000e+03
5.890000000000000000e+03
5.641000000000000000e+03
5.099000000000000000e+03
4.663000000000000000e+03
4.224000000000000000e+03
3.866000000000000000e+03
3.521000000000000000e+03
3.102000000000000000e+03
2.729000000000000000e+03
2.445000000000000000e+03
2.064000000000000000e+03
1.747000000000000000e+03
1.542000000000000000e+03
1.311000000000000000e+03
1.125000000000000000e+03
9.550000000000000000e+02
7.240000000000000000e+02
6.430000000000000000e+02
5.280000000000000000e+02
4.200000000000000000e+02
3.340000000000000000e+02
2.590000000000000000e+02
2.080000000000000000e+02
1.520000000000000000e+02
1.250000000000000000e+02
8.100000000000000000e+01
4.900000000000000000e+01
4.500000000000000000e+01
2.500000000000000000e+01
2.100000000000000000e+01
1.300000000000000000e+01
8.000000000000000000e+00
2.000000000000000000e+00
4.000000000000000000e+00
3.000000000000000000e+00
0.000000000000000000e+00
0.000000000000000000e+00
0.000000000000000000e+00
0.000000000000000000e+00
1.000000000000000000e+00
