7.109443218747126814e-01
7.450114561138689862e-01
7.807110242856972748e-01
8.181212495986960320e-01
8.573241035725359671e-01
8.984054856501847430e-01
9.414554114167104082e-01
9.865682098371826303e-01
1.033842729945847694e+00
1.083382557439466654e+00
1.135296241649402349e+00
1.189697533389792117e+00
1.246705634202960544e+00
1.306445457548211841e+00
1.369047902506305592e+00
1.434650140599342594e+00
1.503395916354529405e+00
1.575435862270399445e+00
1.650927828875633718e+00
1.730037230603687082e+00
1.812937408241086512e+00
1.899810008743578749e+00
1.990845383252366041e+00
2.086243004182539273e+00
2.186211902297618526e+00
2.290971124727894104e+00
2.400750214936156812e+00
2.515789715682498429e+00
2.636341696090252817e+00
2.762670303967957874e+00
2.895052344597565774e+00
3.033777887257107952e+00
3.179150900806804181e+00
3.331489919731279503e+00
3.491128742097290960e+00
3.658417160956291436e+00
3.833721730794454441e+00
4.017426570709557332e+00
4.209934206074616547e+00
4.411666450532480965e+00
4.623065330253975702e+00
4.844594052484781699e+00
5.076738020503280602e+00
5.320005897213311741e+00
5.574930719702305915e+00
5.842071067206993540e+00
6.122012285045856927e+00
6.415367767200160110e+00
6.722780300353887739e+00
7.044923472337575987e+00
7.382503148062171228e+00
7.736259016176902925e+00
8.106966209840132720e+00
8.495437005154535370e+00
8.902522600988154622e+00
9.329114984081178008e+00
9.776148883525170419e+00
1.024460381889734251e+01
1.073550624653758945e+01
1.124993180867119946e+01
1.178900769030528473e+01
1.235391508906337243e+01
1.294589180336988044e+01
1.356623494465558721e+01
1.421630377952696556e+01
1.489752270812700097e+01
1.561138438521355098e+01
1.635945299079397941e+01
1.714336765748254976e+01
1.796484606209043022e+01
1.882568818931802213e+01
1.972778027579651905e+01
2.067309894312047902e+01
2.166371552892782404e+01
2.270180062551706257e+01
2.378962883594666167e+01
2.492958375803790361e+01
2.612416320720190654e+01
2.737598468953482822e+01
2.868779113717367224e+01
3.006245691847968615e+01
3.150299413621863209e+01
3.301255922753818339e+01
3.459445988020397067e+01
3.625216228024886789e+01
3.798929870691627286e+01
3.980967549153879048e+01
4.171728135779184754e+01
4.371629616159670206e+01
4.581110004982338069e+01
4.800628305786178629e+01
5.030665516709051133e+01
5.271725684428097480e+01
5.524337008603029631e+01
5.789052999242286290e+01
6.066453689528029969e+01
6.357146906757490257e+01
6.661769604185418814e+01
6.980989256686012823e+01
7.315505323292339313e+01
