0.000000000000000000e+00
2.683681880830885436e-01
4.236075534914361951e-01
5.691876750027182741e-01
8.914469890997445134e-01
1.394657075906116761e+00
1.812432649610737911e+00
1.913918999722820091e+00
2.582997289971478150e+00
3.075704949682267486e+00
2.999348887675456599e+00
3.536604071616583855e+00
3.777729507836022904e+00
4.281335537466667951e+00
4.603810200190164181e+00
6.304450313072504919e+00
5.874916887709987101e+00
5.587374159656752326e+00
6.621147907226887952e+00
7.560934109577664763e+00
8.017787232732919378e+00
8.374635603079992663e+00
8.727076557151026037e+00
9.228808072416502029e+00
1.024760595136127428e+01
1.191415215130203897e+01
1.268853905843773688e+01
1.246428491480758716e+01
1.389826842575631716e+01
1.414434515981563578e+01
1.503419767095587289e+01
1.722948706750653614e+01
1.732698373157818139e+01
1.880522466256053704e+01
1.816100276648773004e+01
1.762770784828177995e+01
1.953859861754419569e+01
2.227469113667740785e+01
2.583321940079042989e+01
2.408829785912653421e+01
2.246238174704543766e+01
2.420856136492573540e+01
2.733242622669088817e+01
2.891432319694687081e+01
2.582342667490848243e+01
3.001067518400743950e+01
2.913501956811381532e+01
3.405168621352509462e+01
3.328990497789833114e+01
3.469054040729258759e+01
4.104607500647900054e+01
3.470900234449270272e+01
4.021231494750706048e+01
4.087232108480475290e+01
3.415911970447093893e+01
4.146051573767956455e+01
4.265344255871236356e+01
4.099294611100030750e+01
3.853973953515384210e+01
3.963120700104117589e+01
3.663459771855015390e+01
3.955573599365836657e+01
3.861025393576652931e+01
3.435823099505233813e+01
3.230021224291722604e+01
3.272464428760074640e+01
2.896252545720719951e+01
2.807674680117872867e+01
2.422315988077061277e+01
2.424560507049421787e+01
2.029152763470507992e+01
1.906311474418595608e+01
1.699376609046682063e+01
1.631249251676073442e+01
1.600192249192264882e+01
1.242114777745498877e+01
1.139677474592592787e+01
1.018572645605113358e+01
9.256002592068295343e+00
9.165524313289447278e+00
7.929375763576852698e+00
6.519483270120033147e+00
5.305878226080956495e+00
6.547732640721901198e+00
4.631092903880789535e+00
4.141538814257328838e+00
3.421518246243179018e+00
2.234265731593938931e+00
2.090716085459716211e+00
1.893592712114989141e+00
1.197327753791751048e+00
1.096870548424015324e+00
7.705517503711220018e-01
5.113458803735491109e-01
3.121091305537215255e-01
2.113710821635731707e-01
2.755498763835687037e-01
1.240195927061526898e-01
1.240195927061526898e-01
0.000000000000000000e+00
