0.000000000000000000e+00
1.240195927061526898e-01
1.240195927061526898e-01
1.739926363384381724e-01
1.739926363384381724e-01
3.121091305537215255e-01
4.416654382844553139e-01
5.829611908180509783e-01
6.387166698740529558e-01
8.026749711900826867e-01
8.332682266233364388e-01
1.128034102986252840e+00
1.455642979708623441e+00
1.170937124699699572e+00
1.488235112473832222e+00
1.157516198590758494e+00
1.810276114125964009e+00
1.927392993138659305e+00
2.089255904472929970e+00
2.251247484035240554e+00
2.430076837776945720e+00
2.819955396367112677e+00
3.634550995308774013e+00
3.339512501848136417e+00
3.730123102442465033e+00
4.897359580363177756e+00
5.295930041078714900e+00
5.226790213649290529e+00
5.237685520282312268e+00
6.291037151177856224e+00
6.003904979261413644e+00
9.290859398321288154e+00
7.112362009865288215e+00
8.305624506170502741e+00
1.103358465025646140e+01
1.017575050979042040e+01
1.288288593444807262e+01
1.130031068087842527e+01
1.087423668298147739e+01
1.237846187372950624e+01
1.368920330440654176e+01
1.381656472997177332e+01
1.639394627932442106e+01
1.367765056579528249e+01
1.781326067454734741e+01
1.995878932912452441e+01
2.113218720193203382e+01
1.605555996716947220e+01
1.957995801475005848e+01
2.038360152027849992e+01
1.854101634510295682e+01
2.134059273866356321e+01
2.173524553432741868e+01
1.740574505551256124e+01
1.996236082254238298e+01
1.523544868011359199e+01
2.140741328955929745e+01
1.755426853360743067e+01
1.493723849143475313e+01
1.782066013744650945e+01
1.864365021553920343e+01
1.522807562068743437e+01
1.554107932173229045e+01
1.437967824690020713e+01
1.291785948793375027e+01
1.447498347095342908e+01
1.259305208984303448e+01
1.266172720988333467e+01
1.108208012965075007e+01
1.107061848994896991e+01
8.697484707337805432e+00
8.302728631864045639e+00
1.092274674632598952e+01
7.542182806348239232e+00
8.466328066966221755e+00
8.384264931256645070e+00
6.663728193549014023e+00
6.554757337232248737e+00
4.872495350177360685e+00
4.017418130777526741e+00
5.345029086684187192e+00
3.970595043567147542e+00
3.452488629144924381e+00
3.530973440497676918e+00
2.959648878562286534e+00
2.397050189164799061e+00
2.015322167173278611e+00
1.729723492172954291e+00
1.976361773404606170e+00
1.295650777601742520e+00
1.089724735885168494e+00
1.039150607166737794e+00
6.073684914242752919e-01
5.510997527671374074e-01
2.914805954090254891e-01
5.000000000000000000e-01
5.113458803735491109e-01
0.000000000000000000e+00
1.739926363384381724e-01
0.000000000000000000e+00
