7.271972113111374592e-01
7.626860985253848257e-01
7.999069246086423224e-01
8.389442121391437190e-01
8.798866085902666834e-01
9.228270876348517726e-01
9.678631602736302852e-01
1.015097096267204568e+00
1.064636156374412890e+00
1.116592835924461014e+00
1.171085120275927149e+00
1.228236752742754234e+00
1.288177515595640532e+00
1.351043524776942339e+00
1.416977538998338337e+00
1.486129283923166122e+00
1.558655792169597820e+00
1.634721759906750504e+00
1.714499920853498782e+00
1.798171438529289734e+00
1.885926317647690365e+00
1.977963835586883157e+00
2.074492994916908639e+00
2.175732998011272734e+00
2.281913744820684542e+00
2.393276354939294137e+00
2.510073715148951834e+00
2.632571053684885864e+00
2.761046542526855330e+00
2.895791929083486593e+00
3.037113198704254113e+00
3.185331269523562270e+00
3.340782721214800688e+00
3.503820559309275939e+00
3.674815016815638380e+00
3.854154394960192409e+00
4.042245944957232773e+00
4.239516792811815371e+00
4.446414909254993830e+00
4.663410127014131490e+00
4.890995207728328964e+00
5.129686960931749695e+00
5.380027417645923293e+00
5.642585061245991795e+00
5.917956118396098475e+00
6.206765912985318323e+00
6.509670286138816486e+00
6.827357085528745095e+00
7.160547727366965987e+00
7.509998834626554043e+00
7.876503955212278640e+00
8.260895363981726192e+00
8.664045952709178877e+00
9.086871212284044930e+00
9.530331311645127812e+00
9.995433278171613978e+00
1.048323328448213942e+01
1.099483904683489044e+01
1.153141234057511610e+01
1.209417163834222109e+01
1.268439487702738511e+01
1.330342235976507226e+01
1.395265979954836943e+01
1.463358151137968477e+01
1.534773376020568669e+01
1.609673827223921450e+01
1.688229591764159210e+01
1.770619057292841347e+01
1.857029317186945505e+01
1.947656595408177793e+01
2.042706692096394860e+01
2.142395450909002363e+01
2.246949249167582607e+01
2.356605511924795593e+01
2.471613251118928645e+01
2.592233631040420150e+01
2.718740561394434962e+01
2.851421319306259861e+01
2.990577201681975339e+01
3.136524209405827790e+01
3.289593764928000752e+01
3.450133464872300948e+01
3.618507869372824359e+01
3.795099329932061494e+01
3.980308857680371659e+01
4.174557034008500267e+01
4.378284965641041282e+01
4.591955286319691254e+01
4.816053207370904943e+01
5.051087619543686458e+01
5.297592248619569233e+01
5.556126867418997506e+01
5.827278566956408667e+01
6.111663089630593504e+01
6.409926227477775740e+01
6.722745288662646601e+01
7.050830635537526803e+01
7.394927297762333751e+01
7.755816664148474615e+01
8.134318257068612468e+01
