0.000000000000000000e+00
1.968750000000000000e+00
4.890625000000000000e+00
2.921875000000000000e+00
7.843750000000000000e+00
6.843750000000000000e+00
1.170312500000000000e+01
2.151562500000000000e+01
2.643750000000000000e+01
2.843750000000000000e+01
4.112500000000000000e+01
4.995312500000000000e+01
6.064062500000000000e+01
1.028437500000000000e+02
1.097187500000000000e+02
1.490468750000000000e+02
1.840468750000000000e+02
2.036875000000000000e+02
2.437812500000000000e+02
2.945156250000000000e+02
3.766875000000000000e+02
4.570468750000000000e+02
5.245937500000000000e+02
6.016875000000000000e+02
7.397343750000000000e+02
8.540625000000000000e+02
1.100500000000000000e+03
1.244859375000000000e+03
1.426953125000000000e+03
1.628390625000000000e+03
1.833953125000000000e+03
2.124562500000000000e+03
2.503359375000000000e+03
2.730312500000000000e+03
3.080562500000000000e+03
3.502343750000000000e+03
3.956750000000000000e+03
4.277671875000000000e+03
4.726031250000000000e+03
5.108500000000000000e+03
5.539656250000000000e+03
6.009859375000000000e+03
6.409015625000000000e+03
6.656109375000000000e+03
7.209234375000000000e+03
7.376140625000000000e+03
7.720750000000000000e+03
7.873203125000000000e+03
8.083968750000000000e+03
8.109671875000000000e+03
8.251078125000000000e+03
8.143468750000000000e+03
8.150921875000000000e+03
7.854828125000000000e+03
7.715953125000000000e+03
7.479031250000000000e+03
7.216687500000000000e+03
6.850078125000000000e+03
6.440421875000000000e+03
5.953906250000000000e+03
5.688171875000000000e+03
5.293359375000000000e+03
4.703656250000000000e+03
4.391203125000000000e+03
3.976750000000000000e+03
3.628390625000000000e+03
3.348531250000000000e+03
2.919390625000000000e+03
2.550796875000000000e+03
2.244781250000000000e+03
1.897984375000000000e+03
1.605671875000000000e+03
1.438125000000000000e+03
1.238421875000000000e+03
1.012750000000000000e+03
9.365625000000000000e+02
7.647500000000000000e+02
6.118437500000000000e+02
4.944218750000000000e+02
3.834687500000000000e+02
3.276093750000000000e+02
2.221250000000000000e+02
2.040000000000000000e+02
1.450312500000000000e+02
1.011093750000000000e+02
7.987500000000000000e+01
5.078125000000000000e+01
4.701562500000000000e+01
3.442187500000000000e+01
9.578125000000000000e+00
1.539062500000000000e+01
1.057812500000000000e+01
2.843750000000000000e+00
2.890625000000000000e+00
3.812500000000000000e+00
4.781250000000000000e+00
0.000000000000000000e+00
0.000000000000000000e+00
9.531250000000000000e-01
0.000000000000000000e+00
