3.332926407453365769e+00
7.491124305428058072e+00
8.882135665726739404e+00
1.355194721940356395e+01
1.256567707027261704e+01
1.455605242190941695e+01
1.336622631333821865e+01
1.486809680942302059e+01
1.692651281089817417e+01
1.609547169188821769e+01
1.783099368900959547e+01
1.993137028616886042e+01
2.016556834022723521e+01
2.054919188458210400e+01
2.481206214191748671e+01
2.059495918301369244e+01
1.965020649342838155e+01
2.391978783350721827e+01
1.876184521675573436e+01
2.453105095460648855e+01
2.260148553607704613e+01
2.276205359769577186e+01
2.612450937786918459e+01
2.362533068551633875e+01
2.479933136069398003e+01
2.002585608930052885e+01
2.282694320178459790e+01
1.719726995048923612e+01
2.093068919075528100e+01
1.803165619126540520e+01
1.431699404062790748e+01
1.361115086002557639e+01
1.092426654789121265e+01
1.103576394897516799e+01
8.795417841126139891e+00
8.067827697094180905e+00
6.171696991103824637e+00
5.834970008491903393e+00
4.345632460801879482e+00
3.455068740271313388e+00
2.562452362362078961e+00
1.768802450635740264e+00
1.272358630408502389e+00
7.069341266164761439e-01
4.749588797990832445e-01
2.420614591379635638e-01
0.000000000000000000e+00
0.000000000000000000e+00
0.000000000000000000e+00
0.000000000000000000e+00
