0.000000000000000000e+00
1.240195927061526898e-01
2.420614591379635638e-01
3.476343040826092023e-01
1.240195927061526898e-01
5.829611908180509783e-01
4.496092053105674724e-01
5.719689130538476718e-01
8.099418864184022571e-01
7.485337229377178048e-01
8.242835430693736809e-01
9.890760761311537808e-01
1.235857495830324337e+00
1.386933302064306206e+00
1.273892748379941153e+00
1.541103500742244004e+00
1.785083593980965277e+00
1.970423395967222158e+00
2.121320343559642385e+00
2.206114992328142232e+00
2.335558602213825719e+00
2.977618333080987778e+00
3.393467990124556799e+00
3.836502313305701684e+00
3.685082629246595243e+00
4.707846467268765878e+00
5.035203221755304881e+00
6.015604707757982617e+00
5.587024588275945725e+00
6.470410414919597564e+00
7.686166042800532949e+00
6.787781272947368549e+00
7.713054578926561433e+00
1.076533018464250269e+01
8.054926190692253130e+00
9.486408348757446873e+00
1.064024641396993154e+01
1.245083103087400289e+01
1.202402380393102810e+01
1.183343878327428556e+01
1.219325785462503120e+01
1.520632032197056560e+01
1.584840291638245802e+01
1.792611109483523890e+01
1.642665397874746702e+01
1.799299315662558030e+01
1.922563392973037821e+01
2.104821474021015248e+01
2.053538771091259463e+01
2.121780074275783790e+01
2.194729126224919824e+01
2.331463106043874234e+01
2.063147980597550202e+01
2.048593624866520457e+01
1.693576299903181237e+01
1.981274028836937617e+01
1.812949836419915783e+01
1.851749067604733412e+01
1.862672365136646846e+01
1.433560328288890062e+01
1.619690846272831308e+01
1.498824409120361167e+01
1.275149347870672045e+01
1.410776568895213146e+01
1.350700592227511443e+01
1.173035883335948881e+01
1.408397665567150803e+01
1.149010273833528473e+01
1.256261660393645840e+01
1.124964192138465435e+01
9.711751398917447986e+00
9.042745171372187585e+00
8.645582325673615287e+00
8.216655507831333694e+00
7.814187317789355269e+00
7.943095960486691531e+00
7.794964695838910274e+00
5.998697775350913197e+00
6.942548135186028091e+00
4.960685279021437744e+00
4.126420210061016114e+00
4.423365473186112062e+00
3.964903401644862324e+00
3.699662146737185520e+00
2.936169911636586249e+00
2.841474020534940692e+00
2.722698282494775412e+00
2.231204043644372526e+00
1.999938963912399004e+00
1.578357037396798779e+00
1.585995226781909295e+00
1.518039314173055265e+00
9.559384704964017931e-01
8.699631816921908900e-01
5.650981662507851278e-01
3.772717646140511527e-01
0.000000000000000000e+00
2.113710821635731707e-01
3.476343040826092023e-01
0.000000000000000000e+00
