0.000000000000000000e+00
9.843750000000000000e-01
0.000000000000000000e+00
9.843750000000000000e-01
4.906250000000000000e+00
5.859375000000000000e+00
1.176562500000000000e+01
1.175000000000000000e+01
2.154687500000000000e+01
1.964062500000000000e+01
3.625000000000000000e+01
3.715625000000000000e+01
4.400000000000000000e+01
6.459375000000000000e+01
7.926562500000000000e+01
1.126250000000000000e+02
1.343593750000000000e+02
1.509375000000000000e+02
2.223437500000000000e+02
2.672656250000000000e+02
3.222343750000000000e+02
3.806406250000000000e+02
4.628750000000000000e+02
5.815468750000000000e+02
6.428593750000000000e+02
8.120312500000000000e+02
9.526093750000000000e+02
1.094593750000000000e+03
1.244281250000000000e+03
1.525656250000000000e+03
1.698687500000000000e+03
1.932953125000000000e+03
2.234250000000000000e+03
2.562437500000000000e+03
2.965437500000000000e+03
3.252062500000000000e+03
3.626484375000000000e+03
3.970062500000000000e+03
4.348640625000000000e+03
4.810937500000000000e+03
5.290656250000000000e+03
5.690515625000000000e+03
6.168546875000000000e+03
6.609000000000000000e+03
6.955703125000000000e+03
7.630578125000000000e+03
7.671031250000000000e+03
8.045953125000000000e+03
8.142046875000000000e+03
8.462812500000000000e+03
8.494453125000000000e+03
8.520156250000000000e+03
8.469156250000000000e+03
8.363531250000000000e+03
8.075765625000000000e+03
7.766078125000000000e+03
7.689031250000000000e+03
7.368812500000000000e+03
6.864687500000000000e+03
6.407031250000000000e+03
6.280156250000000000e+03
5.678656250000000000e+03
5.289593750000000000e+03
4.894281250000000000e+03
4.599140625000000000e+03
4.088328125000000000e+03
3.648406250000000000e+03
3.297859375000000000e+03
2.912703125000000000e+03
2.681781250000000000e+03
2.356609375000000000e+03
2.026406250000000000e+03
1.724625000000000000e+03
1.456062500000000000e+03
1.276015625000000000e+03
1.077515625000000000e+03
8.854531250000000000e+02
7.176093750000000000e+02
6.540625000000000000e+02
4.631250000000000000e+02
3.672500000000000000e+02
2.715312500000000000e+02
2.457343750000000000e+02
1.782187500000000000e+02
1.396250000000000000e+02
1.069531250000000000e+02
8.001562500000000000e+01
5.495312500000000000e+01
3.953125000000000000e+01
2.393750000000000000e+01
2.498437500000000000e+01
1.343750000000000000e+01
7.703125000000000000e+00
6.718750000000000000e+00
4.812500000000000000e+00
0.000000000000000000e+00
2.859375000000000000e+00
0.000000000000000000e+00
9.687500000000000000e-01
0.000000000000000000e+00
