2.900532009390691002e+00
7.044224141096022684e+00
9.007754905496707210e+00
1.258586718245409664e+01
1.092803161598647677e+01
1.290764028528743168e+01
1.499010090026081166e+01
1.548070876122924844e+01
1.234683505751575261e+01
1.566616452541910398e+01
1.505510710689233278e+01
1.280243507111049617e+01
1.822086715828859838e+01
1.682486040757470747e+01
1.855205408943979961e+01
1.810362424868291242e+01
1.985990361216224542e+01
2.017956500398360831e+01
2.250616235056523351e+01
1.916284424633710159e+01
1.954946026069197984e+01
2.232341732211938989e+01
2.284415077452814913e+01
1.937146515133470714e+01
1.761033853841259855e+01
1.977744829186768527e+01
1.640168835392792701e+01
2.054622741374922157e+01
1.679864089554568807e+01
1.348363265627534879e+01
1.344925902640643578e+01
1.547020195205931969e+01
1.019333373996824399e+01
8.901753250764706138e+00
8.428916351428277665e+00
8.054259354527887993e+00
5.057844116753203778e+00
3.574506904368069726e+00
4.267885161294760366e+00
2.754568293648752331e+00
2.690949820695287542e+00
1.897199313297103229e+00
1.445629188277547161e+00
6.817945071647321109e-01
5.075119302784910635e-01
0.000000000000000000e+00
0.000000000000000000e+00
0.000000000000000000e+00
0.000000000000000000e+00
0.000000000000000000e+00
