0.000000000000000000e+00
1.739926363384381724e-01
1.240195927061526898e-01
2.420614591379635638e-01
1.240195927061526898e-01
2.914805954090254891e-01
3.630921887069453180e-01
4.590134631740119264e-01
6.091746465505601948e-01
5.410403029118995288e-01
7.246699140815768825e-01
7.395099728874520162e-01
9.098795850962917431e-01
1.121086944665756091e+00
1.068000468164691297e+00
1.585379366074568308e+00
1.789659425526264780e+00
1.956559480312316079e+00
2.210095356398678046e+00
2.210537176655257952e+00
2.749289680990346429e+00
2.351030359225503297e+00
3.792435676366179287e+00
3.394007529363333830e+00
3.287642582459352258e+00
4.463392767839280850e+00
4.179096044601033455e+00
5.264025164975942417e+00
6.314491486602464398e+00
6.418889969262598250e+00
5.857603898993170688e+00
7.054596656391844967e+00
7.404535666569511676e+00
7.951375053056860764e+00
1.001171189157978070e+01
9.534272061882857585e+00
1.104216660621342960e+01
1.042528289484270942e+01
1.109554342897971857e+01
1.314632753792385245e+01
1.412413575895884676e+01
1.577128398189253389e+01
1.388481494070050637e+01
1.726408364160620579e+01
1.572207345581364457e+01
1.633651847663693601e+01
2.155724573664270238e+01
1.689829844198447617e+01
1.718209432037826545e+01
1.807260071169545412e+01
1.760808557834652888e+01
1.824397910099384035e+01
1.457510184355498772e+01
1.826412124905000667e+01
1.660930150501143032e+01
1.844033346871742296e+01
1.699629440311916895e+01
1.664823769530502062e+01
1.601457313618989176e+01
1.518621393731828029e+01
1.645643366542018882e+01
1.285745732967350818e+01
1.117037795913817710e+01
1.326822891110565728e+01
1.236985964893599821e+01
1.323354483818961569e+01
9.791927079870438533e+00
1.195891403932647989e+01
9.370623978690000300e+00
9.299697575727932986e+00
9.019929648249757292e+00
8.417279010315626309e+00
5.943007314272800379e+00
7.465545860819555735e+00
4.966980817106102286e+00
4.587687325875641875e+00
4.972752908035447561e+00
3.939452640834129937e+00
4.141273534116648669e+00
3.473110997362450991e+00
3.148311489413809561e+00
2.438100887473690914e+00
2.113884069521079656e+00
2.310810193417018876e+00
1.360362428729932294e+00
1.866386465204888934e+00
1.033496605884605790e+00
1.182142519961108640e+00
7.716598890541090938e-01
6.606992034958116822e-01
5.208072910155924218e-01
2.113710821635731707e-01
3.476343040826092023e-01
4.145780987944249762e-01
3.121091305537215255e-01
2.420614591379635638e-01
3.121091305537215255e-01
0.000000000000000000e+00
0.000000000000000000e+00
2.113710821635731707e-01
