0.000000000000000000e+00
1.240195927061526898e-01
0.000000000000000000e+00
0.000000000000000000e+00
0.000000000000000000e+00
0.000000000000000000e+00
0.000000000000000000e+00
0.000000000000000000e+00
0.000000000000000000e+00
0.000000000000000000e+00
2.420614591379635638e-01
6.123724356957944703e-01
6.356514252127497544e-01
1.015504800579495104e+00
1.413868253232952288e+00
1.841099790206929487e+00
2.454617380443437025e+00
2.768360229337034628e+00
3.297726489568229891e+00
3.724096734024910038e+00
4.104113789845500904e+00
4.508563899680251730e+00
6.017532165213161477e+00
5.751846680360578112e+00
6.227145714530855969e+00
8.590908621182045124e+00
7.146195857543718333e+00
8.251405538414349650e+00
9.557341337291454408e+00
8.828650426841862853e+00
1.136279178324477535e+01
1.170502321054405215e+01
1.151967364378761438e+01
1.206262143721255953e+01
1.221334399271448490e+01
1.443350018998770068e+01
1.294933599588700979e+01
1.732895624696926262e+01
1.804588741886568926e+01
1.651643801215549701e+01
1.927990144189993060e+01
2.254819058012194333e+01
2.422808287917143488e+01
2.271842223800708993e+01
2.822128916455403669e+01
2.388309744882350927e+01
2.604904010197640574e+01
2.760080512157887966e+01
2.694391146872285603e+01
3.356242725783550895e+01
2.860752741849599445e+01
3.227124648366367410e+01
3.524428907084628548e+01
3.776324271033937663e+01
3.987695919951770662e+01
4.178394659865646332e+01
4.119845264084562331e+01
4.401967943697881225e+01
4.282483570002779061e+01
3.992902638980194041e+01
4.184690055353562599e+01
4.772672043782183238e+01
4.150317370677060325e+01
4.460187382204362194e+01
4.519852044038609762e+01
4.437715388698755703e+01
3.561726889796577211e+01
3.843876712850420319e+01
3.990569938931029270e+01
3.444627553796636477e+01
2.822883177461254789e+01
2.742260059581330012e+01
2.563772073740906876e+01
2.331333255048224373e+01
1.864726411526299543e+01
1.580545791807374378e+01
1.556782508041425217e+01
1.670480580878972532e+01
1.371643630831273875e+01
1.161650185014296888e+01
1.232913493962066198e+01
9.094864085536132237e+00
9.833762294227728518e+00
8.712181105175385909e+00
6.754628043053148012e+00
6.642665127793211610e+00
5.273547452557433957e+00
4.261903138197183694e+00
3.807373602629508191e+00
2.921457189379129016e+00
2.034792583870650873e+00
1.844544320421713346e+00
1.249609313945762912e+00
1.052225134833320697e+00
6.830466560748248428e-01
6.073684914242752919e-01
2.113710821635731707e-01
2.683681880830885436e-01
2.420614591379635638e-01
0.000000000000000000e+00
