7.534214973834720830e-01
7.905489105604912581e-01
8.295059036127917507e-01
8.703826353269303873e-01
9.132737073710802678e-01
9.582783832331709384e-01
1.005500817947952319e+00
1.055050299144642434e+00
1.107041499973019816e+00
1.161594744493312126e+00
1.218836286144076464e+00
1.278898599932532631e+00
1.341920689023573532e+00
1.408048406436991584e+00
1.477434792597435598e+00
1.550240429518291663e+00
1.626633812439180593e+00
1.706791739777164585e+00
1.790899722294123642e+00
1.879152412427254504e+00
1.971754054776289955e+00
2.068918958790014972e+00
2.170871994746021549e+00
2.277849114171554223e+00
2.390097895909872427e+00
2.507878119095891645e+00
2.631462364367151530e+00
2.761136644701507770e+00
2.897201067341501179e+00
3.039970528337304412e+00
3.189775441315642279e+00
3.346962502161289876e+00
3.511895491380848888e+00
3.684956116005744686e+00
3.866544892982855863e+00
4.057082076097239920e+00
4.257008628572122255e+00
4.466787243597077683e+00
4.686903415146214336e+00
4.917866561564570027e+00
5.160211204523069028e+00
5.414498206070489594e+00
5.681316066645406337e+00
5.961282287052073414e+00
6.255044797552324454e+00
6.563283457380860497e+00
6.886711628154236209e+00
7.226077824814971962e+00
7.582167447931539961e+00
7.955804601363359652e+00
8.347853999497413469e+00
8.759222968470467663e+00
9.190863546008326779e+00
9.643774684741835301e+00
1.011900456409879645e+01
1.061765301612222245e+01
1.114087407082907077e+01
1.168987862700021552e+01
1.226593725458267237e+01
1.287038313518978860e+01
1.350461514750456438e+01
1.417010110472677198e+01
1.486838115155633311e+01
1.560107132857456413e+01
1.636986731227255021e+01
1.717654833938211212e+01
1.802298132459158708e+01
1.891112518117606101e+01
1.984303535454147038e+01
2.082086857917441236e+01
2.184688787000701282e+01
2.292346775974823103e+01
2.405309979430254685e+01
2.523839829899416287e+01
2.648210642894152045e+01
2.778710251758467464e+01
2.915640673805804894e+01
3.059318809282492069e+01
3.210077174775010178e+01
3.368264672758399314e+01
3.534247399066790507e+01
3.708409490154789268e+01
3.891154012110576588e+01
4.082903893478130897e+01
4.284102904047468030e+01
4.495216681878102349e+01
4.716733810932587545e+01
4.949166951814123649e+01
5.193054028225122210e+01
5.448959471892551676e+01
5.717475528841241328e+01
5.999223630038230226e+01
6.294855829580314577e+01
6.605056313753178188e+01
6.930542984454557143e+01
7.272069120645979012e+01
7.630425121678223377e+01
8.006440336525038504e+01
8.400984983158635089e+01
8.814972162508938425e+01
