6.174658523820730771e-01
6.483472142134023564e-01
6.807730477023599125e-01
7.148205966154043134e-01
7.505709679167594794e-01
7.881093249787886057e-01
8.275250904554110054e-01
8.689121593018418466e-01
9.123691224481017548e-01
9.579995016591257295e-01
1.005911996140945952e+00
1.056220741480407233e+00
1.109045581535251790e+00
1.164512353922260823e+00
1.222753189783535310e+00
1.283906828545006595e+00
1.348118948416987539e+00
1.415542513424069559e+00
1.486338137791048730e+00
1.560674468552911698e+00
1.638728587300319672e+00
1.720686432017617840e+00
1.806743240018256591e+00
1.897104013032773651e+00
1.991984005557251747e+00
2.091609237625582818e+00
2.196217033227044535e+00
2.306056585651792723e+00
2.421389551111017724e+00
2.542490672045863764e+00
2.669648431609940697e+00
2.803165740884517199e+00
2.943360660463447687e+00
3.090567158126784175e+00
3.245135904407962624e+00
3.407435107949746911e+00
3.577851392638895067e+00
3.756790718609003044e+00
3.944679349305550531e+00
4.141964866916812760e+00
4.349117238589609968e+00
4.566629935969756637e+00
4.795021110734187353e+00
5.034834828915022875e+00
5.286642366956001204e+00
5.551043572588635122e+00
5.828668293769996289e+00
6.120177879086025285e+00
6.426266753194652459e+00
6.747664071061628910e+00
7.085135454929793575e+00
7.439484818159484369e+00
7.811556280284817966e+00
8.202236177847799681e+00
8.612455175800421969e+00
9.043190484504464166e+00
9.495468187610242694e+00
9.970365686359730972e+00
1.046901426613677444e+01
1.099260179137836424e+01
1.154237553526666638e+01
1.211964515094266126e+01
1.272578579131929288e+01
1.336224138492602798e+01
1.403052807558843718e+01
1.473223783413678056e+01
1.546904225074711015e+01
1.624269651694909555e+01
1.705504360678622433e+01
1.790801866708861567e+01
1.880365362731692613e+01
1.974408203995867339e+01
2.073154416300759451e+01
2.176839229663340447e+01
2.285709638675479027e+01
2.400024990886433329e+01
2.520057604612148339e+01
2.646093417643094625e+01
2.778432668395978666e+01
2.917390611131942535e+01
3.063298266945014348e+01
3.216503212309795146e+01
3.377370407066838709e+01
3.546283063818125214e+01
3.723643560803662922e+01
3.909874400433841402e+01
4.105419215760949925e+01
4.310743827287411989e+01
4.526337352628242172e+01
4.752713371671125486e+01
4.990411150009730079e+01
5.239996923564685005e+01
5.502065247452375019e+01
5.777240412314807827e+01
6.066177931484490671e+01
6.369566102526990647e+01
6.688127646881009980e+01
7.022621431501910649e+01
7.373844276609895587e+01
7.742632853849241314e+01
