6.635468750000000000e+02
2.006765625000000000e+03
3.265921875000000000e+03
4.292578125000000000e+03
5.127906250000000000e+03
5.733843750000000000e+03
6.434968750000000000e+03
6.956875000000000000e+03
7.233703125000000000e+03
7.434234375000000000e+03
7.932140625000000000e+03
8.320609375000000000e+03
8.666406250000000000e+03
8.775312500000000000e+03
9.184156250000000000e+03
9.586921875000000000e+03
9.496859375000000000e+03
9.774796875000000000e+03
9.764296875000000000e+03
1.001229687500000000e+04
1.010734375000000000e+04
9.901187500000000000e+03
9.679234375000000000e+03
9.589500000000000000e+03
9.266750000000000000e+03
8.851937500000000000e+03
8.128453125000000000e+03
7.586343750000000000e+03
6.777187500000000000e+03
5.986000000000000000e+03
5.328078125000000000e+03
4.223968750000000000e+03
3.330437500000000000e+03
2.646796875000000000e+03
1.903656250000000000e+03
1.287031250000000000e+03
9.746562500000000000e+02
6.682500000000000000e+02
4.375781250000000000e+02
2.659687500000000000e+02
1.467500000000000000e+02
9.276562500000000000e+01
5.209375000000000000e+01
1.542187500000000000e+01
7.718750000000000000e+00
2.875000000000000000e+00
0.000000000000000000e+00
0.000000000000000000e+00
0.000000000000000000e+00
0.000000000000000000e+00
