0.000000000000000000e+00
1.739926363384381724e-01
1.739926363384381724e-01
1.240195927061526898e-01
2.420614591379635638e-01
2.420614591379635638e-01
3.586950088515311608e-01
4.496092053105674724e-01
6.073684914242752919e-01
7.064159097160821466e-01
8.076779989575053609e-01
7.799989983967927643e-01
1.197225797155657689e+00
1.438518660810488070e+00
1.374200762034063272e+00
1.630324809470493186e+00
1.628601777599422817e+00
1.713913650100260977e+00
1.801624158745380511e+00
2.392564572665699441e+00
2.406807971021992287e+00
2.317930700943192424e+00
3.012992698298487593e+00
3.373806212480942257e+00
3.969488120337432147e+00
3.654747287347649198e+00
4.149077457700687255e+00
4.985697316762720988e+00
6.344288770224760121e+00
5.409771252095600502e+00
5.930567498930856551e+00
7.384378967413238293e+00
7.897521738455361984e+00
8.569340333421237688e+00
8.796181144927325946e+00
1.002680733007147218e+01
1.185652345493821436e+01
1.095231139988267444e+01
1.075431417792413136e+01
1.319294170901622643e+01
1.506009284448057528e+01
1.533562507641520867e+01
1.348143254396579316e+01
1.782690618094948576e+01
1.586749330392169988e+01
1.730318313156209342e+01
1.704170407366514084e+01
1.742010220800957399e+01
1.709194317461812318e+01
1.928892169096033271e+01
2.051151901028724467e+01
1.788569801152236138e+01
1.961813175993065883e+01
1.688515319555910921e+01
1.821330187622153929e+01
1.944588218580928896e+01
1.453121639781061170e+01
1.760409193154747598e+01
1.498071677190380591e+01
1.420153490824143283e+01
1.606721112817965036e+01
1.317190280246176037e+01
1.482594326678744601e+01
1.497468567074113999e+01
1.228947720613045469e+01
1.261121424008707415e+01
1.393031625403745011e+01
9.316850913130465983e+00
1.208805583003321438e+01
9.631846185311516706e+00
1.025303642143999205e+01
1.023101089748100101e+01
7.095728661270454651e+00
6.637940633914633182e+00
7.841804415080434687e+00
6.437025923077753120e+00
5.455698712126614502e+00
6.252187117321425625e+00
5.110879938914628440e+00
4.696657721188547185e+00
3.609577916374018258e+00
4.801504280886875975e+00
2.678035660703568688e+00
3.440907402125200854e+00
2.025171192609405146e+00
2.297884557043717191e+00
2.274980683297113337e+00
1.387637239834316416e+00
1.313150880278043386e+00
1.227830753554821186e+00
1.309520427484810234e+00
1.165503512435719813e+00
5.605434723328780455e-01
5.219779090153146006e-01
4.525858861862574467e-01
5.877575898063758242e-01
2.914805954090254891e-01
2.683681880830885436e-01
1.739926363384381724e-01
0.000000000000000000e+00
