0.000000000000000000e+00
1.968750000000000000e+00
7.875000000000000000e+00
3.248437500000000000e+01
4.528125000000000000e+01
9.450000000000000000e+01
1.643906250000000000e+02
2.470781250000000000e+02
3.474218750000000000e+02
5.207343750000000000e+02
6.309218750000000000e+02
7.875000000000000000e+02
9.144687500000000000e+02
1.167437500000000000e+03
1.409546875000000000e+03
1.583765625000000000e+03
1.804156250000000000e+03
2.106421875000000000e+03
2.391828125000000000e+03
2.821140625000000000e+03
2.908531250000000000e+03
3.225609375000000000e+03
3.669453125000000000e+03
4.110546875000000000e+03
4.368265625000000000e+03
4.739468750000000000e+03
5.186281250000000000e+03
5.699093750000000000e+03
6.125937500000000000e+03
6.607406250000000000e+03
7.020046875000000000e+03
7.532703125000000000e+03
8.201093750000000000e+03
8.969468750000000000e+03
9.387062500000000000e+03
1.013395312500000000e+04
1.094484375000000000e+04
1.138660937500000000e+04
1.225103125000000000e+04
1.311700000000000000e+04
1.387642187500000000e+04
1.481134375000000000e+04
1.566453125000000000e+04
1.638490625000000000e+04
1.740473437500000000e+04
1.828850000000000000e+04
1.928100000000000000e+04
2.044264062500000000e+04
2.125015625000000000e+04
2.261481250000000000e+04
2.315951562500000000e+04
2.375837500000000000e+04
2.494390625000000000e+04
2.567495312500000000e+04
2.652070312500000000e+04
2.709515625000000000e+04
2.798515625000000000e+04
2.844373437500000000e+04
2.898317187500000000e+04
2.919821875000000000e+04
2.918764062500000000e+04
2.922867187500000000e+04
2.879890625000000000e+04
2.849470312500000000e+04
2.800521875000000000e+04
2.701353125000000000e+04
2.611623437500000000e+04
2.465031250000000000e+04
2.304621875000000000e+04
2.101548437500000000e+04
1.878003125000000000e+04
1.667718750000000000e+04
1.457239062500000000e+04
1.271625000000000000e+04
1.070537500000000000e+04
8.907500000000000000e+03
7.402921875000000000e+03
6.052296875000000000e+03
5.109109375000000000e+03
3.880671875000000000e+03
3.096109375000000000e+03
2.287609375000000000e+03
1.669812500000000000e+03
1.281625000000000000e+03
8.908750000000000000e+02
6.096250000000000000e+02
4.336562500000000000e+02
2.741718750000000000e+02
1.819687500000000000e+02
1.337343750000000000e+02
8.743750000000000000e+01
4.325000000000000000e+01
2.851562500000000000e+01
7.875000000000000000e+00
7.859375000000000000e+00
1.968750000000000000e+00
2.937500000000000000e+00
0.000000000000000000e+00
9.843750000000000000e-01
0.000000000000000000e+00
