0.000000000000000000e+00
1.968750000000000000e+00
1.279687500000000000e+01
3.346875000000000000e+01
5.315625000000000000e+01
1.260000000000000000e+02
1.555312500000000000e+02
2.687343750000000000e+02
3.711093750000000000e+02
5.049531250000000000e+02
6.673593750000000000e+02
7.540156250000000000e+02
1.007000000000000000e+03
1.143812500000000000e+03
1.413468750000000000e+03
1.654578125000000000e+03
1.871187500000000000e+03
2.089687500000000000e+03
2.381093750000000000e+03
2.597625000000000000e+03
2.988343750000000000e+03
3.260078125000000000e+03
3.633125000000000000e+03
4.013078125000000000e+03
4.273968750000000000e+03
4.761171875000000000e+03
5.307406250000000000e+03
5.598593750000000000e+03
6.064281250000000000e+03
6.536796875000000000e+03
7.061031250000000000e+03
7.681421875000000000e+03
8.112468750000000000e+03
8.726687500000000000e+03
9.502218750000000000e+03
1.011039062500000000e+04
1.082617187500000000e+04
1.151860937500000000e+04
1.214842187500000000e+04
1.296096875000000000e+04
1.382292187500000000e+04
1.455087500000000000e+04
1.561207812500000000e+04
1.600676562500000000e+04
1.686412500000000000e+04
1.809470312500000000e+04
1.903459375000000000e+04
1.966512500000000000e+04
2.075703125000000000e+04
2.187842187500000000e+04
2.279679687500000000e+04
2.368506250000000000e+04
2.473845312500000000e+04
2.530903125000000000e+04
2.647137500000000000e+04
2.712279687500000000e+04
2.828806250000000000e+04
2.890367187500000000e+04
2.920151562500000000e+04
2.979503125000000000e+04
3.039025000000000000e+04
3.049082812500000000e+04
3.042507812500000000e+04
3.056396875000000000e+04
3.039290625000000000e+04
2.984221875000000000e+04
2.924146875000000000e+04
2.780937500000000000e+04
2.686451562500000000e+04
2.487848437500000000e+04
2.351814062500000000e+04
2.083317187500000000e+04
1.871987500000000000e+04
1.669803125000000000e+04
1.459614062500000000e+04
1.219214062500000000e+04
1.062075000000000000e+04
8.765296875000000000e+03
7.271578125000000000e+03
6.018125000000000000e+03
4.833750000000000000e+03
3.832875000000000000e+03
3.094375000000000000e+03
2.255203125000000000e+03
1.695687500000000000e+03
1.262718750000000000e+03
9.057656250000000000e+02
6.579375000000000000e+02
4.799062500000000000e+02
3.008906250000000000e+02
2.252343750000000000e+02
1.317500000000000000e+02
8.257812500000000000e+01
5.115625000000000000e+01
2.751562500000000000e+01
2.360937500000000000e+01
8.843750000000000000e+00
5.890625000000000000e+00
1.968750000000000000e+00
0.000000000000000000e+00
