4.220370059307596122e+00
9.682849186028613886e+00
1.096015510839148632e+01
1.543354579924846703e+01
1.565646831185117627e+01
1.568858935460738024e+01
1.758805969258689927e+01
2.184882362393911492e+01
2.026173945981686941e+01
2.232079240164873823e+01
1.952141627442473748e+01
2.414488736642811517e+01
2.671681279526994857e+01
2.930423240948950436e+01
3.180924590429644283e+01
2.794340244555725050e+01
3.511664435759060154e+01
3.842435941540698252e+01
3.673551146689501223e+01
3.984101399919905617e+01
3.190157822678017752e+01
4.260995656460470826e+01
3.883963612064838600e+01
4.031617897456770550e+01
4.214175471233222225e+01
4.243514122678868006e+01
3.926009710392187912e+01
3.317278393125906888e+01
3.136024304354161174e+01
3.260301806749453135e+01
2.679938034935462809e+01
2.274488588637839115e+01
1.754767501515514283e+01
1.765698975220224298e+01
1.341640786499873883e+01
1.321057482130792771e+01
9.455268352055112402e+00
7.758500882097004947e+00
4.941231778046340395e+00
4.693511769919726184e+00
3.376735664810024851e+00
2.696161551052718153e+00
1.470743328218761636e+00
7.340424779091465624e-01
5.960072225862703688e-01
2.113710821635731707e-01
0.000000000000000000e+00
0.000000000000000000e+00
0.000000000000000000e+00
0.000000000000000000e+00
