1.499480789495216404e-01
1.574631058518438653e-01
1.653547673181983424e-01
1.736419393415346568e-01
1.823444439328893996e-01
1.914830965334736457e-01
2.010797558029361054e-01
2.111573759028918529e-01
2.217400614007713766e-01
2.328531249253154023e-01
2.445231477116201757e-01
2.567780431805508079e-01
2.696471237045974245e-01
2.831611707198715688e-01
2.973525083519411583e-01
3.122550807316119004e-01
3.279045331855831580e-01
3.443382974961790577e-01
3.615956814340870462e-01
3.797179627782547029e-01
3.987484880478328608e-01
4.187327761823180783e-01
4.397186274178883636e-01
4.617562376203508956e-01
4.848983183481753723e-01
5.092002229327886598e-01
5.347200788777027869e-01
5.615189268931586319e-01
5.896608668988438939e-01
6.192132113439049457e-01
6.502466462109784961e-01
6.828354000893481768e-01
7.170574217216285628e-01
7.529945664486503709e-01
7.907327919985024378e-01
8.303623640880359869e-01
8.719780723286074675e-01
9.156794569524847605e-01
9.615710469022185070e-01
1.009762609852464355e+00
1.060369414762281970e+00
1.113512507585904032e+00
1.169319000801448238e+00
1.227922377450092473e+00
1.289462810412940641e+00
1.354087497689257402e+00
1.421951014478016084e+00
1.493215682904905250e+00
1.568051960279138513e+00
1.646638846808733625e+00
1.729164313749475212e+00
1.815825753011643950e+00
1.906830449299922847e+00
2.002396075915787499e+00
2.102751215408287244e+00
2.208135906318556607e+00
2.318802217325807824e+00
2.435014850168100597e+00
2.557051772780010612e+00
2.685204884161594752e+00
2.819780712568937808e+00
2.961101148696288821e+00
3.109504215603474897e+00
3.265344877230163867e+00
3.428995887430871914e+00
3.600848681561499731e+00
3.781314312749984641e+00
3.970824435090520854e+00
4.169832336113043603e+00
4.378814020997529255e+00
4.598269351126432092e+00
4.828723239698568648e+00
5.070726907264187844e+00
5.324859200184376640e+00
5.591727975168381271e+00
5.871971553200512339e+00
6.166260246334274164e+00
6.475297961005642478e+00
6.799823881700439721e+00
7.140614239002946562e+00
7.498484166254745453e+00
7.874289649264712310e+00
8.268929573733650784e+00
8.683347875290788664e+00
9.118535797284778255e+00
9.575534261729609753e+00
1.005543635907645772e+01
1.055938996276675468e+01
1.108860047482017741e+01
1.164433370902472475e+01
1.222791891862515534e+01
1.284075197575167415e+01
1.348429871019370907e+01
1.416009841550482307e+01
1.486976753082488045e+01
1.561500350722604935e+01
1.639758886783052461e+01
1.721939547141128202e+01
1.808238898967398711e+01
1.898863360892916674e+01
