0.000000000000000000e+00
1.240195927061526898e-01
1.240195927061526898e-01
2.997394702070449446e-01
2.914805954090254891e-01
3.307189138830738395e-01
4.166341133116682194e-01
4.236075534914361951e-01
5.226790213649290529e-01
7.064159097160821466e-01
7.648273906575260295e-01
1.136121245455343098e+00
1.133539637319754156e+00
1.142977027054787209e+00
1.049088145724657473e+00
1.672313026731239605e+00
1.433077435974762670e+00
2.125000000000000000e+00
2.162299033291880335e+00
2.524682838991860301e+00
2.865302939917522718e+00
2.816663584810937149e+00
3.091697551507909036e+00
3.603383826349893404e+00
3.729108472544074626e+00
4.304680410611221753e+00
4.713262537775717576e+00
5.154426760986618561e+00
5.497780091773406319e+00
6.077602805331638436e+00
7.906666861540013080e+00
6.865743057701402030e+00
7.833830256290660543e+00
7.516502027830165744e+00
1.087984805730300586e+01
1.013877101696132677e+01
1.245303677823204680e+01
1.377404679948398503e+01
1.335157849984412870e+01
1.813985786491655361e+01
1.241658692472995895e+01
1.516162920005630532e+01
1.560048076182269483e+01
1.516932425777430637e+01
1.859393382262075178e+01
1.801559112095686999e+01
1.713158518460857493e+01
1.653463900753127902e+01
1.884286896779521570e+01
1.937862239322947744e+01
1.642120598066338744e+01
2.442262974681473509e+01
2.038340988248776853e+01
1.828244520665589334e+01
1.669414076667319691e+01
1.427854015592543035e+01
1.219638097897794360e+01
1.664589118549604763e+01
1.670691754184475641e+01
1.461267509518705410e+01
1.505510710689233278e+01
1.484791882249411366e+01
1.335805000739254567e+01
1.175095574570426216e+01
1.222046822957287482e+01
1.103659351812754785e+01
1.088351633133221341e+01
1.102620281137164682e+01
1.122009915285956794e+01
1.062406935262449181e+01
7.891460351821772079e+00
9.579794409980832981e+00
6.025904366773505494e+00
7.257118676470366125e+00
5.464283890639284991e+00
4.229615637088079083e+00
4.385673364419083065e+00
4.528743919054708300e+00
4.474646459498225148e+00
3.849937854612071497e+00
3.176451439893265505e+00
3.572764816986978786e+00
2.418949846395125114e+00
2.742487964308138793e+00
2.200796641985578894e+00
1.093191821856987822e+00
1.434780035406124643e+00
1.316956719106592288e+00
9.348922063532244531e-01
6.700556763247365044e-01
7.206157848500128749e-01
4.635124054434789365e-01
4.023247871744916604e-01
2.914805954090254891e-01
0.000000000000000000e+00
2.113710821635731707e-01
0.000000000000000000e+00
2.420614591379635638e-01
0.000000000000000000e+00
1.739926363384381724e-01
