0.000000000000000000e+00
1.240195927061526898e-01
1.739926363384381724e-01
2.683681880830885436e-01
2.914805954090254891e-01
1.240195927061526898e-01
3.213588093937989609e-01
3.476343040826092023e-01
4.831132760543845883e-01
5.960072225862703688e-01
8.003905296791060664e-01
7.441175562369161112e-01
9.980449639169569620e-01
1.018865024181319079e+00
1.488235112473832222e+00
1.344839674459375800e+00
1.639880783586111779e+00
1.417575918381446032e+00
1.724634811887722607e+00
2.546443598432920119e+00
2.596525247205387910e+00
2.479161195722254796e+00
3.382947817732339768e+00
3.001139106656004252e+00
4.016050561107889827e+00
3.745700660423894490e+00
3.725833589614544028e+00
4.576791614698554334e+00
5.719262272137902059e+00
6.293733707774344488e+00
6.175809663517812353e+00
6.549018891215690807e+00
8.129070494796744484e+00
9.750000000000000000e+00
1.038383236620155614e+01
7.881678096025934721e+00
9.921567416492214520e+00
1.208844966215167638e+01
1.199421043605518022e+01
1.184168847493886823e+01
1.549432072113440562e+01
1.214792251721976513e+01
1.443922473464209233e+01
1.445277026591701564e+01
1.847525266234537966e+01
1.802157994599807722e+01
2.093226963588456613e+01
1.764343423158810609e+01
1.860358852101860094e+01
2.116346696513534553e+01
2.021679376162303399e+01
2.180053732673520628e+01
1.584544492906399960e+01
1.849128146544676454e+01
1.639728921956309193e+01
1.748279706910124176e+01
1.660560428740851435e+01
1.941718567685273555e+01
1.904978443734665916e+01
1.285739087062379049e+01
1.611285274051432381e+01
1.417220231154547783e+01
1.408730451284063001e+01
1.293628277788387670e+01
1.188526488911269574e+01
1.314216697254965638e+01
1.219574040328732956e+01
1.225317839825141064e+01
9.400057658566515428e+00
9.694553883495618862e+00
8.452402926646067627e+00
8.632243335309773613e+00
7.428763250871574186e+00
6.964176610294644298e+00
6.593083497120296954e+00
5.246650717362458138e+00
5.542449819348840734e+00
4.391820344401623721e+00
4.533270023876252885e+00
3.278570334383570817e+00
4.084555514373626295e+00
2.645751311064590716e+00
2.644089812676566620e+00
2.562833438671932029e+00
2.034852574512463264e+00
1.579903082470567321e+00
1.585995226781909295e+00
1.103970108290980967e+00
1.298662172198759235e+00
7.603453162872774174e-01
4.798172666495027494e-01
4.416654382844553139e-01
3.772717646140511527e-01
3.772717646140511527e-01
1.739926363384381724e-01
3.307189138830738395e-01
0.000000000000000000e+00
0.000000000000000000e+00
0.000000000000000000e+00
2.420614591379635638e-01
