2.495776092559911230e-01
2.608594164561090500e-01
2.726512019915435237e-01
2.849760187205712669e-01
2.978579615737261266e-01
3.113222146592190542e-01
3.253951004976938233e-01
3.401041314825711259e-01
3.554780636665851312e-01
3.715469529796651127e-01
3.883422139880692292e-01
4.058966813096411830e-01
4.242446738052586541e-01
4.434220616719666830e-01
4.634663365689619119e-01
4.844166849135239650e-01
5.063140644901874543e-01
5.292012845229246976e-01
5.531230893668785953e-01
5.781262459832644529e-01
6.042596353684526189e-01
6.315743481159736827e-01
6.601237842982723425e-01
6.899637578634753021e-01
7.211526057512701593e-01
7.537513019412136472e-01
7.878235766564363196e-01
8.234360409557829330e-01
8.606583169579662407e-01
8.995631739523228809e-01
9.402266706622652848e-01
9.827283039395534603e-01
1.027151164180085230e+00
1.073582097765038768e+00
1.122111876844940737e+00
1.172835376798585738e+00
1.225851761713738997e+00
1.281264678252233891e+00
1.339182458278471710e+00
1.399718330647458986e+00
1.462990642566427635e+00
1.529123090962797304e+00
1.598244964310802763e+00
1.670491395389559708e+00
1.746003625466699960e+00
1.824929280424063993e+00
1.907422659365268336e+00
1.993645036269372062e+00
2.083764975280380405e+00
2.177958660248966893e+00
2.276410239170669314e+00
2.379312184193933977e+00
2.486865667901819954e+00
2.599280956602993076e+00
2.716777821400888637e+00
2.839585967844681313e+00
2.967945485002027706e+00
3.102107314831517915e+00
3.242333742772447458e+00
3.388898910511016993e+00
3.542089351925413965e+00
3.702204553257538500e+00
3.869557538606514413e+00
4.044475481888613722e+00
4.227300346459977654e+00
4.418389553652582791e+00
4.618116681530449519e+00
4.826872195232144058e+00
5.045064210327392829e+00
5.273119290680168270e+00
5.511483282378065951e+00
5.760622185358281300e+00
6.021023064434231742e+00
6.293195001503862684e+00
6.577670090801194469e+00
6.875004479136833879e+00
7.185779453161099006e+00
7.510602575775356726e+00
7.850108873913248075e+00
8.204962080013899595e+00
8.575855929614206730e+00
8.963515517596951199e+00
9.368698715746232253e+00
9.792197654381505245e+00
1.023484027096682070e+01
1.069749192872276744e+01
1.118105710840553613e+01
1.168648117656044505e+01
1.221475223370695851e+01
1.276690304606827908e+01
1.334401306462208936e+01
1.394721053541966960e+01
1.457767470529904763e+01
1.523663812730431566e+01
1.592538907031819306e+01
1.664527403761873003e+01
1.739770039928376377e+01
1.818413914358959715e+01
1.900612775278279543e+01
1.986527320884721348e+01
