6.293807259138962662e-01
6.605048431030997591e-01
6.931681092222305995e-01
7.274466382190065694e-01
7.634203080258540330e-01
8.011729466963702917e-01
8.407925277465988501e-01
8.823713751563174723e-01
9.260063785080423493e-01
9.717992187650812408e-01
1.019856605214755962e+00
1.070290524128932885e+00
1.123218499721309493e+00
1.178763868009549798e+00
1.237056064220444451e+00
1.298230924407820730e+00
1.362431001986053936e+00
1.429805899916784639e+00
1.500512619322921681e+00
1.574715925342296874e+00
1.652588731073503681e+00
1.734312500508612631e+00
1.820077671391706176e+00
1.910084098988597434e+00
2.004541521801841863e+00
2.103670050316266416e+00
2.207700679913936259e+00
2.316875829153771438e+00
2.431449904670155426e+00
2.551689894006887727e+00
2.677875987767950328e+00
2.810302232534851896e+00
2.949277216072020646e+00
3.095124786416956209e+00
3.248184806530804547e+00
3.408813946267896799e+00
3.577386513509728250e+00
3.754295326400172161e+00
3.939952628714421756e+00
4.134791050494745157e+00
4.339264616191567114e+00
4.553849802659109436e+00
4.779046649471007768e+00
5.015379924143222645e+00
5.263400344979508816e+00
5.523685864389023870e+00
5.796843015666503618e+00
6.083508326373368469e+00
6.384349801613339537e+00
6.700068480658917913e+00
7.031400070556134807e+00
7.379116660514282167e+00
7.744028521075565941e+00
8.126985992257267810e+00
8.528881465066257661e+00
8.950651461003287679e+00
9.393278814402878041e+00
9.857794962694228502e+00
1.034528234992001394e+01
1.085687694911395518e+01
1.139377090941488824e+01
1.195721533408587334e+01
1.254852319591185861e+01
1.316907239676939056e+01
1.382030897849818096e+01
1.450375049255660187e+01
1.522098953631317997e+01
1.597369746421476577e+01
1.676362828247932413e+01
1.759262273638879748e+01
1.846261259970678736e+01
1.937562517621640268e+01
2.033378802386793183e+01
2.133933391254496570e+01
2.239460602700189185e+01
2.350206342709681095e+01
2.466428677804372782e+01
2.588398436403712921e+01
2.716399839926200599e+01
2.850731165099578845e+01
2.991705439023581903e+01
3.139651168604895659e+01
3.294913106064110053e+01
3.457853052298515451e+01
3.628850699972760196e+01
3.808304518301998343e+01
3.996632681589316149e+01
4.194274043681178910e+01
4.401689160611574891e+01
4.619361363817971977e+01
4.847797886429914627e+01
5.087531045254770135e+01
5.339119481215043095e+01
5.603149461127760844e+01
5.880236243859366851e+01
6.171025514039712334e+01
6.476194886676036333e+01
6.796455486173013583e+01
7.132553603438512368e+01
7.485272434936484842e+01
