0.000000000000000000e+00
1.739926363384381724e-01
3.121091305537215255e-01
2.683681880830885436e-01
4.408354993645589026e-01
3.630921887069453180e-01
4.898879814559650714e-01
6.121730632549916562e-01
8.076779989575053609e-01
6.817945071647321109e-01
8.569568250501304885e-01
9.425644457409795285e-01
1.021138878593406574e+00
1.481329111811416466e+00
1.441231569700025750e+00
1.633914849181254070e+00
1.806495982385513122e+00
1.927392993138659305e+00
2.729862347720119153e+00
2.481129956164126238e+00
2.999348887675456599e+00
3.089446185706266501e+00
3.694247005480277846e+00
3.468046099751270539e+00
4.363349442730320327e+00
4.408354993645589026e+00
5.077524002897475519e+00
6.473183112609668832e+00
6.833807703935998568e+00
6.879810107072359848e+00
7.519619520585798966e+00
7.660521767477721511e+00
9.389767015713170295e+00
8.399916294225794999e+00
1.058134413720676648e+01
1.121274212391866243e+01
1.246118975058160316e+01
1.279777164135909295e+01
1.321335587341459572e+01
1.515750639122411769e+01
1.635085887461267262e+01
1.302265716393451633e+01
1.792910708483205440e+01
1.699551152832344059e+01
1.978852428452852052e+01
2.126607273591847402e+01
1.689119593160886978e+01
1.813334263820035375e+01
2.040907331158129878e+01
1.935931194501434405e+01
2.327707072387707044e+01
1.792516453027698020e+01
1.942156073760229518e+01
1.647967942601963998e+01
1.763380071721281084e+01
1.932531431665472255e+01
1.364262048691526097e+01
1.599052911833673463e+01
1.547962843495847629e+01
1.436545199210592116e+01
1.555791065613808577e+01
1.786526587010042277e+01
1.207297957993386106e+01
1.300982764045607887e+01
1.474576210305862745e+01
1.113078106465916406e+01
1.058443543310175805e+01
1.144090412115122213e+01
1.158956924283102907e+01
9.917580271290976413e+00
8.846772341333023704e+00
6.586099679201264934e+00
6.615559311199620929e+00
6.358568744959434582e+00
5.678908345800273594e+00
5.989248179028816566e+00
5.687156583038662561e+00
5.365453003941046184e+00
4.673076768508623857e+00
3.631325300424075309e+00
4.140566037316033565e+00
2.521780125229001968e+00
2.555631037532609007e+00
2.378081882000701697e+00
2.398679242703158909e+00
1.363589014329464222e+00
1.441231569700025750e+00
1.546085657192058704e+00
1.476955139594632316e+00
7.459198913925007002e-01
7.829668635229718454e-01
5.245440728623287363e-01
3.630921887069453180e-01
3.121091305537215255e-01
3.903123748998998943e-01
4.831132760543845883e-01
0.000000000000000000e+00
0.000000000000000000e+00
2.113710821635731707e-01
0.000000000000000000e+00
