7.050434157971003923e-01
7.403715881961485668e-01
7.774699774883592207e-01
8.164272853425712517e-01
8.573366580728455366e-01
9.002959093498446030e-01
9.454077540717906736e-01
9.927800539541812297e-01
1.042526075425465049e+00
1.094764760445301022e+00
1.149621010892925455e+00
1.207225987205591933e+00
1.267717421981126469e+00
1.331239949294415803e+00
1.397945450515220012e+00
1.467993417454152016e+00
1.541551333705103888e+00
1.618795075095902813e+00
1.699909330204663949e+00
1.785088041947294535e+00
1.874534871291974492e+00
1.968463684209346365e+00
2.067099063022708183e+00
2.170676843380837440e+00
2.279444678137341196e+00
2.393662629484756721e+00
2.513603790759189494e+00
2.639554939402207534e+00
2.771817222641224987e+00
2.910706877527813319e+00
3.056555987055546098e+00
3.209713274165247654e+00
3.370544935536093245e+00
3.539435517156141575e+00
3.716788833765784172e+00
3.903028934372472225e+00
4.098601116145268897e+00
4.303972989113417746e+00
4.519635594214610919e+00
4.746104577366194732e+00
4.983921422366499598e+00
5.233654745574136236e+00
5.495901655460817992e+00
5.771289180288381893e+00
6.060475767323563190e+00
6.364152857175114697e+00
6.683046537017494515e+00
7.017919276653945104e+00
7.369571751569879758e+00
7.738844757335444413e+00
8.126621219934587970e+00
8.533828306827283328e+00
8.961439643792433074e+00
9.410477642851876823e+00
9.882015946841564258e+00
1.037718199647478201e+01
1.089715972603529437e+01
1.144319239414565814e+01
1.201658555637923165e+01
1.261871018682305134e+01
1.325100595605551490e+01
1.391498467337619260e+01
1.461223390151821455e+01
1.534442075248601078e+01
1.611329587359395532e+01
1.692069763323683418e+01
1.776855651639982625e+01
1.865889974041805033e+01
1.959385610202138750e+01
2.057566106725428057e+01
2.160666211644008428e+01
2.268932435696973826e+01
2.382623641733516706e+01
2.502011663649932416e+01
2.627381956340237679e+01
2.759034278214340219e+01
2.897283407915723430e+01
3.042459896952259513e+01
3.194910860039688671e+01
3.355000805047496470e+01
3.523112504531506772e+01
3.699647910937105877e+01
3.885029117661227360e+01
4.079699368271096205e+01
4.284124116292638007e+01
4.498792138102606231e+01
4.724216701585250178e+01
4.960936793347790541e+01
5.209518407429002451e+01
5.470555898582070853e+01
5.744673403367560383e+01
6.032526332454131079e+01
6.334802937695231861e+01
6.652225957728514061e+01
6.985554346032598971e+01
7.335585085573013941e+01
7.703155094375979672e+01
8.089143226586320168e+01
8.494472373794009457e+01
8.920111671653516794e+01
