0.000000000000000000e+00
2.420614591379635638e-01
3.121091305537215255e-01
6.547602137424051172e-01
7.965685685331803656e-01
1.491839782785001400e+00
1.917678344867824736e+00
2.036231871466263055e+00
2.185713556255713730e+00
3.444843009394622513e+00
3.553682893756138217e+00
3.839428464954126596e+00
4.085959906726325030e+00
4.851279430147783067e+00
5.709414340313286651e+00
5.355706652721002214e+00
5.752865284740726892e+00
5.262610413034106038e+00
6.981962670651784997e+00
6.980983516623928686e+00
7.553907825589348590e+00
9.098084770124698295e+00
7.722844941106547623e+00
8.461078167113219806e+00
1.054561335046473225e+01
1.076742773367901407e+01
1.044525114510776120e+01
1.121592060421256676e+01
1.344352154327038740e+01
1.306339709838141516e+01
1.517386218963385680e+01
1.418060646126867930e+01
1.561496552789983028e+01
1.541907269372497069e+01
1.649144546234501618e+01
1.898178994745687831e+01
1.852378512168544233e+01
1.717368052382409260e+01
2.218459488023164283e+01
2.361006782570467166e+01
2.281027386398506351e+01
2.070136784996042323e+01
2.565864787820083137e+01
2.421516102439750284e+01
2.868630427110426950e+01
2.658475170915651020e+01
2.815288548155410808e+01
3.294327733368941580e+01
3.529423960945149474e+01
2.996871741395517219e+01
3.674231624073766511e+01
3.425247695765045108e+01
3.981065721304252492e+01
3.217044451045089204e+01
3.495957486869655639e+01
4.126390627337043782e+01
3.822644993469018004e+01
3.810971773626118164e+01
3.290537080378179269e+01
3.676482481598409890e+01
3.693781725752077705e+01
3.606810168257230487e+01
3.079568189596554362e+01
3.430065468922386174e+01
3.055674792496740722e+01
2.855565683204249083e+01
2.640707746484595475e+01
2.668804430797384342e+01
2.185811290137771579e+01
2.132429567271800863e+01
1.998102126863139105e+01
1.685136510373492058e+01
1.526963867399536667e+01
1.641062441682216999e+01
1.182678327925116690e+01
1.482092817975227206e+01
1.161019512580968716e+01
1.027393356692070547e+01
9.866293630335558618e+00
8.543489388856288613e+00
7.036022685749030892e+00
6.249511699675023735e+00
6.213938936727251061e+00
5.103972679136811408e+00
3.725833589614544028e+00
3.987774285237317695e+00
2.683863819197986000e+00
2.388121646817849886e+00
1.917678344867824736e+00
1.520690632574554835e+00
1.299038105676658006e+00
8.744417862270763564e-01
6.844748785565472060e-01
3.903123748998998943e-01
2.683681880830885436e-01
3.408972535823660555e-01
1.240195927061526898e-01
0.000000000000000000e+00
1.739926363384381724e-01
0.000000000000000000e+00
