0.000000000000000000e+00
9.843750000000000000e-01
0.000000000000000000e+00
9.843750000000000000e-01
2.953125000000000000e+00
4.890625000000000000e+00
4.890625000000000000e+00
1.073437500000000000e+01
1.370312500000000000e+01
1.273437500000000000e+01
1.367187500000000000e+01
2.448437500000000000e+01
5.087500000000000000e+01
4.309375000000000000e+01
6.462500000000000000e+01
6.754687500000000000e+01
1.154531250000000000e+02
1.429687500000000000e+02
1.633281250000000000e+02
2.340312500000000000e+02
2.360468750000000000e+02
2.819687500000000000e+02
3.788750000000000000e+02
4.668125000000000000e+02
5.389687500000000000e+02
6.359687500000000000e+02
7.623750000000000000e+02
9.207187500000000000e+02
1.073687500000000000e+03
1.340265625000000000e+03
1.469859375000000000e+03
1.679578125000000000e+03
1.968296875000000000e+03
2.240468750000000000e+03
2.660421875000000000e+03
2.929406250000000000e+03
3.314234375000000000e+03
3.758968750000000000e+03
4.127031250000000000e+03
4.697734375000000000e+03
5.026562500000000000e+03
5.486250000000000000e+03
5.946484375000000000e+03
6.349203125000000000e+03
6.670968750000000000e+03
7.258125000000000000e+03
7.487000000000000000e+03
7.800265625000000000e+03
7.813609375000000000e+03
8.200421875000000000e+03
8.272406250000000000e+03
8.216453125000000000e+03
8.167578125000000000e+03
7.985843750000000000e+03
7.772859375000000000e+03
7.599281250000000000e+03
7.293515625000000000e+03
7.005640625000000000e+03
6.642859375000000000e+03
6.095015625000000000e+03
5.831578125000000000e+03
5.534750000000000000e+03
4.895187500000000000e+03
4.543031250000000000e+03
4.172468750000000000e+03
3.756015625000000000e+03
3.491781250000000000e+03
2.957984375000000000e+03
2.616906250000000000e+03
2.299062500000000000e+03
1.948968750000000000e+03
1.679937500000000000e+03
1.507171875000000000e+03
1.232687500000000000e+03
1.058687500000000000e+03
8.753593750000000000e+02
6.993437500000000000e+02
5.871406250000000000e+02
4.548281250000000000e+02
3.810468750000000000e+02
2.947968750000000000e+02
2.174687500000000000e+02
1.816718750000000000e+02
1.290468750000000000e+02
8.942187500000000000e+01
6.251562500000000000e+01
4.687500000000000000e+01
2.971875000000000000e+01
2.301562500000000000e+01
2.100000000000000000e+01
9.578125000000000000e+00
6.671875000000000000e+00
2.843750000000000000e+00
2.875000000000000000e+00
1.937500000000000000e+00
1.890625000000000000e+00
0.000000000000000000e+00
9.531250000000000000e-01
0.000000000000000000e+00
9.531250000000000000e-01
