6.411406250000000000e+02
1.960906250000000000e+03
3.220546875000000000e+03
4.265531250000000000e+03
5.140109375000000000e+03
5.770671875000000000e+03
6.463734375000000000e+03
6.901781250000000000e+03
7.168531250000000000e+03
7.437187500000000000e+03
7.971281250000000000e+03
8.304500000000000000e+03
8.346546875000000000e+03
8.770562500000000000e+03
9.239625000000000000e+03
9.389468750000000000e+03
9.362109375000000000e+03
9.714484375000000000e+03
1.002385937500000000e+04
9.988546875000000000e+03
9.830578125000000000e+03
9.794671875000000000e+03
9.724390625000000000e+03
9.659500000000000000e+03
9.356328125000000000e+03
8.943109375000000000e+03
8.259390625000000000e+03
7.571937500000000000e+03
6.897500000000000000e+03
5.869125000000000000e+03
5.117328125000000000e+03
4.241890625000000000e+03
3.512921875000000000e+03
2.596187500000000000e+03
1.865718750000000000e+03
1.257640625000000000e+03
9.611718750000000000e+02
6.985312500000000000e+02
4.357812500000000000e+02
2.811093750000000000e+02
1.438437500000000000e+02
8.682812500000000000e+01
3.950000000000000000e+01
2.021875000000000000e+01
2.906250000000000000e+00
1.906250000000000000e+00
0.000000000000000000e+00
0.000000000000000000e+00
0.000000000000000000e+00
0.000000000000000000e+00
