0.000000000000000000e+00
9.843750000000000000e-01
0.000000000000000000e+00
0.000000000000000000e+00
0.000000000000000000e+00
0.000000000000000000e+00
0.000000000000000000e+00
0.000000000000000000e+00
0.000000000000000000e+00
0.000000000000000000e+00
0.000000000000000000e+00
0.000000000000000000e+00
0.000000000000000000e+00
0.000000000000000000e+00
0.000000000000000000e+00
9.843750000000000000e-01
2.953125000000000000e+00
1.870312500000000000e+01
3.937500000000000000e+01
1.191093750000000000e+02
2.008125000000000000e+02
2.903593750000000000e+02
4.478906250000000000e+02
6.102968750000000000e+02
8.662343750000000000e+02
1.068937500000000000e+03
1.344625000000000000e+03
1.537515625000000000e+03
1.870218750000000000e+03
2.286562500000000000e+03
2.492281250000000000e+03
2.838718750000000000e+03
3.242281250000000000e+03
3.730609375000000000e+03
4.090781250000000000e+03
4.621281250000000000e+03
4.993312500000000000e+03
5.492421875000000000e+03
6.231609375000000000e+03
6.596765625000000000e+03
7.401859375000000000e+03
8.008062500000000000e+03
8.800000000000000000e+03
9.359468750000000000e+03
1.015453125000000000e+04
1.103734375000000000e+04
1.188090625000000000e+04
1.283760937500000000e+04
1.360198437500000000e+04
1.476487500000000000e+04
1.557017187500000000e+04
1.666243750000000000e+04
1.804071875000000000e+04
1.927198437500000000e+04
2.015212500000000000e+04
2.161181250000000000e+04
2.279937500000000000e+04
2.396223437500000000e+04
2.515759375000000000e+04
2.657656250000000000e+04
2.736648437500000000e+04
2.832285937500000000e+04
2.913278125000000000e+04
2.978917187500000000e+04
3.068560937500000000e+04
3.113173437500000000e+04
3.132835937500000000e+04
3.137751562500000000e+04
3.107093750000000000e+04
3.132140625000000000e+04
3.017232812500000000e+04
2.949162500000000000e+04
2.823928125000000000e+04
2.671185937500000000e+04
2.476915625000000000e+04
2.207112500000000000e+04
1.955726562500000000e+04
1.693698437500000000e+04
1.436887500000000000e+04
1.194145312500000000e+04
9.708171875000000000e+03
7.884953125000000000e+03
6.354437500000000000e+03
4.799953125000000000e+03
3.645890625000000000e+03
2.666156250000000000e+03
1.931765625000000000e+03
1.351515625000000000e+03
8.889687500000000000e+02
5.988437500000000000e+02
3.785781250000000000e+02
2.104531250000000000e+02
1.366875000000000000e+02
9.050000000000000000e+01
4.723437500000000000e+01
2.262500000000000000e+01
7.875000000000000000e+00
3.937500000000000000e+00
9.843750000000000000e-01
9.843750000000000000e-01
