0.000000000000000000e+00
9.687500000000000000e-01
0.000000000000000000e+00
1.968750000000000000e+00
0.000000000000000000e+00
2.937500000000000000e+00
9.843750000000000000e-01
4.890625000000000000e+00
9.812500000000000000e+00
4.906250000000000000e+00
1.760937500000000000e+01
1.564062500000000000e+01
2.839062500000000000e+01
3.526562500000000000e+01
4.895312500000000000e+01
7.929687500000000000e+01
8.120312500000000000e+01
1.113593750000000000e+02
1.272343750000000000e+02
1.556093750000000000e+02
1.781562500000000000e+02
2.241250000000000000e+02
3.013593750000000000e+02
3.699687500000000000e+02
4.186093750000000000e+02
5.227031250000000000e+02
6.307500000000000000e+02
7.287187500000000000e+02
8.940781250000000000e+02
1.050437500000000000e+03
1.220734375000000000e+03
1.412750000000000000e+03
1.613468750000000000e+03
1.976984375000000000e+03
2.175125000000000000e+03
2.506609375000000000e+03
2.858968750000000000e+03
3.116359375000000000e+03
3.481171875000000000e+03
3.861875000000000000e+03
4.402875000000000000e+03
4.732531250000000000e+03
5.222734375000000000e+03
5.591656250000000000e+03
6.115703125000000000e+03
6.603500000000000000e+03
6.929218750000000000e+03
7.194609375000000000e+03
7.468781250000000000e+03
7.809890625000000000e+03
8.071765625000000000e+03
8.220921875000000000e+03
8.457828125000000000e+03
8.198812500000000000e+03
8.093671875000000000e+03
8.205203125000000000e+03
8.045937500000000000e+03
7.819906250000000000e+03
7.721671875000000000e+03
7.055015625000000000e+03
6.925968750000000000e+03
6.490500000000000000e+03
6.058937500000000000e+03
5.712656250000000000e+03
5.402531250000000000e+03
4.814703125000000000e+03
4.483890625000000000e+03
4.045203125000000000e+03
3.675625000000000000e+03
3.361984375000000000e+03
2.977703125000000000e+03
2.634718750000000000e+03
2.346734375000000000e+03
1.974390625000000000e+03
1.675140625000000000e+03
1.516750000000000000e+03
1.244312500000000000e+03
1.066671875000000000e+03
9.038125000000000000e+02
7.348437500000000000e+02
5.627812500000000000e+02
4.781093750000000000e+02
3.875937500000000000e+02
3.244687500000000000e+02
2.285000000000000000e+02
1.779531250000000000e+02
1.364062500000000000e+02
9.910937500000000000e+01
7.032812500000000000e+01
5.084375000000000000e+01
4.418750000000000000e+01
3.351562500000000000e+01
2.198437500000000000e+01
8.546875000000000000e+00
7.671875000000000000e+00
1.439062500000000000e+01
2.843750000000000000e+00
9.687500000000000000e-01
2.890625000000000000e+00
0.000000000000000000e+00
