4.830627385495594339e+00
7.536094785057775525e+00
8.626344437789104092e+00
9.711449730054468432e+00
1.504497651574687644e+01
1.365198553267527437e+01
1.403774731249195185e+01
1.466018070957858299e+01
1.462298830982829578e+01
1.701076749995425530e+01
1.753743206508581309e+01
1.528389387915838071e+01
1.858174507413122356e+01
1.858699325763516441e+01
1.880730825370818593e+01
1.855749485341097937e+01
2.017346043343518858e+01
2.039616782901569891e+01
1.811120164428633217e+01
1.749385355230159078e+01
1.902380806877266650e+01
2.190870171729716986e+01
2.053887677027093517e+01
2.329204342923512172e+01
2.252081827686052407e+01
2.004486544877203613e+01
1.551608917986423464e+01
1.843828785392979341e+01
1.597372568029684814e+01
1.566494113807565469e+01
1.373684562533826359e+01
1.192242790329952129e+01
1.218601753804334464e+01
9.484979902456304401e+00
7.678856929908253193e+00
7.220846557018089307e+00
5.047794033969195127e+00
5.014797439515877642e+00
3.739438251596086893e+00
2.760588634580494638e+00
1.893399307462638737e+00
1.878902189444676685e+00
1.114096466873492952e+00
6.121730632549916562e-01
4.023247871744916604e-01
0.000000000000000000e+00
0.000000000000000000e+00
0.000000000000000000e+00
0.000000000000000000e+00
0.000000000000000000e+00
