0.000000000000000000e+00
1.240195927061526898e-01
0.000000000000000000e+00
1.240195927061526898e-01
0.000000000000000000e+00
0.000000000000000000e+00
0.000000000000000000e+00
0.000000000000000000e+00
2.113710821635731707e-01
5.144399260360728032e-01
7.288689868556625928e-01
9.034169078421102617e-01
1.441570324333849573e+00
1.727534370135656694e+00
2.135943786567193303e+00
3.206705316111070569e+00
3.101788798419389703e+00
4.051397087348387771e+00
4.530711174859858303e+00
4.857515721474816139e+00
5.291133503324216392e+00
6.604848479526233440e+00
5.932049307311513253e+00
7.728533147329770259e+00
7.670188205603237108e+00
9.019455966825271176e+00
9.047617089598785967e+00
9.550799622937338640e+00
1.087624588768454537e+01
9.920570780422616863e+00
1.055518191384568283e+01
1.095836180089775169e+01
1.164027893780900769e+01
1.248561672485584495e+01
1.583015318940407390e+01
1.534750463226840012e+01
1.707616640187061918e+01
1.732580011455098656e+01
1.848328531234368910e+01
2.107554770195783078e+01
2.049464011485686044e+01
2.292488903156076319e+01
2.244017654648688520e+01
2.792378980563660917e+01
2.406541682808288840e+01
2.785102230366732812e+01
2.689482825952556766e+01
2.872538008342970528e+01
3.111506806898387723e+01
3.358675435881495019e+01
3.320158819972886732e+01
3.667774305948363889e+01
3.820294286766400660e+01
3.780571994999566243e+01
3.930286050340356496e+01
4.083782892716476454e+01
4.359075650564435023e+01
4.498489058405471752e+01
4.503696398515334920e+01
4.757851241632087635e+01
4.346359097261034066e+01
4.337565009869448573e+01
4.491015336201825647e+01
4.091415126136065794e+01
4.102288031067998020e+01
4.345449026981417973e+01
4.058692626923570401e+01
3.445330569680506017e+01
3.644055183939143916e+01
3.947759142360859386e+01
2.815630202547912830e+01
2.756113587894192563e+01
2.400983990178557903e+01
2.133049437388583058e+01
2.011390901683459376e+01
1.801029843199093250e+01
1.633026301791783652e+01
1.440363994794371472e+01
1.199437327393036412e+01
1.100407195584320874e+01
1.163867433320371703e+01
1.026284208854326074e+01
8.280247580839597887e+00
7.927158617688938591e+00
7.256462636849995818e+00
5.906084653770211190e+00
5.191992595273513977e+00
4.683722436201253281e+00
3.743973021320399219e+00
2.778219908390082704e+00
2.150581316760656669e+00
1.563046779330356406e+00
1.347650588756225121e+00
1.114096466873492952e+00
9.662265521087691766e-01
5.728219618694799786e-01
4.831132760543845883e-01
2.914805954090254891e-01
2.113710821635731707e-01
0.000000000000000000e+00
