2.200609647085350062e-01
2.301812305218576271e-01
2.407669118179668333e-01
2.518394123401647144e-01
2.634211201570375027e-01
2.755354529300639288e-01
2.882069052630107375e-01
3.014610982288548624e-01
3.153248311743727661e-01
3.298261359071423815e-01
3.449943333745230101e-01
3.608600929492141729e-01
3.774554944412658042e-01
3.948140929619264328e-01
4.129709867704792203e-01
4.319628882412505089e-01
4.518281980942817633e-01
4.726070830397559042e-01
4.943415569931723930e-01
5.170755660254823249e-01
5.408550772199506307e-01
5.657281716154090034e-01
5.917451414238252827e-01
6.189585917187608866e-01
6.474235468003229910e-01
6.771975614516785313e-01
7.083408373120839707e-01
7.409163446017317245e-01
7.749899494445356973e-01
8.106305470462963347e-01
8.479102009975244547e-01
8.869042889825887732e-01
9.276916551898022334e-01
9.703547697306150743e-01
1.014979895390251796e+00
1.061657262046953099e+00
1.110481249112491575e+00
1.161550576362846421e+00
1.214968503544886724e+00
1.270843039162661947e+00
1.329287158865451124e+00
1.390419033879143562e+00
1.454362269942828689e+00
1.521246157233711704e+00
1.591205931785693473e+00
1.664383048930187625e+00
1.740925469312063267e+00
1.820987958059019585e+00
1.904732397709302028e+00
1.992328115530481947e+00
2.083952225891125831e+00
2.179789988377610843e+00
2.280035182380185876e+00
2.384890498905661627e+00
2.494567950408975054e+00
2.609289299472274504e+00
2.729286507198291467e+00
2.854802202224643981e+00
2.986090171307384633e+00
3.123415872465726828e+00
3.267056971725517567e+00
3.417303904546713511e+00
3.574460463070046501e+00
3.738844410370256277e+00
3.910788122957892465e+00
4.090639262828787537e+00
4.278761480420047114e+00
4.475535149893908660e+00
4.681358138236184629e+00
4.896646609724348842e+00
5.121835867391878239e+00
5.357381233190253944e+00
5.603758968628258508e+00
5.861467237750051851e+00
6.131027114399139499e+00
6.412983635804869742e+00
6.707906904621732558e+00
7.016393241649776513e+00
7.339066391566862357e+00
7.676578784110684062e+00
8.029612853260612582e+00
8.398882417086701579e+00
8.785134121055817147e+00
9.189148947713199789e+00
9.611743795791969802e+00
1.005377313194345668e+01
1.051613071842804459e+01
1.099975142025990849e+01
1.150561309545952149e+01
1.203473857223599985e+01
1.258819771709701563e+01
1.316710959806788495e+01
1.377264474739384426e+01
1.440602752830047706e+01
1.506853861059779298e+01
1.576151756013363148e+01
1.648636554733196746e+01
1.724454818029272829e+01
1.803759846818161705e+01
1.886711992090156897e+01
