2.396089179672331315e-01
2.503451312159147846e-01
2.615624045015059185e-01
2.732822927944371649e-01
2.855273168837783038e-01
2.983210066529018434e-01
3.116879462942090395e-01
3.256538215498031019e-01
3.402454690688863637e-01
3.554909279767256014e-01
3.714194937542805719e-01
3.880617745320297240e-01
4.054497499061659460e-01
4.236168323901847721e-01
4.425979316199472602e-01
4.624295214355941819e-01
4.831497099692166342e-01
5.047983128729597313e-01
5.274169298282767038e-01
5.510490244833500251e-01
5.757400079722879704e-01
6.015373261765855073e-01
6.284905508965300536e-01
6.566514751077453527e-01
6.860742124859184887e-01
7.168153013909541738e-01
7.489338135103725813e-01
7.824914673707155099e-01
8.175527469350875043e-01
8.541850255147223070e-01
8.924586952326863942e-01
9.324473022884914863e-01
9.742276882835408935e-01
1.017880137878979685e+00
1.063488533069682163e+00
1.111140514370833721e+00
1.160927649226834557e+00
1.212945607966143369e+00
1.267294347640169683e+00
1.324078304099479908e+00
1.383406592676404756e+00
1.445393217859683999e+00
1.510157292364046944e+00
1.577823266015700776e+00
1.648521164893540059e+00
1.722386841185615580e+00
1.799562234240980718e+00
1.880195643318548049e+00
1.964442012557069406e+00
2.052463228713832688e+00
2.144428432244207094e+00
2.240514342319800623e+00
2.340905596409786682e+00
2.445795105077926745e+00
2.555384422677070333e+00
2.669884134653450314e+00
2.789514262205010198e+00
2.914504685071355627e+00
3.045095583267752648e+00
3.181537898612008419e+00
3.324093816931092071e+00
3.473037271874104270e+00
3.628654471299707751e+00
3.791244447249531468e+00
3.961119630564358118e+00
4.138606451247274443e+00
4.324045965727435714e+00
4.517794512229782455e+00
4.720224395510068227e+00
4.931724602270968205e+00
5.152701548634005313e+00
5.383579861103627628e+00
5.624803192524125528e+00
5.876835074597322794e+00
6.140159808599238822e+00
6.415283396007285255e+00
6.702734510826308778e+00
7.003065515481862846e+00
7.316853522232862339e+00
7.644701502143199434e+00
7.987239443743311185e+00
8.345125563608167596e+00
8.719047571177913625e+00
9.109723990251625381e+00
9.517905539693567007e+00
9.944376576005049984e+00
1.038995660053395653e+01
1.085550183421818105e+01
1.134190686288893701e+01
1.185010635629557818e+01
1.238107686415516007e+01
1.293583869267803443e+01
1.351545786517533010e+01
1.412104817051587169e+01
1.475377330336879922e+01
1.541484910034449740e+01
1.610554587633085077e+01
1.682719086551426102e+01
1.758117077177607257e+01
1.836893443336520093e+01
