3.869924851902811991e+00
7.356704000433889945e+00
8.777064727707948322e+00
1.067871303619378054e+01
1.196115947295662529e+01
1.384166004258069549e+01
1.478920075542877299e+01
1.420438835140394218e+01
1.517938794416214243e+01
1.539853857463022280e+01
1.732574374981850696e+01
1.555330426107262909e+01
1.547969940761124796e+01
1.758658824040353608e+01
2.119864543689938330e+01
1.827694928044612155e+01
1.955859960118246832e+01
2.089439943464216753e+01
2.345423881432469315e+01
2.276064311481554014e+01
1.975939254506575082e+01
2.063501177459077596e+01
2.129672597159889591e+01
2.114832638731431658e+01
2.094458252411288868e+01
2.373465273043562007e+01
2.217446249877040287e+01
1.549312315946578344e+01
1.884351678960166865e+01
1.418625235428211973e+01
1.718636359879541331e+01
1.332492817757379200e+01
1.087094707163892870e+01
8.937663897098614640e+00
8.400090680314111324e+00
6.523825774373117170e+00
5.692455773598508628e+00
4.651922275723768152e+00
3.603620954592061221e+00
3.659186854685067658e+00
2.279108583964353230e+00
1.780701669988546954e+00
1.238127208478595698e+00
6.091746465505601948e-01
4.281934251888975251e-01
1.739926363384381724e-01
0.000000000000000000e+00
0.000000000000000000e+00
0.000000000000000000e+00
0.000000000000000000e+00
