0.000000000000000000e+00
4.921875000000000000e+00
5.906250000000000000e+00
2.264062500000000000e+01
5.217187500000000000e+01
7.973437500000000000e+01
1.624218750000000000e+02
2.303437500000000000e+02
3.386250000000000000e+02
4.754375000000000000e+02
5.541875000000000000e+02
7.766093750000000000e+02
8.986562500000000000e+02
1.071968750000000000e+03
1.369187500000000000e+03
1.595656250000000000e+03
1.776750000000000000e+03
2.059296875000000000e+03
2.293500000000000000e+03
2.656718750000000000e+03
2.850656250000000000e+03
3.082781250000000000e+03
3.430343750000000000e+03
3.873375000000000000e+03
4.259125000000000000e+03
4.674531250000000000e+03
4.977734375000000000e+03
5.339890625000000000e+03
5.832937500000000000e+03
6.268000000000000000e+03
6.865593750000000000e+03
7.353406250000000000e+03
7.754109375000000000e+03
8.516718750000000000e+03
9.140187500000000000e+03
9.614296875000000000e+03
1.046375000000000000e+04
1.071370312500000000e+04
1.156406250000000000e+04
1.229134375000000000e+04
1.324181250000000000e+04
1.383234375000000000e+04
1.486646875000000000e+04
1.547834375000000000e+04
1.639418750000000000e+04
1.738010937500000000e+04
1.798264062500000000e+04
1.935292187500000000e+04
1.991815625000000000e+04
2.096229687500000000e+04
2.173932812500000000e+04
2.276928125000000000e+04
2.356740625000000000e+04
2.483923437500000000e+04
2.541423437500000000e+04
2.596131250000000000e+04
2.700450000000000000e+04
2.755446875000000000e+04
2.785023437500000000e+04
2.865203125000000000e+04
2.875873437500000000e+04
2.914196875000000000e+04
2.904870312500000000e+04
2.885807812500000000e+04
2.857723437500000000e+04
2.820259375000000000e+04
2.733604687500000000e+04
2.626971875000000000e+04
2.507609375000000000e+04
2.358634375000000000e+04
2.168078125000000000e+04
2.008620312500000000e+04
1.780859375000000000e+04
1.571571875000000000e+04
1.355954687500000000e+04
1.162943750000000000e+04
1.009435937500000000e+04
8.305031250000000000e+03
6.995062500000000000e+03
5.703125000000000000e+03
4.783937500000000000e+03
3.660250000000000000e+03
2.965656250000000000e+03
2.251265625000000000e+03
1.624796875000000000e+03
1.191046875000000000e+03
8.891406250000000000e+02
6.472187500000000000e+02
4.169843750000000000e+02
2.939531250000000000e+02
2.183437500000000000e+02
1.003125000000000000e+02
8.551562500000000000e+01
5.706250000000000000e+01
2.951562500000000000e+01
1.571875000000000000e+01
8.843750000000000000e+00
3.937500000000000000e+00
1.968750000000000000e+00
0.000000000000000000e+00
