2.449788183670465191e-01
2.558464641651024274e-01
2.671962158283889832e-01
2.790494603315653022e-01
2.914285334091341606e-01
3.043567616439201706e-01
3.178585064226613910e-01
3.319592098415380388e-01
3.466854426481439932e-01
3.620649543102391066e-01
3.781267253056301292e-01
3.949010217317130977e-01
4.124194523375811494e-01
4.307150280861656855e-01
4.498222243586488811e-01
4.697770459183606695e-01
4.906170947565771656e-01
5.123816409480651535e-01
5.351116966498902228e-01
5.588500933829280148e-01
5.836415627417055330e-01
6.095328206846571950e-01
6.365726555636299633e-01
6.648120200585155848e-01
6.943041271902473666e-01
7.251045505930854285e-01
7.572713292351371805e-01
7.908650767844456198e-01
8.259490958267295957e-01
8.625894971500013275e-01
9.008553243208389238e-01
9.408186837870572417e-01
9.825548807519385308e-01
1.026142561076057280e+00
1.071663859474093261e+00
1.119204554285888831e+00
1.168854229113393206e+00
1.220706441628076400e+00
1.274858899866905482e+00
1.331413646349087321e+00
1.390477250360520278e+00
1.452161008768286354e+00
1.516581155743590203e+00
1.583859081788337120e+00
1.654121562478076513e+00
1.727500997352339640e+00
1.804135659402530178e+00
1.884169955627489790e+00
1.967754699147718611e+00
2.055047393391010502e+00
2.146212528885009796e+00
2.241421893215953531e+00
2.340854894737670389e+00
2.444698900640821293e+00
2.553149590019422099e+00
2.666411322599952616e+00
2.784697523827871279e+00
2.908231087037169704e+00
3.037244793460804893e+00
3.171981750873453354e+00
3.312695851693147286e+00
3.459652251405021861e+00
3.613127868208691140e+00
3.773411904830769270e+00
3.940806393485811299e+00
4.115626765012589061e+00
4.298202443258134053e+00
4.488877465829602009e+00
4.688011132383661739e+00
4.895978681675026145e+00
5.113171998639911564e+00
5.340000352846844933e+00
5.576891169706297724e+00
5.824290835892403706e+00
6.082665540494441636e+00
6.352502153483125191e+00
6.634309143147048005e+00
6.928617534228032504e+00
7.235981908560890297e+00
7.556981450103126718e+00
7.892221036323807226e+00
8.242332378008157434e+00
8.607975209625676527e+00
8.989838532504867530e+00
9.388641913157144359e+00
9.805136839196425314e+00
1.024010813540947673e+01
1.069437544264533990e+01
1.116879476231062007e+01
1.166426006938102411e+01
1.218170499696865505e+01
1.272210459561931373e+01
1.328647717065500622e+01
1.387588620102388326e+01
1.449144234327337877e+01
1.513430552442271981e+01
1.580568712767855821e+01
1.650685227511241493e+01
1.723912221160128055e+01
1.800387679452355627e+01
