0.000000000000000000e+00
9.687500000000000000e-01
9.843750000000000000e-01
9.687500000000000000e-01
9.843750000000000000e-01
4.875000000000000000e+00
4.921875000000000000e+00
1.076562500000000000e+01
1.667187500000000000e+01
2.442187500000000000e+01
2.650000000000000000e+01
3.710937500000000000e+01
4.887500000000000000e+01
5.093750000000000000e+01
1.028437500000000000e+02
1.301093750000000000e+02
1.390781250000000000e+02
1.995937500000000000e+02
1.949687500000000000e+02
2.387812500000000000e+02
3.103593750000000000e+02
3.502812500000000000e+02
4.590156250000000000e+02
5.761406250000000000e+02
6.211875000000000000e+02
7.786406250000000000e+02
8.667031250000000000e+02
1.033671875000000000e+03
1.158578125000000000e+03
1.356062500000000000e+03
1.613625000000000000e+03
1.821062500000000000e+03
2.181234375000000000e+03
2.450328125000000000e+03
2.647171875000000000e+03
3.102062500000000000e+03
3.356015625000000000e+03
3.818687500000000000e+03
4.183453125000000000e+03
4.592421875000000000e+03
5.141218750000000000e+03
5.508140625000000000e+03
5.937140625000000000e+03
6.421390625000000000e+03
6.938093750000000000e+03
7.406421875000000000e+03
7.462109375000000000e+03
7.780109375000000000e+03
8.119109375000000000e+03
8.428906250000000000e+03
8.415890625000000000e+03
8.399140625000000000e+03
8.554421875000000000e+03
8.349890625000000000e+03
8.259125000000000000e+03
7.910218750000000000e+03
7.804203125000000000e+03
7.467640625000000000e+03
6.930875000000000000e+03
6.758578125000000000e+03
6.352718750000000000e+03
5.952296875000000000e+03
5.608671875000000000e+03
4.980640625000000000e+03
4.664500000000000000e+03
4.280531250000000000e+03
4.074234375000000000e+03
3.472468750000000000e+03
3.198140625000000000e+03
2.689562500000000000e+03
2.470609375000000000e+03
2.180093750000000000e+03
1.851609375000000000e+03
1.557515625000000000e+03
1.451921875000000000e+03
1.170359375000000000e+03
9.848125000000000000e+02
8.031718750000000000e+02
6.751875000000000000e+02
5.831562500000000000e+02
4.000781250000000000e+02
3.592031250000000000e+02
2.888906250000000000e+02
2.056718750000000000e+02
1.664218750000000000e+02
1.131562500000000000e+02
8.337500000000000000e+01
6.925000000000000000e+01
5.570312500000000000e+01
3.253125000000000000e+01
2.979687500000000000e+01
1.157812500000000000e+01
1.053125000000000000e+01
5.750000000000000000e+00
3.875000000000000000e+00
2.890625000000000000e+00
1.937500000000000000e+00
9.531250000000000000e-01
9.531250000000000000e-01
0.000000000000000000e+00
