0.000000000000000000e+00
9.843750000000000000e-01
3.937500000000000000e+00
2.953125000000000000e+00
9.843750000000000000e+00
2.754687500000000000e+01
5.020312500000000000e+01
9.154687500000000000e+01
1.643906250000000000e+02
2.460937500000000000e+02
3.504218750000000000e+02
4.813437500000000000e+02
7.077500000000000000e+02
8.494843750000000000e+02
1.026687500000000000e+03
1.216578125000000000e+03
1.450906250000000000e+03
1.629015625000000000e+03
1.995187500000000000e+03
2.132046875000000000e+03
2.488359375000000000e+03
2.843703125000000000e+03
3.060218750000000000e+03
3.324062500000000000e+03
3.577875000000000000e+03
4.099562500000000000e+03
4.511000000000000000e+03
5.039609375000000000e+03
5.326078125000000000e+03
5.741500000000000000e+03
6.262062500000000000e+03
6.844640625000000000e+03
7.381937500000000000e+03
7.972343750000000000e+03
8.515843750000000000e+03
9.166500000000000000e+03
9.865265625000000000e+03
1.046154687500000000e+04
1.133370312500000000e+04
1.183770312500000000e+04
1.262790625000000000e+04
1.345364062500000000e+04
1.443775000000000000e+04
1.523478125000000000e+04
1.628110937500000000e+04
1.686729687500000000e+04
1.796559375000000000e+04
1.881492187500000000e+04
1.998785937500000000e+04
2.078059375000000000e+04
2.153473437500000000e+04
2.296457812500000000e+04
2.376842187500000000e+04
2.468565625000000000e+04
2.536737500000000000e+04
2.634332812500000000e+04
2.695606250000000000e+04
2.788510937500000000e+04
2.844210937500000000e+04
2.885551562500000000e+04
2.944123437500000000e+04
2.970168750000000000e+04
2.949500000000000000e+04
2.930745312500000000e+04
2.905303125000000000e+04
2.865492187500000000e+04
2.730110937500000000e+04
2.665157812500000000e+04
2.550851562500000000e+04
2.426298437500000000e+04
2.201948437500000000e+04
1.980650000000000000e+04
1.755192187500000000e+04
1.533706250000000000e+04
1.335859375000000000e+04
1.142823437500000000e+04
9.673203125000000000e+03
8.047125000000000000e+03
6.581484375000000000e+03
5.201109375000000000e+03
4.149921875000000000e+03
3.283109375000000000e+03
2.549515625000000000e+03
1.925937500000000000e+03
1.348406250000000000e+03
9.688437500000000000e+02
7.118437500000000000e+02
4.967500000000000000e+02
3.165625000000000000e+02
2.252031250000000000e+02
1.287812500000000000e+02
7.576562500000000000e+01
4.423437500000000000e+01
2.262500000000000000e+01
1.082812500000000000e+01
8.828125000000000000e+00
3.921875000000000000e+00
2.953125000000000000e+00
1.953125000000000000e+00
0.000000000000000000e+00
