6.511562500000000000e+02
1.965312500000000000e+03
3.274718750000000000e+03
4.321546875000000000e+03
5.233125000000000000e+03
5.762953125000000000e+03
6.375125000000000000e+03
6.970937500000000000e+03
7.220343750000000000e+03
7.626406250000000000e+03
7.875750000000000000e+03
8.100312500000000000e+03
8.457250000000000000e+03
8.837953125000000000e+03
9.020093750000000000e+03
9.451093750000000000e+03
9.679921875000000000e+03
9.548437500000000000e+03
9.683312500000000000e+03
9.918859375000000000e+03
9.848421875000000000e+03
9.938906250000000000e+03
9.710359375000000000e+03
9.440890625000000000e+03
9.177468750000000000e+03
8.802906250000000000e+03
8.273015625000000000e+03
7.781906250000000000e+03
6.851656250000000000e+03
5.959859375000000000e+03
5.153265625000000000e+03
4.193781250000000000e+03
3.463546875000000000e+03
2.566906250000000000e+03
1.936984375000000000e+03
1.351062500000000000e+03
9.353906250000000000e+02
6.631406250000000000e+02
4.545625000000000000e+02
2.705781250000000000e+02
1.525937500000000000e+02
1.042031250000000000e+02
4.243750000000000000e+01
1.543750000000000000e+01
6.734375000000000000e+00
0.000000000000000000e+00
0.000000000000000000e+00
0.000000000000000000e+00
0.000000000000000000e+00
0.000000000000000000e+00
