0.000000000000000000e+00
2.113710821635731707e-01
3.750000000000000000e-01
5.927211480747081040e-01
7.665810357522550023e-01
1.087818739209340801e+00
1.523177061071693039e+00
1.900799071278971297e+00
1.883055611897853643e+00
2.485848619561335848e+00
3.609882269548412737e+00
3.581637195473600599e+00
4.113116167746177609e+00
4.485191563286344163e+00
3.893102875599359081e+00
4.875701071384503926e+00
5.511684144558267384e+00
5.907820558378529263e+00
7.287869174825725160e+00
6.367642813475014485e+00
8.118973125301931049e+00
7.934900533993793914e+00
9.911916754593937284e+00
7.411983540186796837e+00
1.071720105426318881e+01
1.041065972633338887e+01
1.187857676396882134e+01
1.060660171779821326e+01
1.197400137733310110e+01
1.416362942319164198e+01
1.299953988067943200e+01
1.433614824436379109e+01
1.548662950287682882e+01
1.668070291112982417e+01
1.438660367266628448e+01
1.908942770226493835e+01
2.030307473635458848e+01
1.954519502173104328e+01
1.810030645458800080e+01
2.380452212159487857e+01
2.191192753637559321e+01
2.443867883985343425e+01
2.562518578438749728e+01
2.579439059054313077e+01
2.637699933180421397e+01
2.827515472990377887e+01
2.716248400108824868e+01
3.029938102064751604e+01
3.070626971808852090e+01
3.324610820739022898e+01
3.602814654891366786e+01
3.442859103796399722e+01
3.835177177703137374e+01
3.975152316264119889e+01
3.610855689250644929e+01
3.531266592881370059e+01
3.674105705389408172e+01
4.144230446789095623e+01
4.169551084949073783e+01
3.646685875023204204e+01
3.577534066923752221e+01
3.533464115049670085e+01
3.535245250951481211e+01
3.725036375136993172e+01
3.173769446572954678e+01
3.426596343312121462e+01
2.751739063046085931e+01
2.863775643708843432e+01
2.473349650998368077e+01
2.435141086133409161e+01
2.410543551741753987e+01
1.872810570664783114e+01
1.889397199464355737e+01
1.535720514937532499e+01
1.600533968516444716e+01
1.453091397460944378e+01
1.264911064067351809e+01
1.195645378485506427e+01
9.631884206082162336e+00
8.766000994609798980e+00
9.205764158938681163e+00
8.033134506529814090e+00
7.059025002390557191e+00
6.262623969581360583e+00
5.601949298012255163e+00
4.238495458296493545e+00
4.212814111063411637e+00
3.177066256784708553e+00
2.423839928708164670e+00
2.164161211647598115e+00
1.911110606427582015e+00
1.323521433288860738e+00
1.215841882966284482e+00
7.880950133074057229e-01
5.410403029118995288e-01
3.903123748998998943e-01
1.739926363384381724e-01
2.997394702070449446e-01
2.755498763835687037e-01
0.000000000000000000e+00
