0.000000000000000000e+00
1.240195927061526898e-01
1.240195927061526898e-01
2.113710821635731707e-01
2.113710821635731707e-01
3.121091305537215255e-01
1.240195927061526898e-01
3.630921887069453180e-01
3.772717646140511527e-01
5.075119302784910635e-01
5.787580992953792469e-01
7.905694150420948807e-01
7.576111201500410619e-01
8.313615996514392981e-01
8.654614015078893052e-01
1.331613066688292824e+00
1.223149111923807819e+00
1.298662172198759235e+00
1.694358170333238656e+00
1.863964923053811118e+00
2.457251704140217097e+00
2.412329981055659989e+00
2.686773157525584654e+00
3.146798968793526274e+00
3.131516642838578335e+00
3.531077152849396494e+00
4.799876910856673007e+00
4.521190342086362612e+00
4.805189252256356625e+00
5.000170895516972358e+00
6.803445100416038116e+00
6.760679485774709896e+00
7.892202812547013835e+00
7.764838994427057273e+00
9.425683309944961508e+00
8.307564324156629709e+00
8.429799727010125920e+00
1.137550436725224934e+01
1.162831773892939324e+01
1.269211738639380904e+01
1.286801046624438349e+01
1.562299205848146677e+01
2.027542289170561318e+01
1.382054877200521936e+01
1.554074156652442440e+01
2.163068363712471864e+01
1.751112927362196103e+01
1.737712863534637719e+01
2.070474639877291523e+01
2.356062969201746427e+01
1.859327730491588326e+01
2.131803790770564788e+01
1.840435978197489320e+01
1.986727812847988162e+01
2.185246607221939996e+01
2.226384313045481278e+01
2.061969036768920560e+01
1.650650913276335530e+01
1.970621630190585449e+01
1.559196507820614563e+01
1.439278790749033377e+01
1.425243263227369184e+01
1.465887336596421342e+01
1.494439563640831814e+01
1.149575329197699780e+01
1.520343010999080491e+01
1.256759069740497203e+01
1.353868156200964812e+01
9.007321240940616036e+00
1.197131989381287909e+01
1.034780887132633431e+01
8.763326904635020398e+00
7.344215410784190823e+00
6.759812745880982909e+00
8.200609733428363413e+00
6.406916886020529667e+00
5.664789823991707607e+00
4.649848787863966493e+00
4.989735557872781335e+00
4.226237568378640397e+00
3.615153653373532450e+00
2.618994245769738161e+00
2.958658836259260294e+00
3.189337705543268342e+00
2.324924393931983246e+00
1.738522630712640460e+00
1.514819373514545431e+00
1.134400826152290875e+00
1.148942278521858595e+00
9.514585842273955985e-01
8.238391454040042694e-01
4.416654382844553139e-01
6.859001271139990585e-01
3.476343040826092023e-01
4.960783708246107593e-01
1.739926363384381724e-01
0.000000000000000000e+00
0.000000000000000000e+00
0.000000000000000000e+00
1.739926363384381724e-01
