6.278906250000000000e+02
1.958156250000000000e+03
3.062453125000000000e+03
4.097625000000000000e+03
4.959546875000000000e+03
5.599703125000000000e+03
6.079031250000000000e+03
6.362140625000000000e+03
6.860500000000000000e+03
7.095921875000000000e+03
7.385500000000000000e+03
7.466671875000000000e+03
8.026750000000000000e+03
8.153265625000000000e+03
8.274687500000000000e+03
8.530625000000000000e+03
8.802265625000000000e+03
8.951796875000000000e+03
9.078062500000000000e+03
9.203703125000000000e+03
9.111281250000000000e+03
9.158796875000000000e+03
8.906500000000000000e+03
8.834828125000000000e+03
8.387750000000000000e+03
8.102796875000000000e+03
7.676875000000000000e+03
6.940125000000000000e+03
6.383359375000000000e+03
5.586312500000000000e+03
4.664359375000000000e+03
3.850921875000000000e+03
3.193125000000000000e+03
2.470734375000000000e+03
1.765468750000000000e+03
1.221468750000000000e+03
8.894218750000000000e+02
6.671250000000000000e+02
4.342343750000000000e+02
2.714218750000000000e+02
1.552031250000000000e+02
8.382812500000000000e+01
4.617187500000000000e+01
1.450000000000000000e+01
2.812500000000000000e+00
9.687500000000000000e-01
0.000000000000000000e+00
0.000000000000000000e+00
0.000000000000000000e+00
0.000000000000000000e+00
