4.152812253085251371e+00
7.803979728918765346e+00
9.358514150727934577e+00
9.521357571271021669e+00
1.190977638066727096e+01
1.739721489024895718e+01
1.301245459586218800e+01
1.650520011570217349e+01
1.593363157708797395e+01
1.942491051298564031e+01
1.792545735774613291e+01
2.173338086331714791e+01
1.634944779983027274e+01
1.749899550688553163e+01
2.286090754432115801e+01
1.714161488709567394e+01
2.470536833583695113e+01
2.150633536745625918e+01
2.517964750423444542e+01
2.064582282206257702e+01
2.560759698678304375e+01
2.767324689569332108e+01
2.695177532852659752e+01
2.115269541778305040e+01
2.327170001277033862e+01
2.129606679500935584e+01
2.100348162173059663e+01
1.630612303515155048e+01
2.043272115382579202e+01
1.586379248822219701e+01
1.601164584714435435e+01
1.198158376882518006e+01
1.040207311068327378e+01
1.143859924703960473e+01
8.235649806443630538e+00
6.872424943888074012e+00
5.186276211068978625e+00
4.992083576774331455e+00
4.376088034349286282e+00
3.540743599072799341e+00
2.162299033291880335e+00
1.578589040686333878e+00
1.452368754827781272e+00
6.597747603349191081e-01
3.903123748998998943e-01
0.000000000000000000e+00
0.000000000000000000e+00
0.000000000000000000e+00
0.000000000000000000e+00
0.000000000000000000e+00
