6.982120423569257994e-01
7.324317455660281917e-01
7.683285726525221904e-01
8.059847202527410381e-01
8.454864134991332270e-01
8.869241034587667105e-01
9.303926742483883405e-01
9.759916603002897206e-01
1.023825474276477188e+00
1.074003646153022462e+00
1.126641074022051825e+00
1.181858287185657774e+00
1.239781722144170040e+00
1.300544012110741443e+00
1.364284290715180648e+00
1.431148510592455070e+00
1.501289777585365970e+00
1.574868701326656240e+00
1.652053763003311637e+00
1.733021701145167182e+00
1.817957916321194745e+00
1.907056895670147023e+00
2.000522658237651630e+00
2.098569222139483603e+00
2.201421094620737318e+00
2.309313786133023516e+00
2.422494349606839847e+00
2.541221946153930933e+00
2.665768438494994896e+00
2.796419013471555637e+00
2.933472835067445050e+00
3.077243729435171993e+00
3.228060903495760581e+00
3.386269698757506497e+00
3.552232382079748785e+00
3.726328975192349624e+00
3.908958124870315576e+00
4.100538015756088228e+00
4.301507327919689594e+00
4.512326241349350120e+00
4.733477489672686112e+00
4.965467465521260060e+00
5.208827380069583235e+00
5.464114479403669122e+00
5.731913320504391507e+00
6.012837109767385613e+00
6.307529107124449474e+00
6.616664098981601683e+00
6.940949943346526929e+00
7.281129190683448549e+00
7.637980784206881424e+00
8.012321843507569596e+00
8.405009535594778924e+00
8.816943037639275005e+00
9.249065595911252657e+00
9.702366685627792364e+00
1.017788427665545292e+01
1.067670721025604408e+01
1.119997769231781604e+01
1.174889390878112749e+01
1.232471276924729864e+01
1.292875278505309389e+01
1.356239708840100455e+01
1.422709659945846283e+01
1.492437334867818777e+01
1.565582396194694859e+01
1.642312331654317248e+01
1.722802837627472883e+01
1.807238221457869187e+01
1.895811823479503033e+01
1.988726459727801554e+01
2.086194886348243216e+01
2.188440286765857934e+01
2.295696782731145547e+01
2.408209970412592682e+01
2.526237482763336217e+01
2.650049579449689219e+01
2.779929765692334698e+01
2.916175441437226823e+01
3.059098582342669204e+01
3.209026454141877593e+01
3.366302362016806171e+01
3.531286436699134867e+01
3.704356459098433874e+01
3.885908725345753112e+01
4.076358954233408127e+01
4.276143239128808204e+01
4.485719046542043031e+01
4.705566263633750168e+01
4.936188297061809749e+01
5.178113225683065934e+01
5.431895009749491265e+01
5.698114759367631166e+01
5.977382065125856769e+01
6.270336393936268138e+01
6.577648553287490074e+01
6.900022227261186458e+01
7.238195587829473254e+01
7.592942985122772370e+01
7.965076720538512234e+01
