2.526481534430924936e-01
2.640745936988984632e-01
2.760178140504234157e-01
2.885011867519607920e-01
3.015491411075541528e-01
3.151872112778600910e-01
3.294420862491579949e-01
3.443416620622937740e-01
3.599150964037642342e-01
3.761928656657771430e-01
3.932068245869481116e-01
4.109902685903493724e-01
4.295779989409022614e-01
4.490063908496227385e-01
4.693134646579968372e-01
4.905389602417903894e-01
5.127244147798959428e-01
5.359132440404082987e-01
5.601508273430000351e-01
5.854845963638640738e-01
6.119641279570102732e-01
6.396412411735620251e-01
6.685700986689151470e-01
6.988073126962065507e-01
7.304120558935167651e-01
7.634461770816126647e-01
7.979743222988365803e-01
8.340640613100055445e-01
8.717860198368877489e-01
9.112140177690274401e-01
9.524252136253866796e-01
9.955002555495110483e-01
1.040523439133705708e+00
1.087582872381078314e+00
1.136770648128267780e+00
1.188183024266284304e+00
1.241920612112140665e+00
1.298088573299911008e+00
1.356796825576517929e+00
1.418160257904985011e+00
1.482298955296097454e+00
1.549338433808453264e+00
1.619409886176792046e+00
1.692650438549278435e+00
1.769203418836164277e+00
1.849218637194974590e+00
1.932852679201107371e+00
2.020269212277573612e+00
2.111639305983536996e+00
2.207141766788450532e+00
2.306963487986911865e+00
2.411299815439017724e+00
2.520354929851940096e+00
2.634342246350836358e+00
2.753484832121026571e+00
2.878015842938747237e+00
3.008178979444750212e+00
3.144228964053640052e+00
3.286432039432246821e+00
3.435066489522529576e+00
3.590423184128617606e+00
3.752806148133725372e+00
3.922533156460862980e+00
4.099936355941654398e+00
4.285362915310220622e+00
4.479175704594146268e+00
4.681754005232038551e+00
4.893494252307362125e+00
5.114810810351055892e+00
5.346136784231136474e+00
5.587924866716147854e+00
5.840648224371112640e+00
6.104801423519622183e+00
6.380901398084124487e+00
6.669488461198442408e+00
6.971127362572156372e+00
7.286408393676099493e+00
7.615948542911732844e+00
7.960392703025001460e+00
8.320414933127535662e+00
8.696719777794895023e+00
9.090043645823257634e+00
9.501156251342711911e+00
9.930862120107351032e+00
1.038000216390985919e+01
1.084945532620170283e+01
1.134014030213921664e+01
1.185301733642174860e+01
1.238909010244005415e+01
1.294940766641233587e+01
1.353506654035168921e+01
1.414721282788244139e+01
1.478704446710470144e+01
1.545581357489624708e+01
1.615482889723941540e+01
1.688545837036815911e+01
1.764913179774735141e+01
1.844734364812301664e+01
1.928165598011905857e+01
2.015370149910386388e+01
