0.000000000000000000e+00
9.843750000000000000e-01
2.953125000000000000e+00
1.378125000000000000e+01
3.543750000000000000e+01
7.875000000000000000e+01
1.122187500000000000e+02
2.126093750000000000e+02
2.962968750000000000e+02
3.927656250000000000e+02
5.728906250000000000e+02
7.077500000000000000e+02
8.445312500000000000e+02
1.054203125000000000e+03
1.254062500000000000e+03
1.497203125000000000e+03
1.748203125000000000e+03
2.025734375000000000e+03
2.176312500000000000e+03
2.521828125000000000e+03
2.772828125000000000e+03
3.033640625000000000e+03
3.418546875000000000e+03
3.677359375000000000e+03
4.173515625000000000e+03
4.402890625000000000e+03
4.847609375000000000e+03
5.358468750000000000e+03
5.732500000000000000e+03
6.104437500000000000e+03
6.655750000000000000e+03
7.295593750000000000e+03
7.759140625000000000e+03
8.431187500000000000e+03
8.835562500000000000e+03
9.736234375000000000e+03
1.037020312500000000e+04
1.084946875000000000e+04
1.168595312500000000e+04
1.238654687500000000e+04
1.333431250000000000e+04
1.380279687500000000e+04
1.495184375000000000e+04
1.571506250000000000e+04
1.645678125000000000e+04
1.762281250000000000e+04
1.841139062500000000e+04
1.931137500000000000e+04
2.041707812500000000e+04
2.126696875000000000e+04
2.193490625000000000e+04
2.330345312500000000e+04
2.401496875000000000e+04
2.509709375000000000e+04
2.593550000000000000e+04
2.652254687500000000e+04
2.701873437500000000e+04
2.789664062500000000e+04
2.825770312500000000e+04
2.866470312500000000e+04
2.882598437500000000e+04
2.899976562500000000e+04
2.901384375000000000e+04
2.859971875000000000e+04
2.864485937500000000e+04
2.750690625000000000e+04
2.687225000000000000e+04
2.568956250000000000e+04
2.458928125000000000e+04
2.266181250000000000e+04
2.043664062500000000e+04
1.852378125000000000e+04
1.644407812500000000e+04
1.446053125000000000e+04
1.220973437500000000e+04
1.047498437500000000e+04
9.047812500000000000e+03
7.445484375000000000e+03
5.983406250000000000e+03
4.859062500000000000e+03
3.824046875000000000e+03
3.103359375000000000e+03
2.309640625000000000e+03
1.798859375000000000e+03
1.280343750000000000e+03
9.674531250000000000e+02
6.697343750000000000e+02
4.750468750000000000e+02
3.047968750000000000e+02
1.838281250000000000e+02
1.347031250000000000e+02
7.182812500000000000e+01
4.912500000000000000e+01
2.456250000000000000e+01
1.475000000000000000e+01
1.475000000000000000e+01
4.906250000000000000e+00
9.843750000000000000e-01
9.843750000000000000e-01
0.000000000000000000e+00
