0.000000000000000000e+00
1.240195927061526898e-01
1.240195927061526898e-01
1.739926363384381724e-01
1.240195927061526898e-01
3.586950088515311608e-01
2.113710821635731707e-01
3.750000000000000000e-01
4.590134631740119264e-01
5.144399260360728032e-01
6.373774391990980615e-01
8.099418864184022571e-01
8.903508349942734768e-01
9.432117670491606543e-01
1.196409831276473490e+00
1.329411141962861587e+00
1.543319778108218188e+00
1.766039774290205422e+00
1.778506659391524414e+00
1.874739565246330342e+00
2.623837168037491008e+00
2.627184730728884254e+00
2.585831285583032990e+00
2.907257889747656865e+00
3.023346655611955924e+00
3.533323506275642512e+00
5.299225142355719953e+00
4.130175493774447482e+00
4.630064794363033975e+00
6.505331347248962004e+00
5.527541129426356115e+00
6.929031289392118431e+00
7.958863352224047283e+00
6.921927906118352958e+00
7.354297611558496151e+00
8.990826488009876272e+00
9.317689409800049560e+00
1.366321154082652001e+01
1.203575402706452735e+01
1.391582360064883161e+01
1.368964024362948706e+01
1.402563744930600365e+01
1.513331867054860425e+01
1.512022135254639643e+01
1.274781690869068029e+01
1.973011261371814840e+01
1.642126545015258543e+01
1.762305369351109263e+01
1.967221008451706865e+01
2.219847879782531308e+01
2.253330867848749719e+01
2.105326554799456673e+01
1.947103216961032146e+01
1.843124231730935136e+01
2.381573448341190513e+01
1.474264084159873356e+01
1.832430826627570042e+01
1.762621892948116198e+01
1.925892650175497067e+01
1.527641634953613803e+01
1.786832671543071527e+01
1.629961626034106814e+01
1.372067184716185828e+01
1.559468935046479210e+01
1.437065151619786540e+01
1.297013358583384068e+01
1.086735318439476394e+01
1.202819563502252898e+01
1.197768106730180016e+01
1.042415876402024111e+01
9.243544516816857737e+00
8.459231274176158166e+00
8.330982741399720837e+00
6.595378945708882057e+00
9.033304264636500491e+00
7.119515432949071077e+00
6.406097559161896271e+00
5.227607565548029633e+00
5.287048407133700501e+00
5.165970950303050202e+00
3.583272770806040786e+00
2.955686719592419909e+00
3.111847321126150590e+00
2.472850629208120932e+00
2.267671489518488404e+00
1.903879160917257396e+00
1.445629188277547161e+00
1.423076415507965597e+00
1.574252674882593350e+00
1.155722007826709197e+00
8.522431339559152219e-01
7.228145941387735807e-01
4.496092053105674724e-01
5.075119302784910635e-01
6.665852814906731982e-01
2.420614591379635638e-01
3.307189138830738395e-01
0.000000000000000000e+00
0.000000000000000000e+00
2.113710821635731707e-01
