0.000000000000000000e+00
2.113710821635731707e-01
1.739926363384381724e-01
1.739926363384381724e-01
1.739926363384381724e-01
2.113710821635731707e-01
3.772717646140511527e-01
6.700556763247365044e-01
4.284784125250652442e-01
5.570482334367464761e-01
7.498372219188641497e-01
8.379429798619951741e-01
7.948810838735564932e-01
1.340475661845450972e+00
9.841269528749835294e-01
1.292632367496652224e+00
1.717257875036536374e+00
1.820496905895475637e+00
1.666536453246672878e+00
2.853178052628331685e+00
1.953999804087758863e+00
2.672194790803993580e+00
3.180407243479205892e+00
3.208836371548883015e+00
3.799895917571295634e+00
3.866927074564504796e+00
3.752310486137174550e+00
5.034160648757645795e+00
5.466137768971342403e+00
6.132568665534859242e+00
7.953969134966516918e+00
6.156805178012375812e+00
7.722592034697611574e+00
9.378957498037827634e+00
1.018807513713949753e+01
1.101090324334815840e+01
1.069169097287117687e+01
1.303447202373383362e+01
1.191005311635405839e+01
1.356030368161052735e+01
1.397143255841629816e+01
1.427758261171599763e+01
1.662839926479319885e+01
1.664096977342366301e+01
1.916539850877095574e+01
1.420104495219893970e+01
1.835287783972857056e+01
1.827079695810708060e+01
1.728500044068194441e+01
2.056619813819207110e+01
1.857148746020024532e+01
1.967325253318258405e+01
2.048236665402706791e+01
2.417996895030057658e+01
1.873999733191016048e+01
1.840006130042438315e+01
1.747620452527879564e+01
1.537522230530342604e+01
1.803011261577420044e+01
1.619401413331481621e+01
1.359471081374572599e+01
1.580186617489766654e+01
1.414268804011458158e+01
1.507402794077863639e+01
1.527334758605247700e+01
1.170720264409905909e+01
1.273573612357664153e+01
1.108532911033204194e+01
1.146593971018075742e+01
9.912113800799504659e+00
9.412373422123668121e+00
9.294432452246613963e+00
6.967558754685891031e+00
1.050937778768919273e+01
7.319107591605686913e+00
6.451573663407634385e+00
7.155618831336322927e+00
5.083674851915688464e+00
5.180506392658443815e+00
4.512136411945011361e+00
3.722818152958857763e+00
2.847696437473629327e+00
2.701272848121788694e+00
3.036239450372779647e+00
2.223750966132449047e+00
2.084166500066633176e+00
1.870567677872148060e+00
2.076420823797526793e+00
1.060660171779821193e+00
1.260890062614500984e+00
9.955957701296244133e-01
9.721462643938925119e-01
4.677071733467426662e-01
3.307189138830738395e-01
2.683681880830885436e-01
3.630921887069453180e-01
1.739926363384381724e-01
2.113710821635731707e-01
3.307189138830738395e-01
0.000000000000000000e+00
