4.280109337096424937e+00
6.248417768473471412e+00
9.009421609314051338e+00
1.230677809621084329e+01
1.025036918161365485e+01
1.468789893075248543e+01
1.565668662065828087e+01
1.648951341715015673e+01
1.759191819948864932e+01
1.704221980433813499e+01
1.690349879416610435e+01
1.854039087371137384e+01
1.851688418714120488e+01
2.246818497203323162e+01
2.337700526158130288e+01
2.058480932629690230e+01
2.210945229668466894e+01
1.973495644432424356e+01
2.005183103196251793e+01
2.284436451806823598e+01
2.269980189031117845e+01
2.207719057647507910e+01
2.548716263110460645e+01
2.325317098671705907e+01
2.545606950433186810e+01
2.063671542269990056e+01
2.311747660557646000e+01
1.751149176255409756e+01
1.754869759011690888e+01
1.554265017972723406e+01
1.491014755124844449e+01
1.325706437562158868e+01
1.242782876187047414e+01
1.264979580801109194e+01
9.010830614287176132e+00
7.331688898840089230e+00
5.507097692977672487e+00
5.189735023040675799e+00
4.460520175313076763e+00
2.963317397782424312e+00
2.254985795409806926e+00
1.521894250391596648e+00
1.675813118869463825e+00
8.003905296791060664e-01
6.294761587026151961e-01
2.420614591379635638e-01
0.000000000000000000e+00
0.000000000000000000e+00
0.000000000000000000e+00
0.000000000000000000e+00
