0.000000000000000000e+00
3.000000000000000000e+00
3.000000000000000000e+00
2.000000000000000000e+00
2.000000000000000000e+00
1.000000000000000000e+01
1.200000000000000000e+01
1.000000000000000000e+01
1.100000000000000000e+01
2.600000000000000000e+01
2.700000000000000000e+01
4.300000000000000000e+01
6.300000000000000000e+01
5.600000000000000000e+01
8.200000000000000000e+01
1.190000000000000000e+02
1.420000000000000000e+02
1.730000000000000000e+02
2.040000000000000000e+02
2.770000000000000000e+02
3.240000000000000000e+02
4.140000000000000000e+02
4.370000000000000000e+02
5.280000000000000000e+02
6.610000000000000000e+02
8.110000000000000000e+02
9.030000000000000000e+02
1.111000000000000000e+03
1.289000000000000000e+03
1.450000000000000000e+03
1.695000000000000000e+03
1.978000000000000000e+03
2.292000000000000000e+03
2.627000000000000000e+03
2.846000000000000000e+03
3.354000000000000000e+03
3.566000000000000000e+03
4.088000000000000000e+03
4.539000000000000000e+03
4.949000000000000000e+03
5.394000000000000000e+03
5.734000000000000000e+03
6.320000000000000000e+03
6.608000000000000000e+03
6.996000000000000000e+03
7.582000000000000000e+03
7.661000000000000000e+03
7.829000000000000000e+03
8.187000000000000000e+03
8.336000000000000000e+03
8.422000000000000000e+03
8.399000000000000000e+03
8.350000000000000000e+03
8.194000000000000000e+03
8.084000000000000000e+03
7.671000000000000000e+03
7.524000000000000000e+03
7.303000000000000000e+03
6.923000000000000000e+03
6.244000000000000000e+03
5.841000000000000000e+03
5.657000000000000000e+03
5.131000000000000000e+03
4.599000000000000000e+03
4.325000000000000000e+03
3.901000000000000000e+03
3.564000000000000000e+03
3.103000000000000000e+03
2.793000000000000000e+03
2.398000000000000000e+03
2.132000000000000000e+03
1.750000000000000000e+03
1.521000000000000000e+03
1.379000000000000000e+03
1.129000000000000000e+03
1.031000000000000000e+03
7.770000000000000000e+02
6.430000000000000000e+02
5.450000000000000000e+02
4.310000000000000000e+02
3.620000000000000000e+02
2.450000000000000000e+02
2.170000000000000000e+02
1.600000000000000000e+02
1.240000000000000000e+02
8.700000000000000000e+01
6.000000000000000000e+01
5.200000000000000000e+01
3.800000000000000000e+01
2.200000000000000000e+01
1.800000000000000000e+01
8.000000000000000000e+00
8.000000000000000000e+00
3.000000000000000000e+00
2.000000000000000000e+00
2.000000000000000000e+00
0.000000000000000000e+00
1.000000000000000000e+00
0.000000000000000000e+00
1.000000000000000000e+00
