1.811465694763623735e-01
1.899904973811894493e-01
1.992662030503532522e-01
2.089947667142426913e-01
2.191982977811012812e-01
2.298999850834922143e-01
2.411241495778937705e-01
2.528962996171905675e-01
2.652431889216761984e-01
2.781928773803132304e-01
2.917747948204276187e-01
3.060198078907649388e-01
3.209602902099077393e-01
3.366301959394733534e-01
3.530651369493001956e-01
3.703024637499876537e-01
3.883813503767205577e-01
4.073428834172857504e-01
4.272301553866119650e-01
4.480883626600337122e-01
4.699649081878498058e-01
4.929095092246051357e-01
5.169743103179260668e-01
5.422140018136905049e-01
5.686859441468505860e-01
5.964502982003760945e-01
6.255701620285732956e-01
6.561117142555040749e-01
6.881443644743941990e-01
7.217409109898319519e-01
7.569777062612500496e-01
7.939348304236782949e-01
8.326962732801180822e-01
8.733501251791379039e-01
9.159887772114849724e-01
9.607091311806843503e-01
1.007612819824811323e+00
1.056806437789919784e+00
1.108401783880041291e+00
1.162516115134301975e+00
1.219272413308576608e+00
1.278799664367298305e+00
1.341233151620597974e+00
1.406714763172973504e+00
1.475393314382197785e+00
1.547424886061299798e+00
1.622973179192223281e+00
1.702209886957296137e+00
1.785315084934002039e+00
1.872477640339815563e+00
1.963895641257171754e+00
2.059776846814028950e+00
2.160339159343123594e+00
2.265811119592960665e+00
2.376432426115966834e+00
2.492454480014179463e+00
2.614140956280488481e+00
2.741768403033860046e+00
2.875626870010396186e+00
3.016020567738544322e+00
3.163268558896532134e+00
3.317705483423208257e+00
3.479682319030205306e+00
3.649567178843795112e+00
3.827746147989161685e+00
4.014624161018345738e+00
4.210625922175937674e+00
4.416196870593921631e+00
4.631804192609213722e+00
4.857937883504512833e+00
5.095111861085404925e+00
5.343865133624461805e+00
5.604763024826650231e+00
5.878398458599937371e+00
6.165393306550886798e+00
6.466399801267610492e+00
6.782102018601961824e+00
7.113217432319608236e+00
7.460498544651147590e+00
7.824734596449918200e+00
8.206753360843022094e+00
8.607423024451881233e+00
9.027654160457656118e+00
9.468401797995545266e+00
9.930667592580931569e+00
1.041550210249997654e+01
1.092400717633801399e+01
1.145733845707172982e+01
1.201670800841598741e+01
1.260338706939404929e+01
1.321870894339120284e+01
1.386407202825767548e+01
1.454094299434704674e+01
1.525086011771264793e+01
1.599543677603712943e+01
1.677636511524010032e+01
1.759541989509669691e+01
1.845446252260668984e+01
1.935544528228055938e+01
2.030041577295634170e+01
