2.122143543935187116e-01
2.220941604185391882e-01
2.324339285765217034e-01
2.432550727660008905e-01
2.545800038263839604e-01
2.664321759513175736e-01
2.788361352628632162e-01
2.918175706470833020e-01
3.054033669563170350e-01
3.196216606883299782e-01
3.345018982576508093e-01
3.500748969797751742e-01
3.663729088945376078e-01
3.834296875608306232e-01
4.012805579610041473e-01
4.199624896597194401e-01
4.395141733687711327e-01
4.599761010764440439e-01
4.813906499073559719e-01
5.038021698864608711e-01
5.272570757889744053e-01
5.518039432664444410e-01
5.774936094480471738e-01
6.043792782254551188e-01
6.325166304393246008e-01
6.619639391956021468e-01
6.927821905504724098e-01
7.250352098138878043e-01
7.587897937332589438e-01
7.941158488310606778e-01
8.310865361828534414e-01
8.697784229355597363e-01
9.102716408797929537e-01
9.526500524046453977e-01
9.970014241786318010e-01
1.043417608916485717e+00
1.091994735608252887e+00
1.142833408604646994e+00
1.196038915970984107e+00
1.251721447541195076e+00
1.309996323123515660e+00
1.370984231330471648e+00
1.434811479527780653e+00
1.501610255419822737e+00
1.571518900813427155e+00
1.644682198126948602e+00
1.721251670237995857e+00
1.801385894290811418e+00
1.885250830113195830e+00
1.973020163923142611e+00
2.064875668037005951e+00
2.161007577324161932e+00
2.261614983187815842e+00
2.366906245887894222e+00
2.477099426059950815e+00
2.592422736323778842e+00
2.713115013917013485e+00
2.839426215332563785e+00
2.971617933984279869e+00
3.109963941972952117e+00
3.254750757074650114e+00
3.406278236125652725e+00
3.564860196032875628e+00
3.730825063695931032e+00
3.904516556186819365e+00
4.086294392595913649e+00
4.276535039018506623e+00
4.475632488224781547e+00
4.683999075627932385e+00
4.902066333240324703e+00
5.130285883386253687e+00
5.369130374022202723e+00
5.619094457601672588e+00
5.880695815511829849e+00
6.154476230203610676e+00
6.441002707235683467e+00
6.740868649556047032e+00
7.054695086453235398e+00
7.383131959722310178e+00
7.726859469709321360e+00
8.086589484021924790e+00
8.463067011823630637e+00
8.857071746764974662e+00
9.269419681747073980e+00
9.700964798861756222e+00
1.015260083800818158e+01
1.062526314784882508e+01
1.111993062293811185e+01
1.163762773103565706e+01
1.217942663480265786e+01
1.274644941227549744e+01
1.333987038071524722e+01
1.396091852864583949e+01
1.461088006111768145e+01
1.529110106346798581e+01
1.600299028909457277e+01
1.674802207701668166e+01
1.752773940526513741e+01
1.834375708642542691e+01
1.919776511195186330e+01
