4.108364894866935124e+00
6.030015255733188972e+00
9.879535647457069913e+00
1.164296327186511348e+01
1.316300301745388168e+01
1.324047970182255085e+01
1.429075176250360890e+01
1.659678056130163881e+01
1.872586337086691088e+01
1.996263599671896927e+01
1.774689123304417038e+01
1.917537661584186637e+01
1.706418833222078746e+01
2.204128206875396501e+01
2.230251877591407705e+01
2.119873757112378243e+01
1.987293621360467100e+01
2.244437024866982000e+01
2.352699060885975157e+01
2.456782703048847338e+01
2.825521505376264031e+01
2.806437911303223487e+01
2.163885371812414249e+01
2.422774026684081861e+01
2.805157081163192245e+01
2.446577149017326747e+01
2.111472915074628531e+01
2.190907502290717446e+01
2.029238787967978297e+01
1.786448007744697719e+01
1.674556115391105493e+01
1.192751545796525114e+01
1.178989859941021656e+01
1.258343249822956622e+01
8.232877591553272367e+00
7.863520899539849118e+00
6.390128342558934804e+00
4.746272180287915532e+00
4.205621934907487258e+00
3.036239450372779647e+00
2.397101113845638398e+00
1.535946242345414881e+00
1.507711298417240053e+00
7.977935882012339164e-01
6.179287479151621687e-01
0.000000000000000000e+00
0.000000000000000000e+00
0.000000000000000000e+00
0.000000000000000000e+00
0.000000000000000000e+00
