0.000000000000000000e+00
1.240195927061526898e-01
2.914805954090254891e-01
3.476343040826092023e-01
2.420614591379635638e-01
4.496092053105674724e-01
3.307189138830738395e-01
3.899994991983963821e-01
6.325713274999112956e-01
7.880950133074057229e-01
7.340424779091465624e-01
1.017306300666126706e+00
8.190839013800722546e-01
1.179247641507075395e+00
1.260890062614500984e+00
1.256137277281030196e+00
1.468999313946402152e+00
1.968936003118181510e+00
2.151432571421888706e+00
2.075715238176951694e+00
2.105552091346827748e+00
2.952050068913974368e+00
3.575599545443393090e+00
3.457187937833290370e+00
4.288856153961683404e+00
3.975725906595549031e+00
4.545747282832054204e+00
5.060932434776717947e+00
5.845483532982964192e+00
4.713262537775717576e+00
6.950649137850363424e+00
6.195209054937129700e+00
7.435382445400841256e+00
9.379569199029079485e+00
8.284020762890445866e+00
9.128424015129883884e+00
9.765299994591819299e+00
1.174674780457872103e+01
1.132491333783067056e+01
1.474793914363545966e+01
1.209839219689955314e+01
1.388561495701126702e+01
1.548940382517593939e+01
1.218027630472211342e+01
1.459395074808394632e+01
1.731687106371991192e+01
1.627786073168092784e+01
1.738306355155787841e+01
1.474336947103256357e+01
1.625888429011581948e+01
1.679553046944335293e+01
2.030730101735272441e+01
2.040885200677331213e+01
1.350078665242788745e+01
1.435946851166504779e+01
1.394757728458154133e+01
1.738499459618480714e+01
1.769787681474814534e+01
1.379084841480030121e+01
1.339869943257087215e+01
1.414817650573740870e+01
1.565846416478959746e+01
1.367885536089825749e+01
1.164496563367084470e+01
1.205970660660946514e+01
1.284377851274207316e+01
1.237325390143494097e+01
1.201155043073124595e+01
1.003946071681019170e+01
9.685634901104831940e+00
9.079025880429023587e+00
9.472810082513793972e+00
7.488989313485499011e+00
8.452070752188483027e+00
7.429469798335207820e+00
6.702378309227254860e+00
6.303811316130504494e+00
6.040229714174784270e+00
3.790278477565995452e+00
4.406914843459083464e+00
2.998534798447401784e+00
3.811699454885576266e+00
3.578875467150959722e+00
3.152225156536252459e+00
2.439702530535229119e+00
2.711196403342996497e+00
1.886876449154792912e+00
1.966951063035122793e+00
1.519405722642902301e+00
1.273221799216460060e+00
9.094770131784529754e-01
9.222721602108566730e-01
5.829611908180509783e-01
7.703933147263156700e-01
6.091746465505601948e-01
5.777025483542547191e-01
2.420614591379635638e-01
2.683681880830885436e-01
3.121091305537215255e-01
0.000000000000000000e+00
