7.031438907191351895e-01
7.384760219684194382e-01
7.755835501387234876e-01
8.145556867809986556e-01
8.554861262188817594e-01
8.984732708026079706e-01
9.436204674816611737e-01
9.910362562649137619e-01
1.040834631165589386e+00
1.093135314258393720e+00
1.148064043507685650e+00
1.205752875058666573e+00
1.266340500718336148e+00
1.329972581389483599e+00
1.396802097259333575e+00
1.466989715584749110e+00
1.540704176958195504e+00
1.618122700983104512e+00
1.699431412333933800e+00
1.784825788225230969e+00
1.874511128365476287e+00
1.968703048525539012e+00
2.067627998908355025e+00
2.171523808566047542e+00
2.280640257173361274e+00
2.395239675532010448e+00
2.515597576249652079e+00
2.642003316109712951e+00
2.774760791724500297e+00
2.914189170144044105e+00
3.060623656177145602e+00
3.214416298269388683e+00
3.375936834875540526e+00
3.545573583361151471e+00
3.723734373570377620e+00
3.910847528304467247e+00
4.107362893068102316e+00
4.313752917559249056e+00
4.530513791502568388e+00
4.758166637557089906e+00
4.997258764166045530e+00
5.248364981360895243e+00
5.512088982682924687e+00
5.789064796544725944e+00
6.079958310520845011e+00
6.385468872232184623e+00
6.706330970672922831e+00
7.043316002022077527e+00
7.397234124184971726e+00
7.768936204523156697e+00
8.159315865455418759e+00
8.569311632847771421e+00
8.999909192357446130e+00
9.452143759155424263e+00
9.927102566724700594e+00
1.042592748071762365e+01
1.094981774415643017e+01
1.150003286057676632e+01
1.207789562204571077e+01
1.268479528933405476e+01
1.332219093188835579e+01
1.399161493563259384e+01
1.469467668703261154e+01
1.543306644228032809e+01
1.620855939089983266e+01
1.702301992354469462e+01
1.787840611424703141e+01
1.877677442789409312e+01
1.972028466424990967e+01
2.071120515040804477e+01
2.175191819415880445e+01
2.284492581138163558e+01
2.399285574123195630e+01
2.519846776358394891e+01
2.646466033391723016e+01
2.779447755159848654e+01
2.919111647831089940e+01
3.065793482422582628e+01
3.219845902039525498e+01
3.381639269677235404e+01
3.551562558624211619e+01
3.730024287606904210e+01
3.917453502924352904e+01
4.114300809933921244e+01
4.321039456367937959e+01
4.538166470085688786e+01
4.766203853996084661e+01
5.005699841023724872e+01
5.257230212135511493e+01
5.521399680596513804e+01
5.798843345782984926e+01
6.090228220047765006e+01
6.396254832308802918e+01
6.717658912216076317e+01
7.055213158945849727e+01
7.409729098874738895e+01
7.782059036599615354e+01
8.173098103993925179e+01
8.583786412226611162e+01
9.015111311917388548e+01
