0.000000000000000000e+00
1.000000000000000000e+00
0.000000000000000000e+00
0.000000000000000000e+00
1.000000000000000000e+00
1.000000000000000000e+00
2.000000000000000000e+00
4.000000000000000000e+00
8.000000000000000000e+00
1.100000000000000000e+01
1.500000000000000000e+01
2.600000000000000000e+01
3.700000000000000000e+01
4.100000000000000000e+01
6.400000000000000000e+01
7.900000000000000000e+01
9.900000000000000000e+01
1.490000000000000000e+02
1.540000000000000000e+02
1.950000000000000000e+02
2.780000000000000000e+02
2.760000000000000000e+02
3.280000000000000000e+02
4.720000000000000000e+02
5.260000000000000000e+02
6.240000000000000000e+02
8.210000000000000000e+02
9.120000000000000000e+02
1.090000000000000000e+03
1.202000000000000000e+03
1.514000000000000000e+03
1.741000000000000000e+03
1.922000000000000000e+03
2.298000000000000000e+03
2.624000000000000000e+03
2.911000000000000000e+03
3.310000000000000000e+03
3.760000000000000000e+03
4.031000000000000000e+03
4.524000000000000000e+03
4.745000000000000000e+03
5.267000000000000000e+03
5.777000000000000000e+03
6.138000000000000000e+03
6.428000000000000000e+03
6.978000000000000000e+03
7.206000000000000000e+03
7.423000000000000000e+03
7.547000000000000000e+03
7.860000000000000000e+03
7.912000000000000000e+03
7.902000000000000000e+03
7.976000000000000000e+03
7.767000000000000000e+03
7.784000000000000000e+03
7.343000000000000000e+03
7.019000000000000000e+03
6.915000000000000000e+03
6.603000000000000000e+03
6.055000000000000000e+03
5.625000000000000000e+03
5.344000000000000000e+03
4.805000000000000000e+03
4.506000000000000000e+03
4.247000000000000000e+03
3.675000000000000000e+03
3.362000000000000000e+03
2.984000000000000000e+03
2.636000000000000000e+03
2.320000000000000000e+03
1.919000000000000000e+03
1.768000000000000000e+03
1.517000000000000000e+03
1.248000000000000000e+03
1.103000000000000000e+03
8.710000000000000000e+02
7.480000000000000000e+02
6.080000000000000000e+02
5.060000000000000000e+02
4.200000000000000000e+02
3.050000000000000000e+02
2.560000000000000000e+02
2.050000000000000000e+02
1.430000000000000000e+02
9.900000000000000000e+01
6.600000000000000000e+01
6.300000000000000000e+01
3.800000000000000000e+01
1.200000000000000000e+01
1.600000000000000000e+01
8.000000000000000000e+00
6.000000000000000000e+00
1.000000000000000000e+00
2.000000000000000000e+00
2.000000000000000000e+00
1.000000000000000000e+00
0.000000000000000000e+00
0.000000000000000000e+00
0.000000000000000000e+00
1.000000000000000000e+00
