0.000000000000000000e+00
2.113710821635731707e-01
4.281934251888975251e-01
4.496092053105674724e-01
8.563868503777950503e-01
8.425917976695477263e-01
1.467086824288187819e+00
1.568426261416200562e+00
2.106015843809110777e+00
2.432235902287235074e+00
3.119839489060294735e+00
3.495497941549243759e+00
4.419389760970964254e+00
4.155192534648665337e+00
5.055067846972976398e+00
5.319824913413504497e+00
5.527430708238231460e+00
4.842212457583309870e+00
6.230732018340622069e+00
6.106776941183867713e+00
8.467712113522754436e+00
6.696821045046299048e+00
7.337563883878626569e+00
8.514635837045528177e+00
9.130229130989812703e+00
9.422160028856175984e+00
9.451342807208666486e+00
1.264648543074319953e+01
1.392403181946145274e+01
1.165184023488886567e+01
1.198785803362614821e+01
1.364661953046889131e+01
1.536914745063547727e+01
1.509383896195315167e+01
1.583595098975745152e+01
1.585665771056435425e+01
2.015174368230947977e+01
1.924740622744724661e+01
1.789574162641422816e+01
2.250674812000836411e+01
2.007398425201135694e+01
2.531133774337845921e+01
2.278155006661091875e+01
2.353403038022811700e+01
2.565675909208672678e+01
2.828008889191077202e+01
3.025109356881788969e+01
2.714392610897279567e+01
3.331793752526557739e+01
2.825241537655453428e+01
3.543368310573288227e+01
3.562236489706116060e+01
3.631510519376716672e+01
3.336607075659905775e+01
3.278444857488646136e+01
4.124744014310918772e+01
3.317036619272351317e+01
3.845582642380085758e+01
3.615272171094972009e+01
3.245307610131126097e+01
3.893940291798752185e+01
3.579310324956995260e+01
3.261373952584056468e+01
3.593145329565031432e+01
3.183083643948898711e+01
3.002030562802450930e+01
2.922664916620403375e+01
2.775112170452529625e+01
2.150726621400311700e+01
2.053006084836330913e+01
2.046394862579983709e+01
1.879484221136213762e+01
1.658871009856929746e+01
1.389662588319553116e+01
1.554711055097940076e+01
1.361681771227679327e+01
1.073844537092660367e+01
1.097314504184534201e+01
1.028859682412402599e+01
9.215942369068939044e+00
6.880235932319108905e+00
7.403002320638228717e+00
5.855665492441914033e+00
5.396396367021236706e+00
3.927939782825088155e+00
3.577783826529350453e+00
3.155437704879467287e+00
2.171369095755026013e+00
2.015988339344997105e+00
1.764933492904194434e+00
1.246479417198695705e+00
1.125759292377815468e+00
7.899515412352836607e-01
6.758602735588177257e-01
4.394487847007885195e-01
2.420614591379635638e-01
2.914805954090254891e-01
1.240195927061526898e-01
1.739926363384381724e-01
0.000000000000000000e+00
