0.000000000000000000e+00
9.843750000000000000e-01
0.000000000000000000e+00
9.843750000000000000e-01
5.906250000000000000e+00
2.067187500000000000e+01
4.035937500000000000e+01
8.268750000000000000e+01
1.506093750000000000e+02
2.313125000000000000e+02
3.366562500000000000e+02
4.587187500000000000e+02
5.975000000000000000e+02
7.785781250000000000e+02
9.420312500000000000e+02
1.183156250000000000e+03
1.392828125000000000e+03
1.563140625000000000e+03
1.761859375000000000e+03
2.031625000000000000e+03
2.393843750000000000e+03
2.602625000000000000e+03
2.972578125000000000e+03
3.177312500000000000e+03
3.541531250000000000e+03
3.922468750000000000e+03
4.367343750000000000e+03
4.751171875000000000e+03
5.125281250000000000e+03
5.573125000000000000e+03
6.040562500000000000e+03
6.587703125000000000e+03
6.829140625000000000e+03
7.487265625000000000e+03
8.182171875000000000e+03
8.654640625000000000e+03
9.267078125000000000e+03
1.001665625000000000e+04
1.068315625000000000e+04
1.163475000000000000e+04
1.210823437500000000e+04
1.287673437500000000e+04
1.361207812500000000e+04
1.473287500000000000e+04
1.567473437500000000e+04
1.655353125000000000e+04
1.752495312500000000e+04
1.823881250000000000e+04
1.930067187500000000e+04
2.010193750000000000e+04
2.136426562500000000e+04
2.206690625000000000e+04
2.336128125000000000e+04
2.411843750000000000e+04
2.512228125000000000e+04
2.580021875000000000e+04
2.654981250000000000e+04
2.692484375000000000e+04
2.798635937500000000e+04
2.836742187500000000e+04
2.835643750000000000e+04
2.896760937500000000e+04
2.925165625000000000e+04
2.844276562500000000e+04
2.883657812500000000e+04
2.800225000000000000e+04
2.738681250000000000e+04
2.667729687500000000e+04
2.531081250000000000e+04
2.395337500000000000e+04
2.234118750000000000e+04
2.024037500000000000e+04
1.803296875000000000e+04
1.582685937500000000e+04
1.383315625000000000e+04
1.186276562500000000e+04
1.001507812500000000e+04
8.369781250000000000e+03
6.940453125000000000e+03
5.600953125000000000e+03
4.558171875000000000e+03
3.481656250000000000e+03
2.708531250000000000e+03
1.992625000000000000e+03
1.484046875000000000e+03
1.058375000000000000e+03
7.790156250000000000e+02
5.142968750000000000e+02
3.481250000000000000e+02
2.173437500000000000e+02
1.367187500000000000e+02
8.453125000000000000e+01
5.796875000000000000e+01
3.245312500000000000e+01
2.260937500000000000e+01
6.890625000000000000e+00
2.953125000000000000e+00
1.968750000000000000e+00
1.968750000000000000e+00
0.000000000000000000e+00
