0.000000000000000000e+00
1.968750000000000000e+00
9.687500000000000000e-01
3.890625000000000000e+00
3.921875000000000000e+00
4.906250000000000000e+00
7.812500000000000000e+00
4.921875000000000000e+00
1.865625000000000000e+01
1.960937500000000000e+01
2.062500000000000000e+01
2.739062500000000000e+01
4.206250000000000000e+01
4.209375000000000000e+01
6.548437500000000000e+01
8.523437500000000000e+01
1.066875000000000000e+02
1.517343750000000000e+02
1.605000000000000000e+02
2.172343750000000000e+02
2.737500000000000000e+02
3.160937500000000000e+02
4.146875000000000000e+02
4.630781250000000000e+02
6.097968750000000000e+02
7.032031250000000000e+02
7.757031250000000000e+02
9.877968750000000000e+02
1.097281250000000000e+03
1.336906250000000000e+03
1.519671875000000000e+03
1.759015625000000000e+03
2.063937500000000000e+03
2.321000000000000000e+03
2.589390625000000000e+03
2.902562500000000000e+03
3.334484375000000000e+03
3.614437500000000000e+03
3.991453125000000000e+03
4.532406250000000000e+03
4.849843750000000000e+03
5.264218750000000000e+03
5.582171875000000000e+03
6.058343750000000000e+03
6.429625000000000000e+03
6.812296875000000000e+03
7.207531250000000000e+03
7.245562500000000000e+03
7.319921875000000000e+03
7.745250000000000000e+03
7.808265625000000000e+03
7.854656250000000000e+03
7.554343750000000000e+03
7.513562500000000000e+03
7.382015625000000000e+03
7.077687500000000000e+03
6.896031250000000000e+03
6.455437500000000000e+03
6.250484375000000000e+03
5.834109375000000000e+03
5.475359375000000000e+03
4.980156250000000000e+03
4.625125000000000000e+03
4.315828125000000000e+03
3.995265625000000000e+03
3.570265625000000000e+03
3.197687500000000000e+03
2.837531250000000000e+03
2.466718750000000000e+03
2.239796875000000000e+03
1.942015625000000000e+03
1.734406250000000000e+03
1.479937500000000000e+03
1.209515625000000000e+03
1.096484375000000000e+03
8.072500000000000000e+02
7.291718750000000000e+02
5.936875000000000000e+02
5.040781250000000000e+02
4.134062500000000000e+02
2.972500000000000000e+02
2.484531250000000000e+02
1.923906250000000000e+02
1.645625000000000000e+02
1.152968750000000000e+02
6.231250000000000000e+01
5.860937500000000000e+01
3.650000000000000000e+01
1.918750000000000000e+01
2.492187500000000000e+01
3.875000000000000000e+00
4.781250000000000000e+00
1.937500000000000000e+00
1.906250000000000000e+00
1.937500000000000000e+00
9.687500000000000000e-01
0.000000000000000000e+00
0.000000000000000000e+00
9.687500000000000000e-01
9.218750000000000000e-01
