6.700000000000000000e+02
1.995000000000000000e+03
3.191000000000000000e+03
4.267000000000000000e+03
5.104000000000000000e+03
5.742000000000000000e+03
6.332000000000000000e+03
6.735000000000000000e+03
7.118000000000000000e+03
7.498000000000000000e+03
7.879000000000000000e+03
7.966000000000000000e+03
8.330000000000000000e+03
8.619000000000000000e+03
8.795000000000000000e+03
9.230000000000000000e+03
9.230000000000000000e+03
9.350000000000000000e+03
9.539000000000000000e+03
9.621000000000000000e+03
9.727000000000000000e+03
9.551000000000000000e+03
9.504000000000000000e+03
9.392000000000000000e+03
9.065000000000000000e+03
8.661000000000000000e+03
8.125000000000000000e+03
7.484000000000000000e+03
6.775000000000000000e+03
5.851000000000000000e+03
4.983000000000000000e+03
4.164000000000000000e+03
3.343000000000000000e+03
2.667000000000000000e+03
1.889000000000000000e+03
1.187000000000000000e+03
9.640000000000000000e+02
7.140000000000000000e+02
4.220000000000000000e+02
2.910000000000000000e+02
1.560000000000000000e+02
9.100000000000000000e+01
5.500000000000000000e+01
1.700000000000000000e+01
6.000000000000000000e+00
2.000000000000000000e+00
0.000000000000000000e+00
0.000000000000000000e+00
0.000000000000000000e+00
0.000000000000000000e+00
