7.358231706551731088e-01
7.722930421025577807e-01
8.105704830536377692e-01
8.507450827331901611e-01
8.929108707093259545e-01
9.371665369718414906e-01
9.836156629183938627e-01
1.032366963789127956e+00
1.083534543117178339e+00
1.137238159790595837e+00
1.193603508350759013e+00
1.252762513183319548e+00
1.314853637290240185e+00
1.380022206365612458e+00
1.448420748933763713e+00
1.520209353345751691e+00
1.595556042469805869e+00
1.674637166952688938e+00
1.757637817972413030e+00
1.844752260448369041e+00
1.936184387722806433e+00
2.032148198777860681e+00
2.132868299105053822e+00
2.238580426399582546e+00
2.349532002309772771e+00
2.465982711533101224e+00
2.588205109614162502e+00
2.716485260867142149e+00
2.851123407915879593e+00
2.992434674418588347e+00
3.140749802621971565e+00
3.296415927471007201e+00
3.459797389086215258e+00
3.631276585510028632e+00
3.811254867718146144e+00
4.000153478990658762e+00
4.198414540841567621e+00
4.406502087814285318e+00
4.624903153565080416e+00
4.854128910776476680e+00
5.094715867568587520e+00
5.347227123208631916e+00
5.612253686057623092e+00
5.890415856838937536e+00
6.182364680466324813e+00
6.488783469829399131e+00
6.810389405103065563e+00
7.147935212324097343e+00
7.502210925163613098e+00
7.874045734018933373e+00
8.264309926752639868e+00
8.673916925621197649e+00
9.103825425160609441e+00
9.555041636032868269e+00
1.002862164008499946e+01
1.052567386213272549e+01
1.104736166425409749e+01
1.159490606866497764e+01
1.216958861554943105e+01
1.277275436253381891e+01
1.340581503282483489e+01
1.407025231937999621e+01
1.476762135284377919e+01
1.549955434136643895e+01
1.626776439082449244e+01
1.707404951438406826e+01
1.792029684079189167e+01
1.880848703124313204e+01
1.974069891516419872e+01
2.071911435576053151e+01
2.174602335671715636e+01
2.282382942200475995e+01
2.395505518133549572e+01
2.514234829443550723e+01
2.638848764795302060e+01
2.769638985950587795e+01
2.906911610409186153e+01
3.050987927883856088e+01
3.202205152286251888e+01
3.360917210983791392e+01
3.527495573174726928e+01
3.702330119320309620e+01
3.885830053668895090e+01
4.078424862007838669e+01
4.280565316884800353e+01
4.492724532651163827e+01
4.715399072797010405e+01
4.949110112169285713e+01
5.194404656793442143e+01
5.451856824153541936e+01
5.722069186927316053e+01
6.005674183321313819e+01
6.303335597306939064e+01
6.615750112222009705e+01
6.943648941374031835e+01
7.287799539461612142e+01
7.649007398819750847e+01
8.028117934693020175e+01
8.426018463949255022e+01
8.843640281864971087e+01
