6.638125000000000000e+02
1.990828125000000000e+03
3.238031250000000000e+03
4.153750000000000000e+03
5.066453125000000000e+03
5.628062500000000000e+03
6.322687500000000000e+03
6.870281250000000000e+03
7.127734375000000000e+03
7.675156250000000000e+03
7.950609375000000000e+03
8.231031250000000000e+03
8.521000000000000000e+03
8.871937500000000000e+03
9.136484375000000000e+03
9.194859375000000000e+03
9.525890625000000000e+03
9.718515625000000000e+03
9.825562500000000000e+03
9.735640625000000000e+03
9.923000000000000000e+03
9.752296875000000000e+03
9.625578125000000000e+03
9.480218750000000000e+03
9.208093750000000000e+03
8.760484375000000000e+03
8.261390625000000000e+03
7.563484375000000000e+03
6.839578125000000000e+03
6.054718750000000000e+03
5.164359375000000000e+03
4.279718750000000000e+03
3.422859375000000000e+03
2.622125000000000000e+03
1.899109375000000000e+03
1.323093750000000000e+03
9.729375000000000000e+02
7.068906250000000000e+02
4.417031250000000000e+02
2.587968750000000000e+02
1.565156250000000000e+02
1.032187500000000000e+02
3.379687500000000000e+01
1.635937500000000000e+01
4.796875000000000000e+00
1.875000000000000000e+00
0.000000000000000000e+00
0.000000000000000000e+00
0.000000000000000000e+00
0.000000000000000000e+00
