1.376254119314106183e-01
1.446656395069292333e-01
1.520660099050523129e-01
1.598449462308973446e-01
1.680218140234740476e-01
1.766169694658878686e-01
1.856518100617363110e-01
1.951488279038551821e-01
2.051316656680289563e-01
2.156251754710575841e-01
2.266554807397090920e-01
2.382500412445771321e-01
2.504377214607456659e-01
2.632488624254440968e-01
2.767153572715787546e-01
2.908707306251840929e-01
3.057502220644484625e-01
3.213908738480873994e-01
3.378316231314608675e-01
3.551133989000060942e-01
3.732792238612998581e-01
3.923743215494086556e-01
4.124462289081619604e-01
4.335449146336225468e-01
4.557229035703652675e-01
4.790354074712470656e-01
5.035404624461934375e-01
5.292990734421759713e-01
5.563753661140641293e-01
5.848367464644287361e-01
6.147540686497200424e-01
6.462018113705699784e-01
6.792582632853403357e-01
7.140057179084997596e-01
7.505306784790269914e-01
7.889240733088576096e-01
8.292814821474778775e-01
8.717033741262011359e-01
9.162953578744815752e-01
9.631684444309278614e-01
1.012439323603528729e+00
1.064230654467085202e+00
1.118671370721038505e+00
1.175897001667876252e+00
1.236050009611188827e+00
1.299280144513321522e+00
1.365744816795539274e+00
1.435609489208781842e+00
1.509048088750564842e+00
1.586243439653493237e+00
1.667387718523296813e+00
1.752682932759451528e+00
1.842341423449408877e+00
1.936586393988373400e+00
2.035652465740630301e+00
2.139786262125719762e+00
2.249247022583542144e+00
2.364307247946847212e+00
2.485253378827744442e+00
2.612386508707085220e+00
2.746023133501918956e+00
2.886495939477076167e+00
3.034154631462366414e+00
3.189366803437224451e+00
3.352518853650108710e+00
3.524016946550832419e+00
3.704288023930543350e+00
3.893780867786561739e+00
4.092967217558068249e+00
4.302342944513979361e+00
4.522429286216634203e+00
4.753774144134466084e+00
4.996953447634042256e+00
5.252572587747123656e+00
5.521267924282064143e+00
5.803708370031496422e+00
6.100597056020151676e+00
6.412673081938429220e+00
6.740713356119396593e+00
7.085534529639801349e+00
7.447995029360013675e+00
7.828997194964126827e+00
8.229489525320337506e+00
8.650469039753881262e+00
9.092983760110881164e+00
9.558135319792167905e+00
1.004708170625221619e+01
1.056104014379060274e+01
1.110129012381267088e+01
1.166917659010313635e+01
1.226611328704238879e+01
1.289358627910077537e+01
1.355315765037261855e+01
1.424646939335986673e+01
1.497524749668645505e+01
1.574130624191972316e+01
1.654655272019568102e+01
1.739299157989224298e+01
1.828273001716969759e+01
1.921798302180221540e+01
