3.539812627456430771e+00
6.225714536049255621e+00
9.402252057353068793e+00
1.302790537113986780e+01
1.157511980229578441e+01
1.260518246595423086e+01
1.528919623408552475e+01
1.646960238543648103e+01
1.502588911678773087e+01
1.919775275748440180e+01
1.507918551969899923e+01
2.010343735184047986e+01
1.978561242378852825e+01
2.256807734908703011e+01
2.301848357163216718e+01
2.125578965246880614e+01
1.855344239243421356e+01
2.224804678926894042e+01
1.954801155768470977e+01
1.955238856092779187e+01
2.273135718802058136e+01
2.275718893970650214e+01
2.740466429278052729e+01
2.385400234204681524e+01
2.250555486985379972e+01
2.624709340306798566e+01
2.095027012616722928e+01
1.669012590528828355e+01
1.939373464187274720e+01
1.612971557744819506e+01
1.494788309374859203e+01
1.461570718386130707e+01
9.948107546161732984e+00
1.167921455982271972e+01
9.040585032749540062e+00
7.715254142565557416e+00
5.035785029106683020e+00
5.104761870058190709e+00
4.620325974363172605e+00
3.371200117817837238e+00
2.559783239724605863e+00
1.607401702865528303e+00
1.551759963517231666e+00
7.064159097160821466e-01
2.420614591379635638e-01
2.113710821635731707e-01
2.113710821635731707e-01
0.000000000000000000e+00
0.000000000000000000e+00
0.000000000000000000e+00
