6.250000000000000000e+02
1.919000000000000000e+03
3.125000000000000000e+03
4.246000000000000000e+03
4.992000000000000000e+03
5.636000000000000000e+03
6.080000000000000000e+03
6.599000000000000000e+03
7.110000000000000000e+03
7.396000000000000000e+03
7.735000000000000000e+03
8.140000000000000000e+03
8.141000000000000000e+03
8.523000000000000000e+03
8.808000000000000000e+03
9.144000000000000000e+03
9.122000000000000000e+03
9.371000000000000000e+03
9.603000000000000000e+03
9.551000000000000000e+03
9.745000000000000000e+03
9.491000000000000000e+03
9.352000000000000000e+03
9.181000000000000000e+03
9.033000000000000000e+03
8.465000000000000000e+03
8.041000000000000000e+03
7.351000000000000000e+03
6.543000000000000000e+03
5.800000000000000000e+03
5.001000000000000000e+03
3.997000000000000000e+03
3.244000000000000000e+03
2.594000000000000000e+03
1.858000000000000000e+03
1.286000000000000000e+03
9.050000000000000000e+02
6.080000000000000000e+02
4.080000000000000000e+02
2.830000000000000000e+02
1.680000000000000000e+02
9.900000000000000000e+01
4.300000000000000000e+01
2.100000000000000000e+01
5.000000000000000000e+00
1.000000000000000000e+00
0.000000000000000000e+00
0.000000000000000000e+00
0.000000000000000000e+00
0.000000000000000000e+00
