6.716899398262431431e-01
7.060511720514124345e-01
7.421702008580481902e-01
7.801369487728387897e-01
8.200459384342783098e-01
8.619965279177775885e-01
9.060931580991592460e-01
9.524456126723753746e-01
1.001169291468793299e+00
1.052385497758508537e+00
1.106221740248957142e+00
1.162812050532684438e+00
1.222297316774597853e+00
1.284825634469452416e+00
1.350552675142825843e+00
1.419642073913501168e+00
1.492265836882143537e+00
1.568604769360510520e+00
1.648848926007322024e+00
1.733198083991457805e+00
1.821862240360473617e+00
1.915062134852696163e+00
2.013029799454498114e+00
2.116009136070936325e+00
2.224256523747937919e+00
2.338041456957777875e+00
2.457647216536939627e+00
2.583371574946732085e+00
2.715527537612495657e+00
2.854444122187043131e+00
3.000467177678407094e+00
3.153960245481203462e+00
3.315305464455252871e+00
3.484904522304754337e+00
3.663179655626585873e+00
3.850574701117459586e+00
4.047556200557044903e+00
4.254614562318041138e+00
4.472265282294903166e+00
4.701050227290879846e+00
4.941538984058492900e+00
5.194330277352070091e+00
5.460053460522705571e+00
5.739370082366695769e+00
6.032975534128272699e+00
6.341600780757055134e+00
6.666014180730378769e+00
7.007023398971163886e+00
7.365477417623767842e+00
7.742268649693849980e+00
8.138335160814438751e+00
8.554663004669516013e+00
8.992288677889444415e+00
9.452301700529993411e+00
9.935847328559336944e+00
1.044412940510609999e+01
1.097841335756697490e+01
1.154002934803550318e+01
1.213037558489545731e+01
1.275092180382341134e+01
1.340321292686670773e+01
1.408887290870683984e+01
1.480960877968357003e+01
1.556721489564571392e+01
1.636357740520894311e+01
1.720067894554221155e+01
1.808060357837392118e+01
1.900554197850605931e+01
1.997779688775418094e+01
2.099978884789127775e+01
2.207406222686813990e+01
2.320329155331371496e+01
2.439028817508532754e+01
2.563800725844646067e+01
2.694955514529727836e+01
2.832819708677417481e+01
2.977736537247281490e+01
3.130066787553238683e+01
3.290189703485593498e+01
3.458503929682841260e+01
3.635428504003893124e+01
3.821403900771623796e+01
4.016893127384945927e+01
4.222382877029648540e+01
4.438384740357729186e+01
4.665436479151865967e+01
4.904103365145996918e+01
5.154979587335069624e+01
5.418689731277750354e+01
5.695890334074840666e+01
5.987271518894832667e+01
6.293558713115887571e+01
6.615514454361694163e+01
6.953940288927701374e+01
7.309678767323875093e+01
7.683615541902302937e+01
8.076681571791816339e+01
8.489855440629087013e+01
8.924165792856538815e+01
9.380693894652401355e+01
