0.000000000000000000e+00
2.420614591379635638e-01
2.914805954090254891e-01
3.772717646140511527e-01
8.087352684129708313e-01
1.116285693718234384e+00
1.363230881949202278e+00
1.674063987539006870e+00
1.907786266199649416e+00
2.676166144762877064e+00
2.690949820695287542e+00
3.220683581846406796e+00
3.565787956398978054e+00
4.574657389835330434e+00
4.503037169511261872e+00
4.872996383130199227e+00
4.849870125516249075e+00
6.717223663836123571e+00
6.491505868248137467e+00
6.011707328205524448e+00
8.013416484246903337e+00
7.725199734472889546e+00
8.978150017368555780e+00
8.495733648977878971e+00
9.543677860729321338e+00
1.011916305518890269e+01
1.041366102470692034e+01
9.581769290395955707e+00
1.169851377779993840e+01
1.223834546045236493e+01
1.375240568443845035e+01
1.585393995539831025e+01
1.597703429926843377e+01
1.486895064755327667e+01
1.670983261015426891e+01
1.696894423231377758e+01
1.834734313190877231e+01
1.934544116193787033e+01
1.997967106484426125e+01
2.096792914749510928e+01
2.313673688638914427e+01
2.012334402154311519e+01
2.506510565476186159e+01
2.455597877808986951e+01
2.749088982622243194e+01
2.646029971367482503e+01
2.920014029691252944e+01
2.895298165102128252e+01
2.917534794538661558e+01
3.530844832950748469e+01
3.577053605972378847e+01
3.232213574292971714e+01
3.587415272845304770e+01
3.632465037146778997e+01
3.736553692387378334e+01
3.532035310907862424e+01
3.906839955449928681e+01
4.041115592800458245e+01
3.491618032427802376e+01
3.908146727010610988e+01
3.628441254519631798e+01
3.787993728133007210e+01
3.574037990647798324e+01
3.317166156313812309e+01
3.749373645607356309e+01
3.269053224463468155e+01
3.249663068472445815e+01
3.110550578650627074e+01
2.593218601437940762e+01
2.391716968747295269e+01
2.310438270112404524e+01
1.779505038934632921e+01
1.805178504634306336e+01
1.953659926746464137e+01
1.271345098458715128e+01
1.579529078356900662e+01
1.236338430545516154e+01
1.245977904097821387e+01
1.111024302164448585e+01
9.394653877837916056e+00
9.112148484303798313e+00
8.075570800259260551e+00
7.456367219321685447e+00
6.822365992408718327e+00
5.914243103252943001e+00
5.385164807134503739e+00
3.463537750624352540e+00
4.012644808524048479e+00
2.876188612991157800e+00
2.400968229173388924e+00
1.742660389856554914e+00
1.515463908964842288e+00
1.323521433288860738e+00
9.797759629119301428e-01
7.680128579652817367e-01
5.719689130538476718e-01
4.496092053105674724e-01
2.914805954090254891e-01
1.739926363384381724e-01
0.000000000000000000e+00
