0.000000000000000000e+00
2.314814814814814903e-04
9.259259259259259613e-04
1.388888888888888942e-03
1.620370370370370324e-03
6.481481481481481295e-03
6.944444444444444059e-03
1.157407407407407343e-02
1.412037037037036993e-02
1.874999999999999931e-02
2.337962962962962868e-02
2.245370370370370489e-02
3.935185185185185314e-02
4.259259259259259162e-02
4.907407407407407551e-02
5.717592592592592865e-02
5.810185185185184897e-02
7.638888888888889506e-02
8.333333333333332871e-02
9.050925925925926152e-02
9.930555555555554970e-02
1.094907407407407357e-01
1.192129629629629650e-01
1.201388888888888923e-01
1.340277777777777735e-01
1.444444444444444309e-01
1.664351851851851860e-01
1.680555555555555691e-01
1.796296296296296391e-01
1.928240740740740644e-01
2.150462962962962910e-01
2.252314814814814770e-01
2.493055555555555580e-01
2.511574074074073848e-01
2.747685185185185230e-01
2.856481481481481510e-01
3.270833333333333370e-01
3.337962962962963132e-01
3.634259259259259300e-01
3.916666666666666630e-01
3.909722222222222210e-01
4.287037037037036979e-01
4.458333333333333592e-01
4.881944444444444309e-01
5.043981481481480955e-01
5.372685185185185341e-01
5.664351851851852082e-01
5.708333333333333037e-01
6.226851851851852304e-01
6.631944444444444198e-01
6.937499999999999778e-01
7.349537037037037202e-01
7.657407407407407218e-01
7.708333333333333703e-01
8.113425925925925597e-01
8.354166666666666963e-01
8.719907407407407884e-01
8.935185185185184897e-01
9.064814814814814437e-01
9.321759259259259078e-01
9.490740740740740700e-01
9.712962962962963243e-01
9.821759259259259522e-01
9.798611111111110716e-01
9.835648148148148362e-01
1.000000000000000000e+00
9.814814814814815103e-01
9.537037037037037202e-01
9.168981481481481843e-01
9.268518518518518157e-01
8.884259259259259522e-01
8.009259259259259300e-01
7.495370370370370017e-01
6.983796296296296280e-01
6.173611111111111382e-01
5.245370370370370239e-01
4.203703703703703942e-01
3.608796296296296058e-01
2.969907407407407218e-01
2.358796296296296335e-01
1.803240740740740811e-01
1.516203703703703776e-01
1.134259259259259300e-01
8.495370370370369795e-02
6.157407407407407274e-02
4.861111111111111188e-02
3.657407407407407135e-02
2.129629629629629581e-02
1.087962962962962972e-02
9.722222222222222376e-03
6.250000000000000347e-03
4.398148148148148424e-03
1.620370370370370324e-03
0.000000000000000000e+00
6.944444444444444709e-04
0.000000000000000000e+00
4.629629629629629806e-04
0.000000000000000000e+00
2.314814814814814903e-04
0.000000000000000000e+00
