0.000000000000000000e+00
8.000000000000000383e-04
2.399999999999999790e-03
0.000000000000000000e+00
0.000000000000000000e+00
4.000000000000000083e-03
2.399999999999999790e-03
7.199999999999999803e-03
4.799999999999999580e-03
1.200000000000000025e-02
1.200000000000000025e-02
1.919999999999999832e-02
1.679999999999999896e-02
1.439999999999999961e-02
2.239999999999999977e-02
2.400000000000000050e-02
3.760000000000000148e-02
3.839999999999999664e-02
4.000000000000000083e-02
4.959999999999999826e-02
5.920000000000000262e-02
6.719999999999999585e-02
5.360000000000000181e-02
9.679999999999999716e-02
7.119999999999999940e-02
1.079999999999999988e-01
1.032000000000000001e-01
1.527999999999999914e-01
1.711999999999999911e-01
1.943999999999999895e-01
1.975999999999999979e-01
2.232000000000000095e-01
2.671999999999999931e-01
2.928000000000000047e-01
3.271999999999999909e-01
3.456000000000000183e-01
3.831999999999999851e-01
4.384000000000000119e-01
4.520000000000000129e-01
5.231999999999999984e-01
5.407999999999999474e-01
5.967999999999999972e-01
6.336000000000000520e-01
6.495999999999999552e-01
7.448000000000000176e-01
7.623999999999999666e-01
7.768000000000000460e-01
8.159999999999999476e-01
8.256000000000000005e-01
8.743999999999999551e-01
9.624000000000000332e-01
9.264000000000000012e-01
1.000000000000000000e+00
9.135999999999999677e-01
9.247999999999999554e-01
9.272000000000000242e-01
8.903999999999999693e-01
8.920000000000000151e-01
8.760000000000000009e-01
8.135999999999999899e-01
7.680000000000000160e-01
7.239999999999999769e-01
6.935999999999999943e-01
6.608000000000000540e-01
6.400000000000000133e-01
5.767999999999999794e-01
5.023999999999999577e-01
5.031999999999999806e-01
4.823999999999999955e-01
4.128000000000000003e-01
4.072000000000000064e-01
3.688000000000000167e-01
3.119999999999999996e-01
2.872000000000000108e-01
2.351999999999999924e-01
2.031999999999999917e-01
1.839999999999999969e-01
1.728000000000000091e-01
1.527999999999999914e-01
1.295999999999999930e-01
1.048000000000000043e-01
7.839999999999999747e-02
8.240000000000000102e-02
4.880000000000000310e-02
3.599999999999999728e-02
4.080000000000000293e-02
3.599999999999999728e-02
2.639999999999999986e-02
2.719999999999999848e-02
1.600000000000000033e-02
1.359999999999999924e-02
7.199999999999999803e-03
8.800000000000000530e-03
8.000000000000000167e-03
5.599999999999999943e-03
2.399999999999999790e-03
8.000000000000000383e-04
1.600000000000000077e-03
8.000000000000000383e-04
0.000000000000000000e+00
