1.691214926866648094e+00
1.763923231348660359e+00
1.839757393731207502e+00
1.918851800143686726e+00
2.001346614211577002e+00
2.087388025441158312e+00
2.177128508282727193e+00
2.270727092331394914e+00
2.368349644144292832e+00
2.470169161173594752e+00
2.576366078336239873e+00
2.687128587763623955e+00
2.802652972297892120e+00
2.923143953325828104e+00
3.048815053566729549e+00
3.179888975457173306e+00
3.316597995803210797e+00
3.459184377399348254e+00
3.607900798343758986e+00
3.763010799810507123e+00
3.924789253072288986e+00
4.093522846601298504e+00
4.269510594111421753e+00
4.453064364442060885e+00
4.644509434222586997e+00
4.844185064296813614e+00
5.052445100928975918e+00
5.269658602856610585e+00
5.496210495301541599e+00
5.732502252097942730e+00
5.978952607146293730e+00
6.235998296453996836e+00
6.504094832077607080e+00
6.783717309338222812e+00
7.075361248740461129e+00
7.379543474087043364e+00
7.696803028345028608e+00
8.027702128886797794e+00
8.372827163798472583e+00
8.732789731021441071e+00
9.108227722168358298e+00
9.499806452934338452e+00
9.908219842106484876e+00
1.033419164126114431e+01
1.077847671732795121e+01
1.124186239029366874e+01
1.172516982841611011e+01
1.222925550342091583e+01
1.275501270825971289e+01
1.330337314011935490e+01
1.387530855148762221e+01
1.447183247220097613e+01
1.509400200552629911e+01
1.574291970145936936e+01
1.641973551055956193e+01
1.712564882178354964e+01
1.786191058792892505e+01
1.862982554245439459e+01
1.943075451160508038e+01
2.026611682593996377e+01
2.113739283553530512e+01
2.204612653332107541e+01
2.299392829119905812e+01
2.398247771379167048e+01
2.501352661487847229e+01
2.608890212179467483e+01
2.721050991329357771e+01
2.838033759661001199e+01
2.960045822970993967e+01
3.087303399496780898e+01
3.220032003078142679e+01
3.358466842791502671e+01
3.502853239765210702e+01
3.653447061914422989e+01
3.810515177366040263e+01
3.974335927377139654e+01
4.145199619585030604e+01
4.323409042462999707e+01
4.509280001893381495e+01
4.703141880808881581e+01
4.905338222893864497e+01
5.116227341379948967e+01
5.336182954014855540e+01
5.565594845329620455e+01
5.804869557377880795e+01
6.054431110171270092e+01
6.314721753087535205e+01
6.586202748583070843e+01
6.869355189598633160e+01
7.164680852106698694e+01
7.472703084311426380e+01
7.793967734076804277e+01
8.129044116226610583e+01
8.478526021430326409e+01
8.843032768462741444e+01
9.223210301702127367e+01
9.619732335811795565e+01
1.003330154963342977e+02
1.046465083140813022e+02
1.091454457753161478e+02
