7.222586999343401370e-02
1.877872619829284440e-01
3.217334208798424133e-01
4.340118187787261883e-01
5.141168745896257386e-01
5.817465528562049126e-01
6.355876559422193317e-01
6.369008535784635994e-01
7.577150361129350031e-01
7.990807616546290459e-01
7.715036112934996471e-01
8.168089297439264929e-01
8.424162836506894347e-01
8.988837820091923891e-01
9.113591595535127654e-01
9.172685489166119144e-01
9.008535784635587351e-01
9.212081418253447174e-01
9.855548260013131667e-01
9.632304661851608385e-01
9.776756401838476718e-01
1.000000000000000000e+00
9.579776756401838789e-01
9.422193040052527779e-01
8.765594221930400609e-01
9.087327642810243411e-01
8.220617202889034525e-01
7.478660538411030512e-01
6.808929743926460665e-01
6.296782665791201827e-01
5.712409717662507713e-01
4.537097833223900367e-01
3.434011818778726077e-01
2.567301378857518301e-01
2.048588312541037293e-01
1.523309258043335501e-01
1.122783978988837889e-01
8.076165462902167025e-02
4.661851608667104407e-02
2.757715036112935031e-02
2.166776099803020481e-02
6.565988181221274131e-03
1.969796454366381979e-03
1.969796454366381979e-03
6.565988181221273264e-04
0.000000000000000000e+00
0.000000000000000000e+00
0.000000000000000000e+00
0.000000000000000000e+00
0.000000000000000000e+00
