1.504113876347447754e+00
1.573627450070774536e+00
1.646353637551460247e+00
1.722440911765373395e+00
1.802044607460830061e+00
1.885327238279745021e+00
1.972458828534737973e+00
2.063617260319528857e+00
2.158988636661258731e+00
2.258767661456126064e+00
2.363158036963988629e+00
2.472372879673425672e+00
2.586635155386273421e+00
2.706178134409862324e+00
2.831245867786254422e+00
2.962093685530713838e+00
3.098988717896585143e+00
3.242210440730754151e+00
3.392051246033061407e+00
3.548817038884475306e+00
3.712827861962678888e+00
3.884418548920044234e+00
4.063939407957872341e+00
4.251756936992459046e+00
4.448254571873010654e+00
4.653833469178914939e+00
4.868913325194500707e+00
5.093933232733212080e+00
5.329352577560469761e+00
5.575651976245277197e+00
5.833334257355224928e+00
6.102925487998057008e+00
6.384976047805487553e+00
6.680061752551871734e+00
6.988785029701613638e+00
7.311776148285259680e+00
7.649694505615060258e+00
8.003229973466940095e+00
8.373104306477095804e+00
8.760072615628542891e+00
9.164924909835766798e+00
9.588487708774705354e+00
1.003162573025065285e+01
1.049524365554896121e+01
1.098028797637254783e+01
1.148774892713676010e+01
1.201866250656651580e+01
1.257411259272276105e+01
1.315523315577628161e+01
1.376321057304622641e+01
1.439928605102959303e+01
1.506475815936635598e+01
1.576098548191337301e+01
1.648938939033937601e+01
1.725145694590337797e+01
1.804874393534063159e+01
1.888287804705394279e+01
1.975556219409472192e+01
2.066857799071765101e+01
2.162378938960656072e+01
2.262314648719700827e+01
2.366868950486418655e+01
2.476255295410401303e+01
2.590696999421066593e+01
2.710427699134694635e+01
2.835691828831496863e+01
2.966745119476479076e+01
3.103855120802874268e+01
3.247301747523984972e+01
3.397377850788556231e+01
3.554389816046320760e+01
3.718658188544270615e+01
3.890518327730641346e+01
4.070321091902591348e+01
4.258433554495299234e+01
4.455239753474822351e+01
4.661141475364613029e+01
4.876559075506324348e+01
5.101932336229477727e+01
5.337721364681993919e+01
5.584407532154517639e+01
5.842494456816232429e+01
6.112509031868398779e+01
6.395002501214686674e+01
6.690551584844281763e+01
6.999759656225280935e+01
7.323257974112074464e+01
7.661706971281478218e+01
8.015797602828629920e+01
8.386252756775218131e+01
8.773828729869875076e+01
9.179316771593629198e+01
9.603544699522501560e+01
1.004737858934515629e+02
1.051172454298575900e+02
1.099753053844173962e+02
1.150578836511305667e+02
1.203753564857373277e+02
1.259385796891979510e+02
1.317589107701763282e+02
