0.000000000000000000e+00
4.755111745126010606e-04
1.664289110794103712e-03
3.090822634331906894e-03
4.279600570613409545e-03
6.181645268663813787e-03
7.132667617689015908e-03
1.212553495007132748e-02
2.020922491678554464e-02
2.353780313837375293e-02
2.853067047075606363e-02
3.019495958155016604e-02
4.018069424631479092e-02
4.588682834046600018e-02
4.541131716595339651e-02
6.110318592486923411e-02
6.252971944840703122e-02
7.132667617689016082e-02
8.773181169757489350e-02
8.273894436519257933e-02
9.201141226818830565e-02
1.046124583927722368e-01
1.324298621017593880e-01
1.321921065145030827e-01
1.269614835948644771e-01
1.471707085116500113e-01
1.633380884450784665e-01
1.802187351402758098e-01
1.830718021873513901e-01
2.030432715168806468e-01
2.063718497384688655e-01
2.315739419876367000e-01
2.546362339514978701e-01
2.631954350927246944e-01
2.815026153114598140e-01
3.283404660009510145e-01
3.402282453637660575e-01
3.456966238706609684e-01
3.720874940561103017e-01
3.980028530670470799e-01
4.151212553495007285e-01
4.398478364241559802e-01
4.576795054683784891e-01
4.957203994293866156e-01
5.418449833571088448e-01
5.427960057061340660e-01
5.646695197337137095e-01
6.141226818830242129e-01
6.438421302900617649e-01
6.666666666666666297e-01
6.994769377080360950e-01
7.154065620542082726e-01
7.456015216357584352e-01
8.221588207322871877e-01
8.273894436519257933e-01
8.423680456490727497e-01
8.732762719923917727e-01
8.823109843081312631e-01
9.217784117926771659e-01
9.369947693770803721e-01
9.398478364241559246e-01
9.736091298145506112e-01
9.857346647646220150e-01
9.766999524488825246e-01
9.507845934379457464e-01
9.909652876842606206e-01
1.000000000000000000e+00
9.807417974322396592e-01
9.533999048977650492e-01
9.348549690917736799e-01
8.994293865905849117e-01
8.692344270090347491e-01
8.116975748930099765e-01
7.251545411317166234e-01
6.433666191155492653e-01
5.613409415121255464e-01
4.655254398478363975e-01
3.906324298621017821e-01
3.473609129814550500e-01
2.639087018544935548e-01
2.125534950071326645e-01
1.699952448882548761e-01
1.191155492154065687e-01
1.091298145506419404e-01
7.869709938183547249e-02
5.468378506894912283e-02
3.922967189728958359e-02
3.067047075606276624e-02
1.640513552068473616e-02
9.985734664764621404e-03
6.419400855920113884e-03
5.706134094151212727e-03
2.615311459819305833e-03
1.188777936281502651e-03
7.132667617689015908e-04
0.000000000000000000e+00
2.377555872563005303e-04
0.000000000000000000e+00
2.377555872563005303e-04
0.000000000000000000e+00
