0.000000000000000000e+00
7.892659826361483801e-04
0.000000000000000000e+00
0.000000000000000000e+00
0.000000000000000000e+00
7.892659826361483801e-04
0.000000000000000000e+00
0.000000000000000000e+00
7.892659826361483801e-04
0.000000000000000000e+00
3.946329913180742117e-03
4.735595895816890714e-03
3.157063930544593520e-03
2.367797947908445357e-03
3.946329913180742117e-03
8.681925808997632832e-03
7.892659826361484235e-03
8.681925808997632832e-03
1.262825572217837408e-02
1.499605367008681987e-02
2.920284135753748941e-02
2.920284135753748941e-02
3.078137332280978661e-02
4.340962904498816416e-02
4.577742699289660822e-02
5.367008681925809072e-02
7.103393843725334944e-02
7.971586424625098921e-02
8.839779005524861510e-02
1.144435674822415205e-01
1.033938437253354437e-01
1.223362273086029961e-01
1.325966850828729227e-01
1.602209944751381288e-01
1.744277821625887792e-01
2.288871349644830411e-01
2.738752959747434712e-01
2.794001578531965513e-01
3.275453827940015827e-01
3.180741910023677788e-01
3.630623520126282644e-01
4.498816101026045788e-01
4.490923441199684563e-01
5.335438042620362920e-01
5.580110497237569245e-01
5.785319652722967776e-01
6.677190213101815708e-01
7.182320441988950810e-01
7.308602999210733753e-01
7.932123125493291127e-01
8.247829518547750149e-01
8.516179952644040707e-01
8.910812943962115318e-01
9.479084451460142446e-01
9.731649565903709442e-01
1.000000000000000000e+00
9.857932123125493495e-01
9.794790844514601469e-01
9.494869771112864898e-01
9.029202841357537590e-01
9.581689029202841157e-01
9.242304656669297902e-01
8.729281767955801019e-01
8.397790055248618435e-01
7.797947908445146403e-01
7.584846093133386091e-01
7.229676400947119275e-01
6.724546172059984173e-01
6.069455406471980785e-01
5.398579321231254946e-01
4.917127071823204632e-01
5.027624309392265678e-01
4.143646408839778972e-01
4.017363851617995474e-01
3.496448303078137365e-01
2.817679558011049745e-01
2.320441988950276146e-01
2.186266771902131145e-01
2.036306235201262860e-01
1.846882399368587335e-01
1.562746645619573771e-01
1.262825572217837478e-01
1.160220994475138073e-01
9.234411996842936676e-02
7.261247040252565010e-02
4.025256511444356977e-02
5.367008681925809072e-02
4.183109707971586350e-02
2.841357537490134255e-02
2.209944751381215378e-02
2.052091554853985658e-02
1.894238358326756286e-02
1.657458563535911533e-02
7.103393843725335638e-03
9.471191791633781429e-03
4.735595895816890714e-03
7.892659826361483801e-04
7.892659826361483801e-04
7.892659826361483801e-04
0.000000000000000000e+00
