4.626667863719226004e-01
4.828105295907562100e-01
5.038312979231671651e-01
5.257672755855391511e-01
5.486583092715990873e-01
5.725459805339190300e-01
5.974736813167873528e-01
6.234866927776570034e-01
6.506322675403478639e-01
6.789597155294165853e-01
7.085204935416132832e-01
7.393682987171300569e-01
7.715591660804319574e-01
8.051515703278546709e-01
8.402065320468642406e-01
8.767877285599274817e-01
9.149616095943395866e-01
9.547975179881250662e-01
9.963678156512719708e-01
1.039748015011109583e+00
1.085016916180598701e+00
1.132256750098702858e+00
1.181553327902852502e+00
1.232996196804837075e+00
1.286678802753276951e+00
1.342698660178147874e+00
1.401157529125698131e+00
1.462161600105529979e+00
1.525821686985611159e+00
1.592253428285619332e+00
1.661577497234259626e+00
1.733919820972132930e+00
1.809411809298330454e+00
1.888190593376275928e+00
1.970399274832423275e+00
2.056187185700297348e+00
2.145710159682067797e+00
2.239130815220398585e+00
2.336618850894779609e+00
2.438351353678918976e+00
2.544513120619154023e+00
2.655296994518202780e+00
2.770904214234031215e+00
2.891544780230150380e+00
3.017437836041362509e+00
3.148812066347899119e+00
3.285906112381038469e+00
3.428969005414797433e+00
3.578260619131130582e+00
3.734052141680362702e+00
3.896626568294335513e+00
4.066279215347128329e+00
4.243318256797119048e+00
4.428065283984841116e+00
4.620855889803516803e+00
4.822040278303390437e+00
5.031983900837240675e+00
5.251068119902594589e+00
5.479690901886541177e+00
5.718267539971491509e+00
5.967231408515065283e+00
6.227034750274417441e+00
6.498149497905011174e+00
6.781068131226070328e+00
7.076304571809959754e+00
7.384395116520493296e+00
7.705899411695948054e+00
8.041401469746389807e+00
8.391510730011958685e+00
8.756863165809166460e+00
9.138122439676132913e+00
9.535981108915303039e+00
9.951161883623480975e+00
1.038441893949439709e+01
1.083653928777851227e+01
1.130834420488863223e+01
1.180069072424813648e+01
1.231447319309179278e+01
1.285062489704713684e+01
1.341011975544740409e+01
1.399397409045556451e+01
1.460324847321306407e+01
1.523904965036684622e+01
1.590253255447416514e+01
1.659490240193705191e+01
1.731741688227734954e+01
1.807138844272921219e+01
1.885818667229891332e+01
1.967924078962267842e+01
2.053604223914167193e+01
2.143014740031019016e+01
2.236318041475826845e+01
2.333683613654422118e+01
2.435288321085626251e+01
2.541316728675572634e+01
2.651961436979780373e+01
2.767423432061974253e+01
2.887912450585182711e+01
3.013647360798290009e+01
3.144856560110116916e+01
