7.596594629993451420e-02
1.990831696136214912e-01
3.208906352324820133e-01
4.132285527177472217e-01
5.166994106090373462e-01
5.743287491814014212e-01
6.339227242960052688e-01
6.444007858546169087e-01
6.895874263261296822e-01
7.963326784544859649e-01
8.094302554027504870e-01
8.081204977079240459e-01
8.258022265880812229e-01
8.493778650949573850e-01
9.070072036673215710e-01
9.174852652259332109e-01
9.135559921414537765e-01
9.580877537655533294e-01
9.443352979698755867e-01
9.659462999345120870e-01
9.679109364767517487e-01
9.495743287491813511e-01
1.000000000000000000e+00
9.541584806810740060e-01
9.207596594629993136e-01
9.181401440733464314e-01
8.290766208251473257e-01
7.596594629993451697e-01
6.777996070726916011e-01
5.965946299934512531e-01
5.671250818598558840e-01
4.590700720366732157e-01
3.706614276358873861e-01
2.940406024885396374e-01
2.030124426981008423e-01
1.460379829731499601e-01
1.093647675180091650e-01
7.465618860510805921e-02
4.846103470857891088e-02
3.274394237066143021e-02
1.899148657498362855e-02
7.203667321545513709e-03
4.584151931892600264e-03
1.309757694826457156e-03
1.309757694826457156e-03
0.000000000000000000e+00
0.000000000000000000e+00
0.000000000000000000e+00
0.000000000000000000e+00
0.000000000000000000e+00
