8.672798948751642145e-02
2.056504599211563811e-01
2.989487516425755609e-01
4.067017082785808202e-01
5.019710906701708719e-01
5.519053876478318132e-01
6.084099868593955129e-01
6.642575558475689590e-01
7.049934296977661274e-01
7.286465177398160353e-01
7.943495400788436189e-01
7.904073587385019861e-01
8.915900131406044871e-01
8.554533508541393161e-01
8.909329829172142334e-01
9.027595269382391319e-01
9.250985545335085325e-01
1.000000000000000000e+00
9.908015768725361161e-01
9.697766097240473337e-01
9.756898817345598385e-01
1.000000000000000000e+00
9.691195795006570801e-01
9.336399474375821628e-01
9.612352168199737035e-01
8.646517739816032000e-01
8.383705650459921666e-01
7.549277266754270688e-01
6.990801576872536227e-01
6.051248357424441338e-01
5.479632063074901804e-01
4.461235216819973703e-01
3.449408672798948694e-01
2.950065703022339281e-01
2.010512483574244391e-01
1.530880420499342864e-01
9.658344283837055899e-02
7.884362680683311420e-02
5.387647831800262965e-02
2.956636005256241956e-02
1.708278580814717382e-02
7.884362680683310726e-03
7.227332457293035410e-03
3.285151116951379614e-03
1.314060446780551932e-03
0.000000000000000000e+00
0.000000000000000000e+00
0.000000000000000000e+00
0.000000000000000000e+00
0.000000000000000000e+00
