0.000000000000000000e+00
7.645259938837920552e-04
0.000000000000000000e+00
0.000000000000000000e+00
7.645259938837920552e-04
0.000000000000000000e+00
7.645259938837920552e-04
0.000000000000000000e+00
1.529051987767584110e-03
1.529051987767584110e-03
3.058103975535168221e-03
1.529051987767584110e-03
5.351681957186544061e-03
3.058103975535168221e-03
8.409785932721711849e-03
7.645259938837920335e-03
1.529051987767584067e-02
1.376146788990825764e-02
8.409785932721711849e-03
1.758409785932721695e-02
2.752293577981651529e-02
3.287461773700305762e-02
2.446483180428134577e-02
3.822629969418959994e-02
4.587155963302752548e-02
5.886850152905198641e-02
6.498470948012231851e-02
7.415902140672782361e-02
9.785932721712538307e-02
1.200305810397553491e-01
1.276758409785932746e-01
1.506116207951070374e-01
1.674311926605504541e-01
1.987767584097859253e-01
1.980122324159021285e-01
2.446483180428134507e-01
2.637614678899082299e-01
2.828746177370030646e-01
3.486238532110091937e-01
3.830275229357797961e-01
3.746177370030581155e-01
4.602446483180427927e-01
5.443425076452599320e-01
5.474006116207951189e-01
5.932721712538225889e-01
6.414373088685014768e-01
7.079510703363914859e-01
7.331804281345565277e-01
7.920489296636085141e-01
8.570336391437308743e-01
8.646788990825687859e-01
9.220183486238532344e-01
9.281345565749234972e-01
8.707951070336391597e-01
9.541284403669725300e-01
9.441896024464832005e-01
1.000000000000000000e+00
9.204892966360855855e-01
9.778287461773700340e-01
8.700305810397553907e-01
8.669724770642202039e-01
8.501529051987767316e-01
7.836391437308868335e-01
7.576452599388379117e-01
7.125382262996942107e-01
7.041284403669725300e-01
6.613149847094801359e-01
5.703363914373088539e-01
5.489296636085626568e-01
5.076452599388379117e-01
4.594801223241590238e-01
3.906727828746177633e-01
3.600917431192660612e-01
2.989296636085627124e-01
2.461773700305810442e-01
2.400611620795106982e-01
1.804281345565749151e-01
1.681957186544342508e-01
1.391437308868501421e-01
1.253822629969418845e-01
9.633027522935780351e-02
9.250764525993883380e-02
7.033639143730886778e-02
6.269113149847094224e-02
4.357798165137614921e-02
3.058103975535168134e-02
2.064220183486238647e-02
1.605504587155963392e-02
1.299694189602446440e-02
1.376146788990825764e-02
7.645259938837920335e-03
4.587155963302752548e-03
4.587155963302752548e-03
2.293577981651376274e-03
2.293577981651376274e-03
7.645259938837920552e-04
3.058103975535168221e-03
0.000000000000000000e+00
1.529051987767584110e-03
0.000000000000000000e+00
