0.000000000000000000e+00
4.962779156327543420e-04
1.240694789081885855e-03
2.481389578163771710e-03
4.962779156327543420e-03
7.692307692307692735e-03
8.188585607940446209e-03
1.265508684863523615e-02
1.712158808933002610e-02
2.009925558312655042e-02
2.307692307692307820e-02
3.151364764267990115e-02
3.895781637717121715e-02
4.267990074441687515e-02
5.955334987593052104e-02
6.401985111662530925e-02
6.501240694789081620e-02
7.791563275434243430e-02
8.263027295285359231e-02
9.205955334987593608e-02
9.354838709677419650e-02
1.124069478908188563e-01
1.183622828784119119e-01
1.282878411910670091e-01
1.486352357320099293e-01
1.533498759305211012e-01
1.598014888337468964e-01
1.689826302729528495e-01
1.866004962779156395e-01
2.089330024813895736e-01
2.210918114143920477e-01
2.419354838709677491e-01
2.451612903225806328e-01
2.605459057071960460e-01
2.866004962779156173e-01
3.198511166253101834e-01
3.312655086848635411e-01
3.635235732009925447e-01
3.553349875930520985e-01
3.754342431761786836e-01
4.062034739454094545e-01
4.409429280397022533e-01
4.674937965260546058e-01
4.942928039702233489e-01
5.196029776674937484e-01
5.794044665012406670e-01
5.791563275434242763e-01
6.099255583126550473e-01
6.347394540942927765e-01
6.766749379652605700e-01
7.059553349875929973e-01
7.129032258064516014e-01
7.379652605459057213e-01
7.833746898263027614e-01
7.920595533498758778e-01
8.349875930521092338e-01
8.531017369727047495e-01
8.875930521091811576e-01
9.017369727047146455e-01
9.208436724565757237e-01
9.511166253101737134e-01
9.590570719602977690e-01
9.535980148883375085e-01
9.905707196029777117e-01
9.930521091811413958e-01
9.903225806451613211e-01
1.000000000000000000e+00
9.811414392059553125e-01
9.937965260545905677e-01
9.714640198511166336e-01
9.727047146401984756e-01
9.555831265508685224e-01
8.650124069478908329e-01
8.456575682382133641e-01
7.883374689826302406e-01
6.861042183622828583e-01
6.106699751861042191e-01
5.250620347394541199e-01
4.732009925558312569e-01
3.878411910669974927e-01
3.111662531017369560e-01
2.498759305210918047e-01
1.868486352357320024e-01
1.416873449131513529e-01
1.106699751861042191e-01
8.808933002481389440e-02
6.203473945409429535e-02
4.342431761786600536e-02
2.828784119106699663e-02
1.836228287841190979e-02
1.066997518610421879e-02
6.699751861042184051e-03
5.210918114143921025e-03
2.233250620347394539e-03
9.925558312655086840e-04
4.962779156327543420e-04
7.444168734491315130e-04
2.481389578163771710e-04
2.481389578163771710e-04
0.000000000000000000e+00
