5.195563556158252494e-01
5.416883621352815981e-01
5.647631455205828210e-01
5.888208660806458772e-01
6.139033948689663900e-01
6.400543865577349445e-01
6.673193554162373253e-01
6.957457545257735854e-01
7.253830583689672151e-01
7.562828489372036556e-01
7.884989055060657170e-01
8.220872982350121427e-01
8.571064857542061155e-01
8.936174169083367369e-01
9.316836368345138286e-01
9.713713975588563754e-01
1.012749773304263856e+00
1.055890780710054599e+00
1.100869504172709012e+00
1.147764226525863851e+00
1.196656565286998264e+00
1.247631614707942038e+00
1.300778093876437724e+00
1.356188501126516011e+00
1.413959275026427598e+00
1.474190962224322776e+00
1.536988392443803253e+00
1.602460860933916154e+00
1.670722318691132857e+00
1.741891570784384058e+00
1.816092483128322943e+00
1.893454198064694838e+00
1.974111359127019183e+00
2.058204345379772260e+00
2.145879515739927079e+00
2.237289463706074955e+00
2.332593282938472790e+00
2.431956844152239228e+00
2.535553083805619501e+00
2.643562305085761732e+00
2.756172491715850992e+00
2.873579635129772214e+00
2.995988075583718935e+00
3.123610857798439611e+00
3.256670101751097501e+00
3.395397389262077681e+00
3.540034167049586511e+00
3.690832166953514015e+00
3.848053844059961204e+00
4.011972833488950840e+00
4.182874426640311505e+00
4.361056067726661212e+00
4.546827871457630899e+00
4.740513162776356815e+00
4.942449039587598847e+00
5.152986959456905325e+00
5.372493351301916853e+00
5.601350253140438440e+00
5.839955977005222287e+00
6.088725802182741731e+00
6.348092697982458787e+00
6.618508077294550596e+00
6.900442582247599432e+00
7.194386903333652938e+00
7.500852633426288385e+00
7.820373158178031581e+00
8.153504584346856987e+00
8.500826707667421545e+00
8.862944021951573603e+00
9.240486771174433400e+00
9.634112046377120819e+00
1.004450492929520777e+01
1.047237968470335900e+01
1.091848100355135109e+01
1.138358529905503502e+01
1.186850205799805913e+01
1.237407524959620808e+01
1.290118479437639110e+01
1.345074809562676776e+01
1.402372163608345801e+01
1.462110264263270842e+01
1.524393082192585958e+01
1.589329016992789612e+01
1.657031085854892538e+01
1.727617120264217476e+01
1.801209971079200756e+01
1.877937722346113603e+01
1.957933914221841576e+01
2.041337775392706533e+01
2.128294465393840085e+01
2.218955327250853671e+01
2.313478150883505435e+01
2.412027447729819585e+01
2.514774737068605504e+01
2.621898844538712581e+01
2.733586213374584872e+01
2.850031228899787905e+01
2.971436556843277899e+01
3.098013496067236971e+01
3.229982346320362296e+01
