0.000000000000000000e+00
4.520795660036166217e-04
1.130198915009041636e-03
1.582278481012658203e-03
2.938517179023508123e-03
2.712477396021699839e-03
5.877034358047016245e-03
1.311030741410488219e-02
1.469258589511754018e-02
1.514466546112115675e-02
2.463833634719710813e-02
2.961121157323689038e-02
3.322784810126581945e-02
4.136528028933092460e-02
4.769439421338155655e-02
5.244122965641952877e-02
6.442133815551537301e-02
7.255877034358046429e-02
7.979204339963834325e-02
8.996383363471971428e-02
8.815551537070524801e-02
1.042043399638336310e-01
1.148282097649186290e-01
1.261301989150090397e-01
1.351717902350813849e-01
1.541591320072332738e-01
1.412748643761302103e-01
1.697558770343580437e-01
1.844484629294755873e-01
1.930379746835443056e-01
1.975587703435804643e-01
2.251356238698010714e-01
2.341772151898734167e-01
2.556509945750451984e-01
2.739602169981916746e-01
2.943037974683544444e-01
3.080922242314647619e-01
3.205244122965641984e-01
3.618896925858950953e-01
3.573688969258589365e-01
4.059674502712477540e-01
4.055153707052441270e-01
4.351265822784810000e-01
4.692585895117540873e-01
4.918625678119348810e-01
5.271247739602169524e-01
5.574141048824593492e-01
6.019439421338155238e-01
6.306509945750452539e-01
6.485081374321880476e-01
6.751808318264014286e-01
7.002712477396021429e-01
7.463833634719710952e-01
7.692133815551537301e-01
8.040235081374321746e-01
8.207504520795659841e-01
8.786166365280289048e-01
8.844936708860760000e-01
8.930831826401446349e-01
9.141048824593128730e-01
9.545660036166365714e-01
9.685804701627486191e-01
9.608951175406871270e-01
9.893761301989150159e-01
9.660940325497286985e-01
1.000000000000000000e+00
9.690325497287523016e-01
9.421338155515370794e-01
9.183996383363471905e-01
9.195298372513562857e-01
8.517179023508137936e-01
7.780289330922242064e-01
7.246835443037974445e-01
6.430831826401446349e-01
5.691681735985533175e-01
4.688065099457504603e-01
4.009945750452079682e-01
3.266274864376130238e-01
2.671790235081374365e-01
2.142857142857142738e-01
1.575497287522603929e-01
1.279385171790235198e-01
1.021699819168173651e-01
7.459312839059674405e-02
5.492766726943942163e-02
3.887884267631103175e-02
2.757685352622061409e-02
1.559674502712477331e-02
1.062386980108499107e-02
5.877034358047016245e-03
6.329113924050632813e-03
2.938517179023508123e-03
9.041591320072332435e-04
0.000000000000000000e+00
4.520795660036166217e-04
2.260397830018083109e-04
2.260397830018083109e-04
0.000000000000000000e+00
2.260397830018083109e-04
0.000000000000000000e+00
