1.304367339759775479e+00
1.364626534829897153e+00
1.427669585704908650e+00
1.493625101025091384e+00
1.562627630895915276e+00
1.634817941371997208e+00
1.710343301621674028e+00
1.789357784358015735e+00
1.872022580149152349e+00
1.958506326249124463e+00
2.048985450620061766e+00
2.143644531847513246e+00
2.242676675683151100e+00
2.346283908983006761e+00
2.454677591844871554e+00
2.568078848785633195e+00
2.686719019838158307e+00
2.810840132487950616e+00
2.940695395412360469e+00
3.076549715029560872e+00
3.218680235911075993e+00
3.367376906160294947e+00
3.522943068910358910e+00
3.685696081148076342e+00
3.855967961126295140e+00
4.034106065685430842e+00
4.220473798865922888e+00
4.415451353257187073e+00
4.619436485595413089e+00
4.832845328192465928e+00
5.056113237851191045e+00
5.289695683998923315e+00
5.534069177851027810e+00
5.789732244499943725e+00
6.057206439912831364e+00
6.337037414912503053e+00
6.629796028312160416e+00
6.936079511474776638e+00
7.256512686672808243e+00
7.591749241733716680e+00
7.942473063571614311e+00
8.309399633325417867e+00
8.693277485949639782e+00
9.094889737235398286e+00
9.515055681376754393e+00
9.954632462341498567e+00
1.041451682245594590e+01
1.089564693177086596e+01
1.139900430194058067e+01
1.192561578851943160e+01
1.247655568576039364e+01
1.305294791818928246e+01
1.365596833342534566e+01
1.428684710092564814e+01
1.494687122154662973e+01
1.563738715304261362e+01
1.635980355685702037e+01
1.711559417180991360e+01
1.790630082054436656e+01
1.873353655486457825e+01
1.959898894638239497e+01
2.050442352918535960e+01
2.145168740154905862e+01
2.244271299404150000e+01
2.347952201170653552e+01
2.456422955836836763e+01
2.569904845147066297e+01
2.688629373625284202e+01
2.812838740847237062e+01
2.942786335530747266e+01
3.078737252451967876e+01
3.220968833242176288e+01
3.369771232168288577e+01
3.525448008051306914e+01
3.688316743530270259e+01
3.858709692934939284e+01
4.036974460088919869e+01
4.223474707425991426e+01
4.418590897866162948e+01
4.622721070964961854e+01
4.836281654919279305e+01
5.059708316086297941e+01
5.293456847748485927e+01
5.538004099937805336e+01
5.793848952215954995e+01
6.061513331395141080e+01
6.341543276275507424e+01
6.634510051571399458e+01
6.941011313298757557e+01
7.261672328001118615e+01
7.597147248301492084e+01
7.948120447382171960e+01
8.315307915114864556e+01
8.699458718689348302e+01
9.101356530720214266e+01
9.521821227949143918e+01
9.961710563804092544e+01
1.042192191822739460e+02
1.090339412834245110e+02
1.140710940369364721e+02
