0.000000000000000000e+00
5.056890012642224807e-04
1.011378002528444961e-03
2.275600505689001109e-03
5.562579013906447829e-03
6.321112515802780954e-03
1.188369152970922965e-02
1.415929203539822989e-02
1.769911504424778736e-02
2.275600505689001282e-02
3.135271807838179575e-02
3.539823008849557473e-02
3.969658659924146793e-02
4.677623261694058288e-02
5.259165613147914059e-02
5.891276864728191981e-02
6.624525916561314898e-02
7.509481668773704266e-02
8.672566371681415809e-02
9.405815423514538032e-02
1.024020227560050594e-01
1.203539823008849541e-01
1.241466498103666188e-01
1.347661188369153051e-01
1.448798988621997352e-01
1.610619469026548789e-01
1.671302149178255370e-01
1.820480404551201026e-01
1.962073324905183325e-01
2.022756005056889905e-01
2.255372945638432491e-01
2.366624525916561361e-01
2.601769911504424604e-01
2.867256637168141831e-01
2.930467762326169345e-01
3.208596713021491520e-01
3.317319848293299733e-01
3.496839443742098541e-01
3.572692793931732114e-01
4.091024020227559954e-01
4.252844500632111391e-01
4.275600505689001185e-01
4.763590391908976152e-01
4.988621997471555103e-01
5.132743362831858613e-01
5.562579013906447933e-01
5.580278128950695304e-01
6.035398230088495630e-01
6.455120101137800104e-01
6.465233881163084950e-01
6.844500632111251148e-01
7.188369152970922604e-01
7.767383059418457858e-01
7.592920353982300918e-01
7.964601769911504592e-01
8.240202275600505555e-01
8.424778761061947341e-01
8.632111251580277811e-01
8.884955752212388980e-01
8.776232616940581321e-01
9.375474083438685158e-01
9.686472819216181973e-01
9.582806573957016738e-01
9.651074589127686121e-01
9.782553729456384684e-01
9.689001264222503185e-01
9.714285714285714191e-01
9.883691529709228707e-01
9.673830594184577025e-01
9.716814159292035402e-01
1.000000000000000000e+00
9.919089759797724559e-01
9.016434892541087542e-01
8.707964601769911939e-01
8.313527180783818471e-01
7.711757269279393423e-01
6.647281921618204414e-01
5.891276864728192120e-01
5.238938053097345060e-01
4.528445006321112354e-01
3.737041719342604207e-01
2.915297092288242631e-01
2.417193426042983651e-01
1.835651074589127740e-01
1.385587863463969560e-01
1.132743362831858391e-01
9.051833122629582284e-02
6.169405815423514849e-02
4.045512010113780366e-02
2.376738305941845930e-02
1.694058154235145511e-02
1.011378002528445091e-02
6.826801517067004194e-03
5.056890012642225457e-03
1.264222503160556364e-03
1.264222503160556364e-03
0.000000000000000000e+00
2.528445006321112403e-04
2.528445006321112403e-04
0.000000000000000000e+00
