6.475300400534045320e-02
1.995994659546061478e-01
3.491321762349799962e-01
4.352469959946595468e-01
5.080106809078771546e-01
5.667556742323097696e-01
6.255006675567422736e-01
6.915887850467289377e-01
7.349799732977303490e-01
7.863818424566088039e-01
8.170894526034713223e-01
8.277703604806408988e-01
8.724966622162884100e-01
8.838451268357810919e-01
9.285714285714286031e-01
9.205607476635514486e-01
9.853137516688919018e-01
9.799732977303070580e-01
9.506008010680907505e-01
9.672897196261682762e-01
9.639519359145527488e-01
1.000000000000000000e+00
9.913217623497997399e-01
9.532710280373831724e-01
8.938584779706274519e-01
9.279038718291054977e-01
8.798397863818424591e-01
7.650200267022696510e-01
7.096128170894525633e-01
6.395193591455273774e-01
5.473965287049399331e-01
4.639519359145527488e-01
3.758344459279038818e-01
2.950600801068090639e-01
1.922563417890520709e-01
1.655540720961281576e-01
1.134846461949265695e-01
6.475300400534045320e-02
4.672897196261682068e-02
3.471295060080106798e-02
2.069425901201601969e-02
9.345794392523363789e-03
4.005340453938585100e-03
1.335113484646194889e-03
0.000000000000000000e+00
0.000000000000000000e+00
0.000000000000000000e+00
0.000000000000000000e+00
0.000000000000000000e+00
0.000000000000000000e+00
