4.871529104548039113e-01
5.084431591236578951e-01
5.306638644903041158e-01
5.538556906953981951e-01
5.780610790416490508e-01
6.033243256618795458e-01
6.296916625814478197e-01
6.572113423233733043e-01
6.859337262109966860e-01
7.159113765297677734e-01
7.471991527168186931e-01
7.798543117543502712e-01
8.139366129505544167e-01
8.495084272998187913e-01
8.866348516223481191e-01
9.253838276920774986e-01
9.658262665708822192e-01
1.008036178376618297e+00
1.052090807722470434e+00
1.098070775075462358e+00
1.146060224292817953e+00
1.196146976606166534e+00
1.248422691335383528e+00
1.302983033626176734e+00
1.359927849518378418e+00
1.419361348665320710e+00
1.481392295038673534e+00
1.546134205967734321e+00
1.613705559877418594e+00
1.684230013105107782e+00
1.757836626193138629e+00
1.834660100071046074e+00
1.914841022559778505e+00
1.998526125648991236e+00
2.085868554018237120e+00
2.177028145293451455e+00
2.272171722551606265e+00
2.371473399608814869e+00
2.475114899650572742e+00
2.583285887787233115e+00
2.696184318143288738e+00
2.814016796115645036e+00
2.936998956463822363e+00
3.065355857923986793e+00
3.199322395068969982e+00
3.339143728167976111e+00
3.485075731832636858e+00
3.637385463270418118e+00
3.796351651002322747e+00
3.962265204939207308e+00
4.135429748750200751e+00
4.316162175497419540e+00
4.504793227553851587e+00
4.701668101865597471e+00
4.907147081666178856e+00
5.121606195798901418e+00
5.345437906853859111e+00
5.579051829378900429e+00
5.822875479478844873e+00
6.077355057174764319e+00
6.342956262955042668e+00
6.620165150012500277e+00
6.909489013727204032e+00
7.211457320022716999e+00
7.526622674294691784e+00
7.855561832684951007e+00
8.198876757551722960e+00
8.557195719067520301e+00
8.931174444960614522e+00
9.321497320504157358e+00
9.728878640948924073e+00
1.015406391869165148e+01
1.059783124757111317e+01
1.106099272678858014e+01
1.154439594705849892e+01
1.204892554170901953e+01
1.257550480557095263e+01
1.312509738461768016e+01
1.369870903944810436e+01
1.429738948583986158e+01
1.492223431574102932e+01
1.557438700221564787e+01
1.625504099201235420e+01
1.696544188958528920e+01
1.770688973656427478e+01
1.848074139084563328e+01
1.928841300965738625e+01
2.013138264114286713e+01
2.101119292920548531e+01
2.192945393656438569e+01
2.288784609118735602e+01
2.388812326149289689e+01
2.493211596594909807e+01
2.602173472294306578e+01
2.715897354705105826e+01
2.834591359810755762e+01
2.958472698975114668e+01
3.087768076441692955e+01
3.222714104204963803e+01
3.363557735012980032e+01
