0.000000000000000000e+00
2.352941176470588300e-04
2.352941176470588300e-04
1.176470588235294015e-03
4.000000000000000083e-03
4.000000000000000083e-03
5.411764705882352901e-03
1.200000000000000025e-02
1.435294117647058741e-02
1.976470588235294118e-02
2.470588235294117474e-02
3.129411764705882643e-02
3.576470588235294151e-02
4.000000000000000083e-02
5.247058823529411609e-02
5.905882352941176777e-02
6.423529411764705710e-02
6.541176470588234981e-02
8.117647058823529438e-02
7.929411764705882049e-02
8.188235294117647556e-02
1.023529411764705910e-01
1.110588235294117654e-01
1.152941176470588247e-01
1.378823529411764837e-01
1.472941176470588254e-01
1.607058823529411706e-01
1.600000000000000033e-01
1.799999999999999933e-01
1.856470588235294150e-01
2.103529411764705759e-01
2.232941176470588374e-01
2.465882352941176359e-01
2.560000000000000053e-01
2.760000000000000231e-01
2.967058823529411526e-01
3.141176470588235570e-01
3.350588235294117423e-01
3.679999999999999938e-01
3.675294117647058822e-01
3.962352941176470744e-01
4.425882352941176712e-01
4.355294117647058871e-01
4.872941176470588220e-01
5.091764705882353415e-01
5.230588235294117982e-01
5.465882352941175970e-01
5.809411764705881831e-01
6.298823529411764488e-01
6.308235294117646719e-01
6.677647058823529269e-01
7.270588235294117574e-01
7.181176470588235272e-01
7.847058823529411420e-01
7.948235294117647065e-01
8.369411764705881884e-01
8.338823529411765190e-01
8.548235294117647598e-01
9.063529411764705834e-01
9.061176470588235832e-01
9.409411764705882808e-01
9.221176470588234864e-01
9.708235294117647518e-01
9.774117647058823133e-01
9.519999999999999574e-01
9.717647058823529749e-01
9.762352941176470900e-01
1.000000000000000000e+00
9.583529411764706296e-01
9.214117647058823746e-01
9.240000000000000435e-01
8.960000000000000187e-01
8.244705882352940662e-01
7.708235294117646852e-01
6.769411764705882684e-01
5.995294117647058663e-01
5.089411764705882302e-01
4.279999999999999916e-01
3.687058823529411611e-01
2.896470588235294241e-01
2.385882352941176565e-01
1.910588235294117532e-01
1.444705882352941284e-01
1.049411764705882322e-01
9.035294117647059420e-02
6.635294117647058676e-02
4.235294117647058626e-02
3.294117647058823761e-02
2.047058823529411889e-02
1.270588235294117622e-02
7.058823529411764955e-03
6.823529411764705718e-03
3.529411764705882477e-03
1.882352941176470640e-03
9.411764705882353201e-04
4.705882352941176600e-04
2.352941176470588300e-04
0.000000000000000000e+00
2.352941176470588300e-04
0.000000000000000000e+00
