7.185628742514969802e-02
2.082501663339986764e-01
3.366600133067199074e-01
4.184963406520292861e-01
5.156353958749168021e-01
5.701929474384563878e-01
6.433799068529607590e-01
6.560212907518296888e-01
7.305389221556886081e-01
7.957418496340652458e-01
8.223552894211576536e-01
8.516300731869593799e-01
8.609447771124417725e-01
8.576180971390552354e-01
9.268130405854956289e-01
9.048569527611444174e-01
9.620758483033932107e-01
9.780439121756486776e-01
9.427811044577512067e-01
9.866932801064537406e-01
1.000000000000000000e+00
9.833666001330672035e-01
9.933466400532269258e-01
9.767132401862941293e-01
8.968729208250166840e-01
9.334664005322688141e-01
8.656021290751829689e-01
7.558216899534264677e-01
7.065868263473054078e-01
6.114437791084497142e-01
5.808383233532934398e-01
4.657351962741184126e-01
3.639387890884897003e-01
2.834331337325349254e-01
1.882900864936793150e-01
1.563539587491683258e-01
1.190951430472388523e-01
6.919494344644044892e-02
5.522288755821690154e-02
2.927478376580172972e-02
2.195608782435129816e-02
5.322687957418496471e-03
3.992015968063871920e-03
1.330671989354624118e-03
6.653359946773120589e-04
0.000000000000000000e+00
0.000000000000000000e+00
0.000000000000000000e+00
0.000000000000000000e+00
0.000000000000000000e+00
