4.735410447747522289e-01
4.941005278249456789e-01
5.155526311621351221e-01
5.379361092129181232e-01
5.612913989844958706e-01
5.856606931163915730e-01
6.110880161038180214e-01
6.376193038303950011e-01
6.653024865538962329e-01
6.941875754949461408e-01
7.243267531850912100e-01
7.557744677374677034e-01
7.885875312103679535e-01
8.228252222414071948e-01
8.585493931377032872e-01
8.958245816155355756e-01
9.347181273913446331e-01
9.753002938347031803e-01
1.017644394903030269e+00
1.061826927587362412e+00
1.107927710108453923e+00
1.156030026112865761e+00
1.206220775129537515e+00
1.258590629558657081e+00
1.313234198476430192e+00
1.370250198551678844e+00
1.429741632383032979e+00
1.491815974578896808e+00
1.556585365916350661e+00
1.624166815929747099e+00
1.694682414294990780e+00
1.768259551391378803e+00
1.845031148439458146e+00
1.925135897630657400e+00
2.008718512682502233e+00
2.095929990272052734e+00
2.186927882819862390e+00
2.281876583117251389e+00
2.380947621311096274e+00
2.484319974782648544e+00
2.592180391480204626e+00
2.704723727289735979e+00
2.822153298052963333e+00
2.944681246868818381e+00
3.072528927341837246e+00
3.205927303469848777e+00
3.345117366893374466e+00
3.490350572260536577e+00
3.641889291493960901e+00
3.800007287780357235e+00
3.964990210139061055e+00
4.137136109462977274e+00
4.316755976964234520e+00
4.504174305997217687e+00
4.699729678274008116e+00
4.903775375531204794e+00
5.116680017753181708e+00
5.338828229104741752e+00
5.570621332776218182e+00
5.812478075996304838e+00
6.064835386522386074e+00
6.328149161975010983e+00
6.602895093442487706e+00
6.889569524843484949e+00
7.188690349600132201e+00
7.500797946241505976e+00
7.826456154627712714e+00
8.166253294558188713e+00
8.520803228604385993e+00
8.890746471086892200e+00
9.276751345200445087e+00
9.679515190377223632e+00
1.009976562206960082e+01
1.053826184622824513e+01
1.099579603085017077e+01
1.147319473707463366e+01
1.197132041241214395e+01
1.249107294880420582e+01
1.303339130832851644e+01
1.359925521948657945e+01
1.418968694713815282e+01
1.480575313927997172e+01
1.544856675400511037e+01
1.611928907012414314e+01
1.681913178508039763e+01
1.754935920394926185e+01
1.831129052347611719e+01
1.910630221527919659e+01
1.993583051252268845e+01
2.080137400455241092e+01
2.170449634418140761e+01
2.264682907251636834e+01
2.363007456642809601e+01
2.465600911399065964e+01
2.572648612344531216e+01
2.684343947148634513e+01
2.800888699691770256e+01
2.922493414599180639e+01
3.049377777601620565e+01
3.181771012409931387e+01
