0.000000000000000000e+00
7.898894154818325315e-04
3.159557661927330126e-03
3.949447077409162440e-03
2.369668246445497811e-03
2.369668246445497811e-03
3.159557661927330126e-03
6.319115323854660252e-03
7.898894154818324881e-03
4.739336492890995622e-03
7.898894154818324881e-03
9.478672985781991245e-03
1.184834123222748732e-02
1.737756714060031613e-02
2.527646129541864101e-02
2.606635071090047245e-02
3.317535545023696936e-02
3.791469194312796498e-02
2.764612954186413882e-02
4.976303317535545057e-02
5.529225908372827764e-02
4.739336492890994929e-02
5.845181674565561036e-02
8.056872037914691864e-02
8.451816745655607588e-02
1.042654028436018898e-01
1.255924170616113666e-01
1.563981042654028486e-01
1.603475513428120058e-01
1.856240126382306399e-01
2.377567140600315987e-01
2.227488151658767734e-01
2.969984202211690127e-01
3.041074249605055235e-01
3.349131121642969777e-01
3.349131121642969777e-01
4.328593996840442437e-01
4.723538704581358716e-01
5.023696682464454666e-01
5.394944707740916279e-01
5.932069510268562773e-01
6.121642969984202320e-01
6.706161137440758147e-01
7.030015797788309317e-01
7.235387045813586049e-01
7.898894154818325575e-01
8.459715639810426735e-01
8.665086887835703466e-01
9.067930489731437227e-01
9.131121642969983743e-01
9.597156398104265129e-01
1.000000000000000000e+00
8.981042654028436045e-01
9.984202211690362816e-01
9.391785150078988398e-01
9.044233807266982561e-01
9.202211690363348850e-01
8.957345971563981379e-01
8.285939968404423261e-01
7.867298578199052317e-01
7.290679304897313973e-01
7.148499210110584867e-01
6.808846761453396512e-01
6.224328593996840686e-01
5.292259083728277913e-01
5.387045813586097687e-01
5.039494470774091850e-01
4.573459715639810463e-01
4.099526066350711040e-01
3.609794628751974988e-01
3.412322274881516848e-01
3.064770932069510456e-01
2.693522906793048843e-01
2.401263823064770930e-01
2.014218009478672966e-01
1.682464454976303203e-01
1.524486571879936914e-01
1.311216429699842145e-01
1.153238546603475578e-01
8.925750394944707844e-02
7.582938388625592996e-02
6.872037914691943306e-02
4.897314375987361912e-02
3.949447077409162787e-02
3.712480252764612659e-02
2.606635071090047245e-02
2.685624012638230737e-02
1.816745655608214757e-02
1.184834123222748732e-02
7.898894154818324881e-03
6.319115323854660252e-03
9.478672985781991245e-03
5.529225908372827937e-03
3.159557661927330126e-03
7.898894154818325315e-04
0.000000000000000000e+00
0.000000000000000000e+00
0.000000000000000000e+00
1.579778830963665063e-03
0.000000000000000000e+00
