1.414345907254567880e+00
1.480586956331386927e+00
1.549930412365578158e+00
1.622521576934687459e+00
1.698512556831929476e+00
1.778062582789226020e+00
1.861338343127674433e+00
1.948514333034571555e+00
2.039773220198867421e+00
2.135306227571196924e+00
2.235313534050517692e+00
2.340004693936956315e+00
2.449599076029770561e+00
2.564326323290516019e+00
2.684426834034590925e+00
2.810152265659437099e+00
2.941766061964909529e+00
3.079544005170753440e+00
3.223774793787885784e+00
3.374760647554336579e+00
3.532817940703436133e+00
3.698277864891191147e+00
3.871487123171935885e+00
4.052808656476409865e+00
4.242622404114518631e+00
4.441326099896329538e+00
4.649336105539481068e+00
4.867088283109317182e+00
5.095038908319862614e+00
5.333665626609344734e+00
5.583468453993622127e+00
5.844970824794693876e+00
6.118720688439693411e+00
6.405291657628582769e+00
6.705284210276416523e+00
7.019326947748696810e+00
7.348077912026327319e+00
7.692225964560138074e+00
8.052492229704213855e+00
8.429631605752573975e+00
8.824434346745450242e+00
9.237727718359613149e+00
9.670377731352518325e+00
1.012329095619250019e+01
1.059741642267738904e+01
1.109374760852194797e+01
1.161332452108106139e+01
1.215723587657062943e+01
1.272662138135255283e+01
1.332267412006389762e+01
1.394664305559444628e+01
1.459983564615087737e+01
1.528362058489153874e+01
1.599943066787223067e+01
1.674876579631258267e+01
1.753319611947397050e+01
1.835436532473439541e+01
1.921399408175441437e+01
2.011388364795098127e+01
2.105591964283404494e+01
2.204207599911463333e+01
2.307441909886351539e+01
2.415511210338733505e+01
2.528641948589496735e+01
2.647071177645180384e+01
2.771047052916453168e+01
2.900829352200453570e+01
3.036690020016563096e+01
3.178913737436207043e+01
3.327798518600695132e+01
3.483656335177045804e+01
3.646813770060263948e+01
3.817612701691846411e+01
3.996411020428410410e+01
4.183583378461536739e+01
4.379521974860188749e+01
4.584637377380673229e+01
4.799359382766185433e+01
5.024137917338551773e+01
5.259443979769309863e+01
5.505770628005561917e+01
5.763634012418623342e+01
6.033574457340296249e+01
6.316157593253018376e+01
6.611975542006264561e+01
6.921648157542692559e+01
7.245824324733831645e+01
7.585183319046890915e+01
7.940436229891719222e+01
8.312327450630364467e+01
8.701636238371416709e+01
9.109178346817481042e+01
9.535807735587245304e+01
9.982418359593846446e+01
1.044994604222897152e+02
1.093937043627771288e+02
1.145171707667320362e+02
1.198805952939204786e+02
1.254952164099367309e+02
1.313727989351714314e+02
