0.000000000000000000e+00
1.620745542949756810e-03
8.103727714748784052e-04
0.000000000000000000e+00
8.103727714748784052e-04
0.000000000000000000e+00
8.103727714748784052e-04
1.620745542949756810e-03
3.241491085899513621e-03
3.241491085899513621e-03
8.914100486223663217e-03
1.620745542949756810e-03
4.051863857374392135e-03
1.215559157212317727e-02
9.724473257698542164e-03
1.620745542949756854e-02
1.215559157212317727e-02
2.269043760129659665e-02
2.350081037277147386e-02
3.484602917341977218e-02
2.998379254457050197e-02
3.484602917341977218e-02
6.239870340356563905e-02
5.105348460291734419e-02
6.482982171799027415e-02
7.617504051863857595e-02
9.400324149108589544e-02
1.053484602917341972e-01
1.045380875202593235e-01
1.369529983792544536e-01
1.434359805510534713e-01
1.620745542949756923e-01
2.212317666126418225e-01
2.277147487844408402e-01
2.455429497568881736e-01
2.836304700162074477e-01
2.836304700162074477e-01
3.517017828200972307e-01
3.922204213938411677e-01
4.141004862236629114e-01
4.927066450567260669e-01
5.008103727714748876e-01
5.162074554294975304e-01
5.721231766612642211e-01
6.555915721231766469e-01
6.499189627228525445e-01
7.212317666126417670e-01
7.536466774716369388e-01
8.152350081037277318e-01
8.808752025931928520e-01
8.500810372771474555e-01
9.157212317666126866e-01
9.141004862236629114e-01
9.384116693679092069e-01
1.000000000000000000e+00
9.562398703403565126e-01
9.562398703403565126e-01
9.327390599675851046e-01
9.392220421393840946e-01
8.833063209076175148e-01
8.881685575364667296e-01
8.460291734197731284e-01
8.200972447325769465e-01
7.982171799027553138e-01
6.977309562398703591e-01
7.463533225283630612e-01
6.653160453808751873e-01
5.737439222042138853e-01
5.737439222042138853e-01
5.299837925445705089e-01
4.781199351701782563e-01
4.351701782820097120e-01
3.776337115072933570e-01
3.371150729335494201e-01
3.371150729335494201e-01
2.609400324149108719e-01
2.520259319286872191e-01
1.993517017828201066e-01
1.766612641815235030e-01
1.669367909238249625e-01
1.442463533225283590e-01
9.724473257698541817e-02
9.724473257698541817e-02
8.265802269043760753e-02
6.888168557536467063e-02
5.348460291734197930e-02
4.781199351701782840e-02
3.322528363047001776e-02
2.674230145867098965e-02
1.782820097244732643e-02
1.701782820097244575e-02
6.482982171799027242e-03
1.296596434359805448e-02
5.672609400324149162e-03
1.053484602917341938e-02
5.672609400324149162e-03
3.241491085899513621e-03
0.000000000000000000e+00
1.620745542949756810e-03
0.000000000000000000e+00
