7.409836065573770225e-02
2.006557377049180413e-01
3.186885245901639463e-01
3.960655737704917856e-01
4.911475409836065786e-01
5.980327868852458595e-01
6.039344262295082144e-01
6.636065573770492110e-01
6.839344262295081744e-01
7.344262295081966929e-01
7.619672131147541272e-01
7.901639344262294529e-01
7.921311475409835712e-01
8.485245901639344446e-01
8.334426229508197226e-01
8.904918032786884874e-01
9.665573770491803218e-01
1.000000000000000000e+00
9.763934426229508023e-01
9.186885245901639241e-01
9.665573770491803218e-01
9.934426229508196426e-01
9.731147540983606792e-01
9.888524590163934036e-01
9.573770491803278437e-01
8.813114754098361203e-01
8.032786885245901676e-01
7.731147540983606126e-01
7.245901639344262124e-01
6.249180327868852913e-01
5.239344262295081434e-01
4.754098360655737432e-01
3.652459016393442837e-01
2.885245901639344468e-01
2.078688524590164011e-01
1.403278688524590145e-01
1.147540983606557402e-01
7.147540983606556764e-02
5.639344262295081789e-02
3.409836065573770836e-02
2.032786885245901551e-02
9.836065573770492662e-03
1.967213114754098359e-03
2.622950819672131145e-03
6.557377049180327863e-04
0.000000000000000000e+00
0.000000000000000000e+00
0.000000000000000000e+00
0.000000000000000000e+00
0.000000000000000000e+00
