0.000000000000000000e+00
2.407704654895666003e-03
8.025682182985553704e-04
8.025682182985553704e-04
3.210272873194221482e-03
1.605136436597110741e-03
2.407704654895666003e-03
2.407704654895666003e-03
4.012841091492776527e-03
4.012841091492776527e-03
4.012841091492776527e-03
4.012841091492776527e-03
8.025682182985553054e-03
1.123595505617977497e-02
1.123595505617977497e-02
1.685393258426966245e-02
2.086677367576244072e-02
2.166934189406099359e-02
3.130016051364366281e-02
2.808988764044943742e-02
4.414125200642054353e-02
5.216693418940610005e-02
5.296950240770465640e-02
7.383627608346710058e-02
8.426966292134831227e-02
1.027287319422150874e-01
8.667736757624397437e-02
1.179775280898876372e-01
1.099518459069020876e-01
1.492776886035313000e-01
1.693418940609951739e-01
1.958266452648474987e-01
2.255216693418940488e-01
2.656500802568218522e-01
2.592295345104334015e-01
3.041733547351525013e-01
3.138041733547351497e-01
3.868378812199037009e-01
4.141252006420545473e-01
4.365971107544141527e-01
5.160513643659710992e-01
5.056179775280899014e-01
5.842696629213482984e-01
6.252006420545745957e-01
6.621187800963082015e-01
6.677367576243981029e-01
7.279293739967896970e-01
8.178170144462278968e-01
8.394863563402888973e-01
8.459069020866774036e-01
8.916532905296949973e-01
8.852327447833066021e-01
8.876404494382021948e-01
1.000000000000000000e+00
9.221508828250400969e-01
9.614767255216692954e-01
9.261637239165328994e-01
9.093097913322631953e-01
8.852327447833066021e-01
8.756019261637238982e-01
8.394863563402888973e-01
8.683788121990368980e-01
7.784911717495986982e-01
7.351524879614766972e-01
6.597110754414124978e-01
6.910112359550562022e-01
6.107544141252005954e-01
5.537720706260031989e-01
5.288924558587480007e-01
4.927768860353129998e-01
4.486356340288924494e-01
3.932584269662921517e-01
3.659711075441412498e-01
3.162118780096307979e-01
3.081861958266452484e-01
2.367576243980738238e-01
2.182985553772070764e-01
2.062600321027287242e-01
1.653290529695023992e-01
1.460674157303370746e-01
1.316211878009630742e-01
9.871589085072231262e-02
8.747993579454253765e-02
7.062600321027287520e-02
6.179775280898876233e-02
5.056179775280898736e-02
4.654895666131621257e-02
3.130016051364366281e-02
2.327447833065810628e-02
1.203852327447833132e-02
1.043338683788122036e-02
8.828250401284109400e-03
1.043338683788122036e-02
8.828250401284109400e-03
4.012841091492776527e-03
2.407704654895666003e-03
4.815409309791332006e-03
8.025682182985553704e-04
4.815409309791332006e-03
0.000000000000000000e+00
