7.441253263707571508e-02
1.879895561357702305e-01
3.218015665796344904e-01
4.118798955613576784e-01
4.921671018276762566e-01
5.672323759791122466e-01
6.011749347258485976e-01
6.403394255874673702e-01
6.801566579634464871e-01
7.526109660574412663e-01
7.754569190600522077e-01
7.976501305483029158e-01
7.937336814621409609e-01
8.407310704960835324e-01
8.322454308093995001e-01
8.994778067885117467e-01
9.327676240208877534e-01
9.843342036553525132e-01
9.738903394255874479e-01
9.458224543080939739e-01
9.601827676240208831e-01
9.758485639686683699e-01
9.810704960835509025e-01
1.000000000000000000e+00
9.073107049608355457e-01
8.870757180156657595e-01
8.087467362924282144e-01
7.872062663185378506e-01
7.180156657963446820e-01
5.972584856396866426e-01
5.234986945169712858e-01
4.634464751958224382e-01
3.661879895561357956e-01
2.852480417754569286e-01
2.016971279373368231e-01
1.540469973890339350e-01
1.018276762402088725e-01
7.832898172323760067e-02
5.417754569190600528e-02
3.459530026109660511e-02
1.762402088772846084e-02
7.180156657963446785e-03
1.305483028720626649e-03
1.305483028720626649e-03
6.527415143603133244e-04
0.000000000000000000e+00
0.000000000000000000e+00
0.000000000000000000e+00
0.000000000000000000e+00
0.000000000000000000e+00
