7.156549520766773698e-02
1.872204472843450596e-01
3.162939297124600646e-01
4.044728434504792358e-01
5.003194888178913446e-01
5.341853035143769857e-01
6.223642172523962124e-01
6.504792332268370947e-01
6.619808306709265011e-01
7.431309904153354795e-01
7.833865814696485685e-01
7.948881789137379750e-01
7.968051118210862649e-01
8.543130990415335191e-01
8.753993610223642641e-01
8.664536741214057258e-01
9.431309904153354351e-01
9.482428115015973935e-01
8.926517571884984292e-01
9.527156549520766626e-01
9.284345047923322491e-01
9.392971246006389663e-01
1.000000000000000000e+00
9.035143769968051464e-01
8.830670926517572017e-01
8.958466453674120977e-01
7.821086261980830789e-01
7.546325878594248859e-01
7.041533546325878801e-01
5.795527156549520331e-01
5.277955271565495377e-01
4.498402555910543388e-01
3.827476038338658015e-01
2.805111821086261892e-01
2.223642172523961624e-01
1.258785942492012810e-01
1.099041533546325916e-01
7.539936102236421966e-02
4.664536741214057175e-02
3.578274760383386849e-02
2.044728434504792386e-02
8.945686900958467122e-03
2.555910543130990482e-03
4.472843450479233561e-03
0.000000000000000000e+00
0.000000000000000000e+00
0.000000000000000000e+00
0.000000000000000000e+00
0.000000000000000000e+00
0.000000000000000000e+00
