0.000000000000000000e+00
8.130081300813008123e-04
8.130081300813008123e-04
0.000000000000000000e+00
8.130081300813008123e-04
0.000000000000000000e+00
1.626016260162601625e-03
0.000000000000000000e+00
3.252032520325203249e-03
2.439024390243902437e-03
5.691056910569106120e-03
6.504065040650406498e-03
2.439024390243902437e-03
8.130081300813008990e-03
6.504065040650406498e-03
1.707317073170731836e-02
1.463414634146341549e-02
2.520325203252032562e-02
3.495934959349593363e-02
3.252032520325203596e-02
3.577235772357723748e-02
4.227642276422764051e-02
5.040650406504065123e-02
6.422764227642276114e-02
5.772357723577235811e-02
8.048780487804878259e-02
8.861788617886179331e-02
1.000000000000000056e-01
1.186991869918699177e-01
1.479674796747967591e-01
1.788617886178861804e-01
1.918699186991869865e-01
2.146341463414634110e-01
2.154471544715447218e-01
2.520325203252032353e-01
2.991869918699187059e-01
3.512195121951219301e-01
3.731707317073170715e-01
4.260162601626016343e-01
4.479674796747967203e-01
5.024390243902439046e-01
5.146341463414634276e-01
5.674796747967479904e-01
6.325203252032520762e-01
6.373983739837398854e-01
7.243902439024390016e-01
7.414634146341463339e-01
8.528455284552846072e-01
8.317073170731706933e-01
8.772357723577235422e-01
9.121951219512195452e-01
9.121951219512195452e-01
9.715447154471544833e-01
9.674796747967480126e-01
1.000000000000000000e+00
9.552845528455284896e-01
9.414634146341462895e-01
9.585365853658536217e-01
9.243902439024390683e-01
9.016260162601625883e-01
9.146341463414634498e-01
8.447154471544715548e-01
7.829268292682927122e-01
7.195121951219511924e-01
7.365853658536585247e-01
6.691056910569105343e-01
6.252032520325203624e-01
5.910569105691056979e-01
5.520325203252032242e-01
4.634146341463414864e-01
4.495934959349593418e-01
4.024390243902439268e-01
3.634146341463414531e-01
3.073170731707317027e-01
2.869918699186991828e-01
2.292682926829268386e-01
2.195121951219512202e-01
1.886178861788617989e-01
1.682926829268292790e-01
1.447154471544715437e-01
1.113821138211382178e-01
8.943089430894309022e-02
6.260162601626016732e-02
6.910569105691057035e-02
5.121951219512194814e-02
3.577235772357723748e-02
4.634146341463414587e-02
2.601626016260162599e-02
2.439024390243902524e-02
1.788617886178861874e-02
4.878048780487804874e-03
1.138211382113821224e-02
7.317073170731707744e-03
8.130081300813008990e-03
4.878048780487804874e-03
3.252032520325203249e-03
1.626016260162601625e-03
2.439024390243902437e-03
1.626016260162601625e-03
0.000000000000000000e+00
