7.976653696498053892e-02
1.990920881971465495e-01
2.808041504539559030e-01
4.345006485084306203e-01
4.928664072632944482e-01
5.505836575875486805e-01
6.037613488975356324e-01
6.822308690012970356e-01
6.815823605706874400e-01
7.042801556420233977e-01
7.736705577172503512e-01
7.957198443579766023e-01
7.911802853437094329e-01
8.904020752269778960e-01
8.320363164721141791e-01
9.182879377431906187e-01
8.949416342412451764e-01
9.416342412451361721e-01
9.876783398184176832e-01
9.487678339818417239e-01
9.293125810635538553e-01
1.000000000000000000e+00
9.682230869001297036e-01
8.988326848249027501e-01
9.208819714656290012e-01
8.735408560311284099e-01
8.171206225680933688e-01
8.171206225680933688e-01
7.302204928664072225e-01
6.374837872892347157e-01
5.188067444876783840e-01
4.403372243839169808e-01
3.579766536964980594e-01
2.970168612191958490e-01
1.945525291828793801e-01
1.426718547341115362e-01
1.057068741893644609e-01
7.198443579766536371e-02
4.669260700389105123e-02
3.437094682230869280e-02
1.621271076523994950e-02
5.836575875486381404e-03
8.430609597924772561e-03
3.891050583657587603e-03
6.485084306095978976e-04
0.000000000000000000e+00
0.000000000000000000e+00
0.000000000000000000e+00
0.000000000000000000e+00
0.000000000000000000e+00
