0.000000000000000000e+00
7.674597083653108111e-04
0.000000000000000000e+00
0.000000000000000000e+00
0.000000000000000000e+00
0.000000000000000000e+00
7.674597083653108111e-04
0.000000000000000000e+00
2.302379125095932542e-03
3.069838833461243244e-03
7.674597083653108111e-04
3.069838833461243244e-03
3.069838833461243244e-03
6.907137375287797192e-03
6.907137375287797192e-03
1.227935533384497298e-02
9.976976208749040870e-03
1.074443591711435157e-02
1.611665387567152649e-02
2.148887183422870314e-02
3.069838833461243158e-02
3.223330775134305298e-02
4.067536454336147245e-02
4.374520337682271526e-02
5.218726016884113472e-02
6.369915579432079700e-02
7.981580966999232696e-02
8.288564850345356283e-02
1.028396009209516515e-01
1.181887950882578725e-01
1.366078280890253294e-01
1.435149654643131101e-01
1.573292402148887270e-01
2.087490406753645389e-01
2.287029930928626276e-01
2.640061396776668956e-01
2.931696085955487474e-01
3.330775134305448693e-01
3.346124328472755427e-01
3.906369915579431806e-01
4.420567920184190203e-01
4.781273983115886250e-01
5.425940138142747449e-01
6.016884113584036742e-01
6.462010744435917609e-01
6.738296239447428837e-01
7.344589409056024865e-01
8.035303146584804601e-01
8.257866462010744479e-01
8.380660015349193914e-01
8.910207214121258490e-01
9.048349961627014659e-01
9.631619339984650585e-01
9.700690713737528670e-01
1.000000000000000000e+00
9.815809669992325848e-01
9.616270145817344961e-01
9.386032233307751715e-01
9.577897160399079235e-01
9.079048349961627018e-01
8.664620107444359620e-01
8.541826554105909075e-01
7.605525709900230469e-01
7.590176515732923734e-01
7.006907137375287808e-01
6.676899462778204120e-01
6.085955487336914826e-01
4.858019953952417702e-01
5.303146584804298014e-01
4.643131235610130636e-01
3.975441289332309891e-01
4.297774366845740768e-01
3.361473522640061606e-01
2.693783576362240861e-01
2.501918649270913342e-01
2.118188795088257748e-01
2.033768227168073761e-01
1.565617805065234180e-01
1.404451266308518742e-01
1.089792785878741371e-01
9.056024558710668027e-02
6.830391404451266468e-02
4.297774366845740629e-02
4.067536454336147245e-02
4.834996162701458294e-02
2.839600920951650120e-02
1.841903300076746033e-02
1.304681504221028368e-02
1.918649270913276930e-02
1.074443591711435157e-02
6.907137375287797192e-03
7.674597083653107894e-03
3.069838833461243244e-03
1.534919416730621622e-03
1.534919416730621622e-03
0.000000000000000000e+00
0.000000000000000000e+00
0.000000000000000000e+00
7.674597083653108111e-04
0.000000000000000000e+00
