0.000000000000000000e+00
9.883864591055102882e-04
1.482579688658265324e-03
2.718062762540153238e-03
4.200642451198418996e-03
6.424511984185816982e-03
1.260192735359525612e-02
1.334321719792438792e-02
1.779095626389918389e-02
2.545095132196689008e-02
2.693353101062515367e-02
3.039288361749444001e-02
3.508771929824561209e-02
4.991351618482826880e-02
4.966641957005189095e-02
5.485544848035581872e-02
6.745737583395107484e-02
7.857672349888807084e-02
7.783543365455893037e-02
9.315542377069434277e-02
9.710896960711638826e-02
1.089696071163825108e-01
1.292315295280454523e-01
1.275018532246108283e-01
1.359031381270076611e-01
1.497405485544847925e-01
1.704966641957005313e-01
1.739560168025698073e-01
1.868050407709414273e-01
2.149740548554484876e-01
2.206572769953051572e-01
2.327650111193476645e-01
2.559920929083271401e-01
2.782307882382011321e-01
2.908327155917964091e-01
3.083765752409192151e-01
3.338275265628861121e-01
3.491475166790214968e-01
3.711391153941190901e-01
4.027674820854954540e-01
4.030145787002717972e-01
4.351371386212009029e-01
4.707190511489992568e-01
4.966641957005188956e-01
5.478131949592290884e-01
5.651099579935754402e-01
5.757351124289596944e-01
6.043983197430194965e-01
6.550531257721768919e-01
6.854460093896713735e-01
6.953298739807264317e-01
7.143563133185075742e-01
7.333827526562886057e-01
7.845317519149987984e-01
8.057820607857671957e-01
8.332097850259451155e-01
8.692858907832963222e-01
8.697800840128490085e-01
8.875710402767481577e-01
9.374845564615764681e-01
9.367432666172473832e-01
9.562638991845812120e-01
9.513219668890535718e-01
1.000000000000000000e+00
9.896219421793921445e-01
9.723251791450456816e-01
1.000000000000000000e+00
9.819619471213244521e-01
9.906103286384976281e-01
9.668890536199653551e-01
9.668890536199653551e-01
9.258710155670867303e-01
8.643439584877686821e-01
8.329626884111687168e-01
7.892265875957499288e-01
6.716085989621942698e-01
5.856189770200148637e-01
5.102545095132197117e-01
4.462564862861378989e-01
3.741042747714356520e-01
2.888559426735853863e-01
2.362243637262169405e-01
1.746973066468989477e-01
1.386212008895478243e-01
1.124289597232517868e-01
8.673091178650851885e-02
6.004447739065974649e-02
4.002965159377316201e-02
2.619224116629602014e-02
1.779095626389918389e-02
1.037805782060785727e-02
7.165801828514949644e-03
5.189028910303928634e-03
1.976772918211020576e-03
4.941932295527551441e-04
4.941932295527551441e-04
7.412898443291326619e-04
2.470966147763775721e-04
2.470966147763775721e-04
0.000000000000000000e+00
