0.000000000000000000e+00
1.610305958132045084e-03
8.051529790660225420e-04
2.415458937198067518e-03
1.610305958132045084e-03
1.610305958132045084e-03
4.025764895330112385e-03
5.636070853462157686e-03
3.220611916264090168e-03
4.025764895330112385e-03
5.636070853462157686e-03
4.830917874396135035e-03
1.368760064412238332e-02
8.856682769726247420e-03
1.610305958132044954e-02
1.610305958132044954e-02
2.495974235104669869e-02
1.771336553945249484e-02
3.462157809983897050e-02
2.898550724637681195e-02
4.186795491143317088e-02
5.152979066022544269e-02
6.038647342995168837e-02
7.890499194847021280e-02
7.809983896940418668e-02
9.098228663446054909e-02
1.070853462157810021e-01
1.280193236714975979e-01
1.272141706924315718e-01
1.481481481481481399e-01
1.698872785829307619e-01
2.004830917874396157e-01
2.423510466988727796e-01
2.367149758454106245e-01
2.745571658615136856e-01
2.938808373590982015e-01
3.156199677938808512e-01
3.969404186795491007e-01
4.323671497584540835e-01
4.637681159420289911e-01
5.209339774557165681e-01
5.152979066022543853e-01
5.724637681159420177e-01
6.344605475040258069e-01
6.296296296296296502e-01
6.988727858293075634e-01
7.238325281803542621e-01
8.051529790660225672e-01
8.413848631239935205e-01
8.293075684380032397e-01
8.711755233494363759e-01
8.623188405797101996e-01
9.130434782608695121e-01
1.000000000000000000e+00
9.227053140096618256e-01
9.629629629629629095e-01
9.057971014492753881e-01
9.444444444444444198e-01
8.792270531400966371e-01
8.156199677938807957e-01
8.913043478260869179e-01
8.631239935587761147e-01
7.987117552334943582e-01
6.658615136876006035e-01
6.489533011272141660e-01
6.755233494363929170e-01
5.950080515297906381e-01
5.611916264090177631e-01
5.330112721417069599e-01
4.959742351046698694e-01
4.460547504025764720e-01
4.009661835748792313e-01
3.727858293075684282e-01
3.236714975845410569e-01
3.067632850241545639e-01
2.471819645732689086e-01
2.109500805152978997e-01
2.061191626409017708e-01
1.626409017713365546e-01
1.392914653784219081e-01
1.231884057971014551e-01
1.014492753623188470e-01
8.534621578099839401e-02
7.165861513687600548e-02
6.360708534621578591e-02
5.152979066022544269e-02
3.864734299516908028e-02
3.381642512077294438e-02
2.254428341384863074e-02
1.690821256038647219e-02
1.046698872785829272e-02
1.207729468599033802e-02
8.051529790660224770e-03
1.046698872785829272e-02
4.025764895330112385e-03
3.220611916264090168e-03
3.220611916264090168e-03
2.415458937198067518e-03
3.220611916264090168e-03
0.000000000000000000e+00
