6.953223767383059917e-02
1.915297092288242853e-01
3.109987357774968153e-01
3.969658659924146793e-01
4.987357774968394497e-01
5.429835651074589320e-01
6.017699115044248259e-01
6.491782553729456007e-01
6.719342604298356170e-01
7.142857142857143016e-01
7.774968394437421493e-01
7.863463969658659458e-01
7.654867256637167827e-01
8.362831858407079322e-01
8.811630847029077174e-01
8.331226295828065842e-01
9.273072060682679973e-01
9.563843236409608206e-01
9.020227560050568805e-01
9.254108723135271442e-01
9.102402022756005406e-01
9.361567635903919049e-01
1.000000000000000000e+00
8.906447534766118723e-01
8.628318584070796549e-01
8.697850821744627092e-01
7.970922882427307066e-01
7.465233881163084728e-01
6.915297092288242853e-01
5.726927939317320027e-01
5.461441213653602800e-01
4.437420986093552622e-01
3.609355246523388017e-01
2.838179519595449007e-01
2.193426042983565027e-01
1.321112515802781162e-01
1.055625790139064490e-01
7.648546144121365353e-02
4.993678887484197249e-02
2.970922882427307066e-02
2.212389380530973421e-02
9.481668773704172298e-03
2.528445006321112729e-03
3.792667509481668659e-03
0.000000000000000000e+00
0.000000000000000000e+00
0.000000000000000000e+00
0.000000000000000000e+00
0.000000000000000000e+00
0.000000000000000000e+00
