0.000000000000000000e+00
7.610350076103500339e-04
0.000000000000000000e+00
0.000000000000000000e+00
7.610350076103500339e-04
0.000000000000000000e+00
0.000000000000000000e+00
7.610350076103500339e-04
0.000000000000000000e+00
7.610350076103500339e-04
1.522070015220700068e-03
5.327245053272450237e-03
3.044140030441400135e-03
2.283105022831050102e-03
6.849315068493150305e-03
8.371385083713850372e-03
6.849315068493150305e-03
9.132420091324200406e-03
1.978691019786910088e-02
1.293759512937595058e-02
1.445966514459665064e-02
2.739726027397260122e-02
2.663622526636225119e-02
2.815829528158295125e-02
3.881278538812785173e-02
4.946727549467275220e-02
6.316590563165905281e-02
5.403348554033485240e-02
6.697108066971080298e-02
8.371385083713850372e-02
9.665144596651445430e-02
1.065449010654490047e-01
1.088280060882800548e-01
1.590563165905631571e-01
1.856925418569254083e-01
1.773211567732115579e-01
2.222222222222222099e-01
2.374429223744292106e-01
3.036529680365296913e-01
3.173515981735159919e-01
3.287671232876712146e-01
3.820395738203957170e-01
4.360730593607305972e-01
4.642313546423135207e-01
5.197869101978691564e-01
5.509893455098934245e-01
5.989345509893455599e-01
6.605783866057838294e-01
6.697108066971080298e-01
7.572298325722983670e-01
7.785388127853881679e-01
7.899543378995433907e-01
8.333333333333333703e-01
9.132420091324200406e-01
9.322678843226788192e-01
9.619482496194824428e-01
1.000000000000000000e+00
8.926940639269406175e-01
9.490106544901065755e-01
9.383561643835616195e-01
9.147640791476407962e-01
8.660578386605783940e-01
8.911719939117199729e-01
8.584474885844748382e-01
7.876712328767123683e-01
7.191780821917808098e-01
7.016742770167427867e-01
6.529680365296803846e-01
6.156773211567732051e-01
5.426179604261796019e-01
5.403348554033485796e-01
5.091324200913242004e-01
4.307458143074581192e-01
3.995433789954337955e-01
3.630136986301369939e-01
3.340943683409436926e-01
2.617960426179604116e-01
2.412480974124809607e-01
2.054794520547945091e-01
1.841704718417047082e-01
1.575342465753424570e-01
1.522070015220700068e-01
1.050228310502283047e-01
9.741248097412480433e-02
8.143074581430745362e-02
5.936073059360730264e-02
5.631659056316590251e-02
3.957382039573820176e-02
3.881278538812785173e-02
2.359208523592085105e-02
2.054794520547945091e-02
2.207001522070015098e-02
1.293759512937595058e-02
6.849315068493150305e-03
1.141552511415525051e-02
5.327245053272450237e-03
2.283105022831050102e-03
4.566210045662100203e-03
2.283105022831050102e-03
0.000000000000000000e+00
