4.610070988388371149e-01
4.814235887349288534e-01
5.027442578957805885e-01
5.250091494505971790e-01
5.482600799072255837e-01
5.725407176892687300e-01
5.978966651513499819e-01
6.243755442265656042e-01
6.520270858669793279e-01
6.809032234451452004e-01
7.110581902920742881e-01
7.425486215548400271e-01
7.754336605651201975e-01
8.097750699184537160e-01
8.456373474728320350e-01
8.830878474844870984e-01
9.221969071083854219e-01
9.630379785010138027e-01
1.005687766773562863e+00
1.050226374054604950e+00
1.096737449932833064e+00
1.145308348562415812e+00
1.196030292726031785e+00
1.248998545163717555e+00
1.304312587489306452e+00
1.362076307030488653e+00
1.422398191943405443e+00
1.485391534968224736e+00
1.551174646208385521e+00
1.619871075333132238e+00
1.691609843620671683e+00
1.766525686277759633e+00
1.844759305490822232e+00
1.926457634683886200e+00
2.011774114479617737e+00
2.100868980881774206e+00
2.193909566220309415e+00
2.291070613424345481e+00
2.392534604213266469e+00
2.498492101822313849e+00
2.609142108906376212e+00
2.724692441294158218e+00
2.845360118294695706e+00
2.971371770289266134e+00
3.102964064374201580e+00
3.240384148854025703e+00
3.383890117419732668e+00
3.533751493883996453e+00
3.690249738383705846e+00
3.853678776000552197e+00
4.024345548792491734e+00
4.202570592272846461e+00
4.388688637419795313e+00
4.583049239346876469e+00
4.786017433815239031e+00
4.997974422820667506e+00
5.219318290543006000e+00
5.450464751002633612e+00
5.691847928828169145e+00
5.943921174601843660e+00
6.207157916313815527e+00
6.482052548524610103e+00
6.769121360905637985e+00
7.068903507901735495e+00
7.381962021336855528e+00
7.708884867864744805e+00
8.050286053250646390e+00
8.406806775558003153e+00
8.779116629405999461e+00
9.167914863559738947e+00
9.573931694214946830e+00
9.997929676443730429e+00
1.044070513637717212e+01
1.090308966681460490e+01
1.138595168906845956e+01
1.189019808397814337e+01
1.241677589515612645e+01
1.296667410766524675e+01
1.354092550546771534e+01
1.414060861113450507e+01
1.476684971145808944e+01
1.542082497277285569e+01
1.610376264995617746e+01
1.681694539325884818e+01
1.756171265729750175e+01
1.833946321673329294e+01
1.915165779336188123e+01
1.999982179954842110e+01
2.088554820316040406e+01
2.181050051937892675e+01
2.277641593500741735e+01
2.378510857114581967e+01
2.483847289035775319e+01
2.593848725473009154e+01
2.708721764150714506e+01
2.828682152327817434e+01
2.953955192000565688e+01
3.084776163050450393e+01
3.221390765131972245e+01
3.364055579130144480e+01
