0.000000000000000000e+00
7.905138339920948515e-04
0.000000000000000000e+00
0.000000000000000000e+00
0.000000000000000000e+00
0.000000000000000000e+00
7.905138339920948515e-04
7.905138339920948515e-04
0.000000000000000000e+00
7.905138339920948515e-04
1.581027667984189703e-03
3.952569169960474041e-03
2.371541501976284771e-03
4.743083003952569543e-03
4.743083003952569543e-03
7.905138339920948082e-03
4.743083003952569543e-03
1.422924901185770689e-02
1.739130434782608717e-02
1.897233201581027817e-02
2.450592885375494148e-02
2.845849802371541379e-02
3.320158102766798680e-02
3.399209486166007710e-02
4.426877470355731342e-02
5.296442687747035527e-02
6.324110671936758465e-02
7.430830039525691821e-02
9.407114624505928668e-02
1.090909090909090856e-01
1.169960474308300441e-01
1.288537549407114680e-01
1.462450592885375378e-01
1.525691699604743157e-01
2.142292490118577197e-01
2.181818181818181712e-01
2.561264822134387553e-01
2.956521739130434923e-01
3.264822134387351804e-01
3.335968379446640486e-01
3.881422924901185567e-01
4.418972332015810300e-01
4.750988142292489891e-01
5.035573122529644063e-01
5.486166007905138864e-01
5.865612648221344427e-01
6.687747035573122778e-01
7.304347826086956541e-01
7.328063241106719250e-01
8.126482213438734892e-01
8.189723320158103226e-01
8.553359683794465873e-01
8.972332015810277062e-01
9.486166007905137976e-01
9.557312252964427213e-01
9.897233201581027151e-01
1.000000000000000000e+00
9.762845849802371800e-01
9.541501976284585407e-01
9.130434782608695121e-01
9.399209486166008043e-01
8.766798418972332474e-01
8.608695652173913304e-01
8.324110671936758576e-01
7.754940711462450231e-01
7.620553359683794881e-01
7.367588932806323765e-01
6.371541501976284438e-01
6.355731225296442632e-01
5.304347826086956985e-01
4.916996047430829964e-01
5.011857707509881354e-01
4.442687747035573009e-01
4.118577075098814322e-01
3.588932806324110492e-01
2.608695652173912971e-01
2.529644268774703386e-01
2.173913043478260809e-01
2.007905138339921014e-01
1.818181818181818232e-01
1.494071146245059267e-01
1.122529644268774746e-01
1.138339920948616552e-01
8.221343873517786283e-02
6.403162055335968883e-02
4.743083003952568849e-02
5.217391304347825803e-02
3.952569169960474388e-02
2.845849802371541379e-02
2.055335968379446571e-02
2.213438735177865671e-02
1.739130434782608717e-02
1.739130434782608717e-02
5.533596837944664178e-03
7.905138339920948082e-03
5.533596837944664178e-03
7.905138339920948515e-04
7.905138339920948515e-04
2.371541501976284771e-03
0.000000000000000000e+00
