0.000000000000000000e+00
1.573564122738001572e-03
7.867820613690007861e-04
0.000000000000000000e+00
0.000000000000000000e+00
1.573564122738001572e-03
1.573564122738001572e-03
7.867820613690007861e-04
2.360346184107002358e-03
3.147128245476003144e-03
3.147128245476003144e-03
5.507474429583005503e-03
1.180173092053501266e-02
1.022816679779701109e-02
1.416207710464201415e-02
1.652242328874901564e-02
2.202989771833202201e-02
2.753737214791502838e-02
3.697875688434303781e-02
3.933910306845003757e-02
4.405979543666404402e-02
5.271439811172305007e-02
5.271439811172305007e-02
5.900865460267505636e-02
8.025177025963807498e-02
9.362706530291109441e-02
1.156569630212431199e-01
1.164437450826121129e-01
1.455546813532651584e-01
1.573564122738001503e-01
1.951219512195122019e-01
2.163650668764752205e-01
2.470495672698662382e-01
2.690794649881982914e-01
3.076317859952792944e-01
3.343823760818253610e-01
3.737214791502753708e-01
4.232887490165224142e-01
4.358772619984264129e-01
5.114083398898504607e-01
5.090479937057434956e-01
5.971675845790715975e-01
6.388670338316286834e-01
6.270653029110936361e-01
7.537372147915027965e-01
7.749803304484658151e-01
8.434303697875688011e-01
8.245476003147128585e-01
8.914240755310779418e-01
9.409913453973249853e-01
9.457120377655389154e-01
9.567269866247050114e-01
1.000000000000000000e+00
9.701022816679779615e-01
9.457120377655389154e-01
9.520062942564909703e-01
9.260424862313139105e-01
9.244689221085758968e-01
8.457907159716758771e-01
8.898505114083399281e-01
7.915027537372147926e-01
7.081038552321007318e-01
7.254130605822187716e-01
6.679779701022816596e-01
6.184107002360346161e-01
5.853658536585365502e-01
5.239968528717545704e-01
5.035405192761605031e-01
4.122738001573564293e-01
4.287962234461054067e-01
3.469708890637293597e-01
3.210070810385522999e-01
2.580645161290322509e-01
2.407553107789142388e-01
2.069236821400471937e-01
1.880409126671911957e-01
1.549960660896931575e-01
1.416207710464201519e-01
1.132966168371361132e-01
8.103855232100708184e-02
7.002360346184106910e-02
5.979543666404406321e-02
5.822187254130605644e-02
3.304484657749803128e-02
3.540519276160503798e-02
2.124311565696302209e-02
2.281667977970102193e-02
6.294256490952006289e-03
1.258851298190401258e-02
7.867820613690007861e-03
3.147128245476003144e-03
5.507474429583005503e-03
3.147128245476003144e-03
1.573564122738001572e-03
7.867820613690007861e-04
1.573564122738001572e-03
0.000000000000000000e+00
0.000000000000000000e+00
1.573564122738001572e-03
0.000000000000000000e+00
