1.530499483440387998e+00
1.602583214809957912e+00
1.678061958320583802e+00
1.757095612845686494e+00
1.839851608203689315e+00
1.926505259851780005e+00
2.017240140285098349e+00
2.112248467928149243e+00
2.211731514342289984e+00
2.315900030611947269e+00
2.424974693812846027e+00
2.539186574508079719e+00
2.658777626262386562e+00
2.784001198211658590e+00
2.915122571773537175e+00
3.052419522636100613e+00
3.196182909215186108e+00
3.346717288826986714e+00
3.504341562881238659e+00
3.669389652461851004e+00
3.842211205726127066e+00
4.023172338621210820e+00
4.212656410486925296e+00
4.411064836188077543e+00
4.618817936496735221e+00
4.836355828525921829e+00
5.064139358101152233e+00
5.302651076044927692e+00
5.552396260442482578e+00
5.813903987054356293e+00
6.087728250143445763e+00
6.374449136090988510e+00
6.674674052287678627e+00
6.989039013903353137e+00
7.318209991261134029e+00
7.662884320670484861e+00
8.023792181707872118e+00
8.401698144074707386e+00
8.797402787309426486e+00
9.211744396785059408e+00
9.645600739585232120e+00
1.009989092402060962e+01
1.057557734672525385e+01
1.107366773145757932e+01
1.159521726392519270e+01
1.214133082715603251e+01
1.271316534215139704e+01
1.331193221877953015e+01
1.393889992210172402e+01
1.459539665956778443e+01
1.528281319477341427e+01
1.600260579374052128e+01
1.675629930996185024e+01
1.754549041474567517e+01
1.837185097970379033e+01
1.923713161854845666e+01
2.014316539570164721e+01
2.109187170957289581e+01
2.208526035873248361e+01
2.312543579959396922e+01
2.421460160462580546e+01
2.535506513053655908e+01
2.654924240632310628e+01
2.779966325153701590e+01
2.910897663561195969e+01
3.047995628960560310e+01
3.191550658224425518e+01
3.341866867271864550e+01
3.499262695326500960e+01
3.664071579517998600e+01
3.836642661256058773e+01
4.017341525873339236e+01
4.206550977104201650e+01
4.404671848039987481e+01
4.612123850278828030e+01
4.829346463068841899e+01
5.056799864328352356e+01
5.294965905515466886e+01
5.544349132412239101e+01
5.805477853985885162e+01
6.078905261591412312e+01
6.365210600886671699e+01
6.665000398942443383e+01
6.978909749147172192e+01
7.307603656628383249e+01
7.651778447040980780e+01
8.012163241706907968e+01
8.389521502231166039e+01
8.784652647866481345e+01
9.198393749052848989e+01
9.631621300719702106e+01
1.008525307910739173e+02
1.056025008604157165e+02
1.105761858477936954e+02
1.157841223174007013e+02
1.212373430863667920e+02
1.269474005973652879e+02
1.329263913920275968e+02
1.391869817370112230e+02
1.457424344570073913e+02
