0.000000000000000000e+00
1.712747736726205139e-03
7.340347443112307585e-04
2.446782481037435789e-03
4.648886713971128390e-03
4.648886713971128390e-03
7.585025691216050990e-03
1.590408612674333241e-02
1.786151211157328139e-02
2.275507707364815210e-02
2.789332028382676687e-02
3.180817225348666483e-02
3.939319794470271668e-02
4.771225838023000071e-02
5.162711034988989173e-02
5.554196231954978968e-02
7.438218742353805424e-02
6.728651822852949049e-02
8.441399559579153278e-02
9.566919500856374547e-02
9.958404697822363649e-02
1.081477856618546646e-01
1.101052116466846031e-01
1.382432101786151279e-01
1.419133839001712749e-01
1.526792268167359856e-01
1.597748960117445494e-01
1.805725471005627525e-01
2.016148764374847135e-01
2.052850501590408605e-01
2.177636408123317935e-01
2.231465622706141350e-01
2.463909958404697786e-01
2.845608025446537681e-01
2.789332028382676687e-01
2.999755321751896298e-01
3.303156349400538372e-01
3.535600685099094531e-01
3.750917543430389300e-01
3.951553706875458594e-01
4.235380474675801143e-01
4.528994372400293456e-01
4.658673843895277944e-01
5.165157817470027446e-01
5.289943724002935665e-01
5.554196231954978691e-01
6.043552728162466803e-01
6.109615855150477559e-01
6.449718620014680548e-01
6.576951309028626902e-01
6.643014436016637658e-01
7.340347443112307246e-01
7.411304135062393161e-01
7.793002202104233334e-01
8.485441644237827763e-01
8.353315390261806250e-01
8.805970149253731227e-01
8.710545632493271739e-01
9.273305603131881680e-01
9.190114998776608424e-01
9.275752385612918705e-01
9.456814289209689584e-01
9.747981404453144316e-01
1.000000000000000000e+00
9.615855150477122804e-01
9.858086616099829280e-01
9.867873746023978487e-01
9.801810619035967731e-01
9.637876192806459352e-01
9.750428186934181340e-01
9.380964032297528510e-01
9.136285784193785009e-01
8.527036946415463836e-01
8.000978712992414810e-01
7.452899437240029235e-01
6.378761928064594633e-01
5.471005627599706544e-01
4.829948617567897950e-01
4.147296305358453838e-01
3.396134083679960836e-01
2.740396378761927876e-01
2.233912405187178929e-01
1.617323219965745018e-01
1.257646195253241950e-01
1.042329336921947597e-01
7.756300464888671309e-02
5.431857107903107634e-02
4.183998042574015030e-02
2.348911181795938427e-02
1.614876437484707647e-02
8.319060435527282291e-03
7.829703939319794179e-03
4.159530217763641145e-03
3.180817225348666656e-03
2.446782481037435681e-04
4.893564962074871362e-04
4.893564962074871362e-04
0.000000000000000000e+00
2.446782481037435681e-04
0.000000000000000000e+00
