7.977386934673366681e-02
1.809045226130653328e-01
3.115577889447236348e-01
3.844221105527638183e-01
4.968592964824120606e-01
5.402010050251255802e-01
6.199748743718592747e-01
6.293969849246231485e-01
6.538944723618090871e-01
6.940954773869346672e-01
7.814070351758793942e-01
7.920854271356784215e-01
7.826633165829145478e-01
8.241206030150753925e-01
8.561557788944723635e-01
8.335427135678391553e-01
9.246231155778894539e-01
8.982412060301507850e-01
9.233668341708543004e-01
9.045226130653266639e-01
9.202261306532663054e-01
9.277638190954773378e-01
1.000000000000000000e+00
9.082914572864321245e-01
8.913316582914573294e-01
8.668341708542713908e-01
7.958542713567838822e-01
7.393216080402009727e-01
6.614321608040201195e-01
5.847989949748744198e-01
5.182160804020100597e-01
4.472361809045226066e-01
3.718592964824120606e-01
2.845477386934673336e-01
2.022613065326633042e-01
1.325376884422110602e-01
1.011306532663316521e-01
8.542713567839195499e-02
4.522613065326633319e-02
2.889447236180904544e-02
2.072864321608040156e-02
9.422110552763818259e-03
3.768844221105527477e-03
4.396984924623115534e-03
1.256281407035175898e-03
0.000000000000000000e+00
0.000000000000000000e+00
0.000000000000000000e+00
0.000000000000000000e+00
0.000000000000000000e+00
