0.000000000000000000e+00
7.974481658692185058e-04
0.000000000000000000e+00
0.000000000000000000e+00
2.392344497607655409e-03
0.000000000000000000e+00
2.392344497607655409e-03
7.974481658692185058e-04
3.987240829346092204e-03
3.189792663476874023e-03
5.582137161084529432e-03
7.974481658692184408e-03
7.974481658692184408e-03
1.275917065390749609e-02
1.355661881977671471e-02
1.674641148325358916e-02
1.355661881977671471e-02
2.312599681020733808e-02
2.153110047846890085e-02
3.588516746411483244e-02
3.748006379585326620e-02
4.545454545454545581e-02
4.784688995215310992e-02
5.582137161084529259e-02
6.140350877192982115e-02
6.698564593301435666e-02
9.250398724082935231e-02
8.452950558213716270e-02
1.116427432216905852e-01
1.164274322169059073e-01
1.491228070175438514e-01
1.642743221690590172e-01
1.953748006379585345e-01
2.185007974481658621e-01
2.575757575757575690e-01
2.575757575757575690e-01
3.110047846889952283e-01
3.205741626794258448e-01
3.636363636363636465e-01
4.051036682615630213e-01
4.585326953748006251e-01
4.776714513556618580e-01
5.342902711323763709e-01
5.813397129186602674e-01
6.020733652312599826e-01
6.451355661881977843e-01
7.041467304625199652e-01
7.783094098883572842e-01
7.551834130781499566e-01
8.245614035087719396e-01
8.245614035087719396e-01
9.090909090909090606e-01
9.210526315789473450e-01
9.696969696969697239e-01
9.880382775119617156e-01
1.000000000000000000e+00
9.003189792663477409e-01
9.649122807017543879e-01
8.899521531100478278e-01
9.250398724082934399e-01
9.027113237639553533e-01
8.468899521531100261e-01
7.950558213716107936e-01
7.320574162679426289e-01
7.033492822966507241e-01
6.897926634768739573e-01
6.586921850079744400e-01
5.972886762360446467e-01
5.486443381180223788e-01
5.087719298245614308e-01
4.569377990430621983e-01
4.266347687400319222e-01
4.242424242424242542e-01
3.644338118022328321e-01
3.197767145135566036e-01
2.639553429027113318e-01
2.344497607655502414e-01
2.001594896331738427e-01
1.858054226475279180e-01
1.714513556618819656e-01
1.459330143540669977e-01
1.291866028708134051e-01
1.060606060606060635e-01
8.373205741626794929e-02
7.655502392344497309e-02
4.944178628389154367e-02
4.066985645933014065e-02
4.066985645933014065e-02
2.870813397129186664e-02
2.631578947368420907e-02
2.551834130781499219e-02
1.515151515151515194e-02
1.355661881977671471e-02
5.582137161084529432e-03
8.771929824561403022e-03
7.177033492822966661e-03
3.189792663476874023e-03
3.189792663476874023e-03
1.594896331738437012e-03
0.000000000000000000e+00
