0.000000000000000000e+00
7.451564828614008935e-04
0.000000000000000000e+00
7.451564828614008935e-04
0.000000000000000000e+00
1.490312965722801787e-03
2.235469448584202681e-03
1.490312965722801787e-03
1.490312965722801787e-03
2.235469448584202681e-03
1.490312965722801787e-03
8.196721311475410263e-03
4.470938897168405361e-03
8.196721311475410263e-03
8.196721311475410263e-03
1.341281669150521695e-02
1.117734724292101384e-02
2.235469448584202767e-02
2.459016393442622905e-02
3.651266766020864335e-02
4.098360655737704611e-02
4.172876304023845351e-02
4.769001490312965719e-02
7.153502235469448578e-02
6.855439642324888394e-02
7.973174366616989084e-02
9.388971684053651345e-02
1.095380029806259370e-01
1.400894187779433697e-01
1.549925484351713789e-01
1.847988077496274251e-01
2.272727272727272652e-01
2.242921013412816633e-01
2.466467958271237049e-01
2.921013412816691468e-01
3.114754098360655865e-01
4.128166915052161046e-01
3.919523099850968917e-01
4.478390461997019401e-01
4.761549925484351853e-01
5.208643815201192684e-01
5.879284649776452820e-01
6.140089418777943120e-01
6.318926974664679230e-01
6.698956780923993604e-01
7.488822652757078924e-01
8.330849478390461860e-01
8.345752608047689591e-01
8.651266766020864196e-01
8.837555886736214728e-01
9.388971684053650790e-01
9.687034277198212084e-01
1.000000000000000000e+00
9.672131147540983243e-01
8.971684053651266533e-01
9.187779433681072527e-01
8.688524590163934080e-01
9.061102831594635143e-01
7.809239940387481260e-01
7.928464977645305334e-01
7.622950819672130729e-01
6.870342771982116403e-01
6.877794336810729714e-01
6.102831594634873236e-01
5.648286140089419094e-01
5.275707898658718031e-01
5.067064083457526458e-01
4.456035767511177248e-01
3.919523099850968917e-01
3.338301043219076281e-01
3.114754098360655865e-01
2.645305514157973437e-01
2.138599105812220569e-01
2.205663189269746749e-01
1.743666169895678186e-01
1.497764530551415896e-01
1.348733233979135526e-01
1.162444113263785411e-01
7.302533532041728670e-02
7.377049180327868716e-02
5.737704918032787010e-02
6.184798807749627286e-02
3.353204172876304151e-02
2.980625931445603574e-02
2.086438152011922675e-02
1.639344262295082053e-02
1.341281669150521695e-02
1.415797317436661741e-02
5.961251862891207148e-03
2.980625931445603574e-03
5.216095380029806688e-03
2.980625931445603574e-03
2.235469448584202681e-03
7.451564828614008935e-04
0.000000000000000000e+00
7.451564828614008935e-04
0.000000000000000000e+00
0.000000000000000000e+00
7.451564828614008935e-04
0.000000000000000000e+00
