4.780370349839653255e-01
4.987273816312938757e-01
5.203132455985325366e-01
5.428333865683453441e-01
5.663282418157408182e-01
5.908399988174400930e-01
6.164126710039163903e-01
6.430921767901249808e-01
6.709264220268337242e-01
6.999653860206018763e-01
7.302612112768671615e-01
7.618682971272829896e-01
7.948433974094235577e-01
8.292457223742517591e-01
8.651370450043345262e-01
9.025818119337117862e-01
9.416472591685872695e-01
9.824035328166288439e-01
1.024923815041661967e+00
1.069284455469920347e+00
1.115565108283806950e+00
1.163848875249332560e+00
1.214222454934052786e+00
1.266776298383438526e+00
1.321604771535214606e+00
1.378806324663298666e+00
1.438483669155592226e+00
1.500743961943051152e+00
1.565698997911192158e+00
1.633465410639536763e+00
1.704164881829434153e+00
1.777924359796319020e+00
1.854876287418724790e+00
1.935158839953363907e+00
2.018916173143292081e+00
2.106298682064664085e+00
2.197463271176867572e+00
2.292573636060933673e+00
2.391800557352122603e+00
2.495322207394464975e+00
2.603324470167892812e+00
2.716001275062420284e+00
2.833554945098702760e+00
2.956196560220239800e+00
3.084146336309552261e+00
3.217634020608894030e+00
3.356899304255522409e+00
3.502192252672275963e+00
3.653773754586261635e+00
3.811915990481931082e+00
3.976902921329688034e+00
4.149030798467586045e+00
4.328608695551681151e+00
4.515959063530198492e+00
4.711418309638021995e+00
4.915337401451172816e+00
5.128082497085898694e+00
5.350035602673970381e+00
5.581595258294766992e+00
5.823177253595774872e+00
6.075215374386514711e+00
6.338162181546451279e+00
6.612489823645526954e+00
6.898690884736427442e+00
7.197279268840913069e+00
7.508791122718396771e+00
7.833785798573664749e+00
8.172846858432436079e+00
8.526583121988187131e+00
8.895629759801751746e+00
9.280649433816680727e+00
9.682333487238274472e+00
1.010140318591280995e+01
1.053861101343599493e+01
1.099474202231621867e+01
1.147061524361862794e+01
1.196708515762133729e+01
1.248504322812437550e+01
1.302541950316641106e+01
1.358918428502358644e+01
1.417734987248900325e+01
1.479097237856135294e+01
1.543115362680660674e+01
1.609904312979777430e+01
1.679584015318526369e+01
1.752279586910417564e+01
1.828121560278507474e+01
1.907246117640231731e+01
1.989795335436864221e+01
2.075917439446666535e+01
2.165767070939812555e+01
2.259505564353021967e+01
2.357301236982445403e+01
2.459329691215031133e+01
2.565774129841033613e+01
2.676825685013824696e+01
2.792683761447726098e+01
2.913556394470097644e+01
3.039660623570567921e+01
3.171222882118212283e+01
