0.000000000000000000e+00
2.423067603586140102e-04
9.692270414344560407e-04
1.938454082868912081e-03
3.392294645020596088e-03
5.088441967530893915e-03
7.026896050399806214e-03
1.259995153864792820e-02
1.284225829900654224e-02
2.229222195299248796e-02
2.713835716016476871e-02
3.489217349164041443e-02
3.416525321056457232e-02
4.143445602132299344e-02
4.506905742670220399e-02
5.185364671674339704e-02
6.590743881754300426e-02
7.608432275260479383e-02
8.020353767870123940e-02
7.947661739762539035e-02
9.280348921734916934e-02
1.073418948388659977e-01
1.126726435667555065e-01
1.233341410225345242e-01
1.385994669251272016e-01
1.417494548097892049e-01
1.657378240852919737e-01
1.577417009934577175e-01
1.991761570147807248e-01
2.030530651805185494e-01
2.163799370002423006e-01
2.224376060092076446e-01
2.471528955657862903e-01
2.621759147080203745e-01
2.798643082141991645e-01
2.895565786285437260e-01
3.263872062030530596e-01
3.409256118245699296e-01
3.620062999757693301e-01
3.811485340440998182e-01
4.053792100799612497e-01
4.431790646959050117e-01
4.509328810273806609e-01
5.071480494305791176e-01
5.100557305548825138e-01
5.410709958807851105e-01
5.871092803489217360e-01
6.203053065180518244e-01
6.135207172280107146e-01
6.372667797431548209e-01
6.869396656166707471e-01
7.014780712381875061e-01
7.257087472740489931e-01
7.836200629997577272e-01
8.143930215653016891e-01
8.182699297310395137e-01
8.584928519505694577e-01
8.696389629270656618e-01
8.955657862854373708e-01
9.323964138599466489e-01
9.236733704870365713e-01
9.449963653985946621e-01
9.556578628543735965e-01
9.878846619820692565e-01
9.827962200145383687e-01
1.000000000000000000e+00
9.849769808577659713e-01
9.915192633874485573e-01
9.748000969227041956e-01
9.629270656651320870e-01
9.583232372183183578e-01
9.142234068330505892e-01
8.645505209595347740e-01
8.192391567724739421e-01
7.484855827477586709e-01
6.622243760600921014e-01
5.628786043130603600e-01
4.858250545190210823e-01
4.138599466925127479e-01
3.462563605524593968e-01
2.675066634359098416e-01
2.265568209353041040e-01
1.608916888781196930e-01
1.264841289071965136e-01
9.813423794523867816e-02
7.656893627332202190e-02
5.330748727889508126e-02
3.779985461594378288e-02
2.398836927550278622e-02
1.550763266295129665e-02
7.026896050399806214e-03
6.299975769323964102e-03
4.119214926096437766e-03
9.692270414344560407e-04
1.211533801793069970e-03
2.423067603586140102e-04
0.000000000000000000e+00
2.423067603586140102e-04
2.423067603586140102e-04
0.000000000000000000e+00
