1.410706891577029110e+00
1.479333454767125300e+00
1.551298489757000576e+00
1.626764402959563371e+00
1.705901501361557937e+00
1.788888376862248109e+00
1.875912309308999326e+00
1.967169689139303568e+00
2.062866460583046457e+00
2.163218586425200041e+00
2.268452535377801560e+00
2.378805793161073101e+00
2.494527398447085709e+00
2.615878504875424504e+00
2.743132970409198901e+00
2.876577975361414907e+00
3.016514670486435179e+00
3.163258856599092894e+00
3.317141697255205468e+00
3.478510466101797149e+00
3.647729330583618701e+00
3.825180173774593406e+00
4.011263456188834731e+00
4.206399119516126994e+00
4.411027534321369181e+00
4.625610493846686211e+00
4.850632256158965205e+00
5.086600636994676350e+00
5.334048155768235766e+00
5.593533237330166941e+00
5.865641472187104632e+00
6.150986938027637407e+00
6.450213585536332950e+00
6.763996691623366253e+00
7.093044383349301540e+00
7.438099235984148905e+00
7.799939948807094403e+00
8.179383102428731789e+00
8.577285001601653747e+00
8.994543607678107122e+00
9.432100565075794307e+00
9.890943326325018603e+00
1.037210738049284586e+01
1.087667859001329873e+01
1.140579564119710909e+01
1.196065261395131429e+01
1.254250167650783965e+01
1.315265591124224898e+01
1.379249227796008981e+01
1.446345472133783616e+01
1.516705742953143421e+01
1.590488825130617023e+01
1.667861227939926394e+01
1.748997560820229324e+01
1.834080927424311369e+01
1.923303338836031173e+01
2.016866146889519484e+01
2.114980498568023037e+01
2.217867812507876479e+01
2.325760278682901827e+01
2.438901382396957018e+01
2.557546453767078276e+01
2.681963243937317998e+01
2.812432529323616137e+01
2.949248745253306936e+01
3.092720650429285811e+01
3.243172023718269514e+01
3.400942394835721672e+01
3.566387810576308226e+01
3.739881638319146617e+01
3.921815408621123566e+01
4.112599698799754577e+01
4.312665059499697406e+01
4.522462986333823665e+01
4.742466938791697828e+01
4.973173408714801980e+01
5.215103040749800556e+01
5.468801807308452112e+01
5.734842240685654957e+01
6.013824725116340630e+01
6.306378851686879727e+01
6.613164839158851294e+01
6.934875023911484959e+01
7.272235422365233148e+01
7.626007369412501191e+01
7.996989236552931857e+01
8.386018233610791128e+01
8.793972298100288754e+01
9.221772076502783477e+01
9.670383001927068278e+01
1.014081747284134849e+02
1.063413713779399501e+02
1.115145529127883890e+02
1.169393938615199176e+02
1.226281366827007844e+02
1.285936193929548210e+02
1.348493045390366376e+02
1.414093095793065231e+02
1.482884387431710422e+02
1.555022164403881106e+02
