0.000000000000000000e+00
8.097165991902833659e-04
2.429149797570850314e-03
3.238866396761133463e-03
1.619433198380566732e-03
3.238866396761133463e-03
3.238866396761133463e-03
5.668016194331984212e-03
4.858299595141700629e-03
1.295546558704453385e-02
1.052631578947368397e-02
8.906882591093116808e-03
1.052631578947368397e-02
9.716599190283401258e-03
1.943319838056680252e-02
2.672064777327935389e-02
3.643724696356274995e-02
2.914979757085020204e-02
3.967611336032388775e-02
4.048582995951417046e-02
5.425101214574899050e-02
4.534412955465587369e-02
6.639676113360323817e-02
9.068825910931174739e-02
8.340080971659918907e-02
9.797570850202429182e-02
1.238866396761133665e-01
1.538461538461538547e-01
1.514170040485829927e-01
1.943319838056680182e-01
1.894736842105263219e-01
2.429149797570850089e-01
2.866396761133603310e-01
2.963562753036437236e-01
3.311740890688258943e-01
3.425101214574898800e-01
4.267206477732793379e-01
4.380566801619433237e-01
5.068825910931173961e-01
5.303643724696356365e-01
5.748987854251011997e-01
6.307692307692307487e-01
6.939271255060728283e-01
6.874493927125505666e-01
7.773279352226720729e-01
7.789473684210526105e-01
8.437246963562753388e-01
8.226720647773279049e-01
9.319838056680161964e-01
9.214574898785424795e-01
1.000000000000000000e+00
1.000000000000000000e+00
9.587044534412955121e-01
9.878542510121457454e-01
9.797570850202429460e-01
9.635627530364372362e-01
9.165991902834007554e-01
9.279352226720647412e-01
8.720647773279351922e-01
8.404858299595141524e-01
7.724696356275303488e-01
7.311740890688258609e-01
7.117408906882590758e-01
6.574898785425101755e-01
5.757085020242914686e-01
5.441295546558704288e-01
5.465587044534413463e-01
4.995951417004048656e-01
4.259109311740890691e-01
3.967611336032388913e-01
3.659919028340081204e-01
3.554655870445344035e-01
2.979757085020243168e-01
2.445344129554655743e-01
2.396761133603238780e-01
1.935222672064777216e-01
1.595141700404858198e-01
1.441295546558704344e-01
1.190283400809716563e-01
1.060728744939271190e-01
8.582995951417003722e-02
6.558704453441295545e-02
6.153846153846154188e-02
4.048582995951417046e-02
3.967611336032388775e-02
3.157894736842105365e-02
2.591093117408906771e-02
1.862348178137651980e-02
1.862348178137651980e-02
1.538461538461538547e-02
2.429149797570850314e-03
9.716599190283401258e-03
7.287449392712550510e-03
1.619433198380566732e-03
2.429149797570850314e-03
1.619433198380566732e-03
0.000000000000000000e+00
0.000000000000000000e+00
8.097165991902833659e-04
0.000000000000000000e+00
