5.249927310850639461e-01
5.474774870616749833e-01
5.709252358977924269e-01
5.953772213253218926e-01
6.208764534915734989e-01
6.474677846125366232e-01
6.751979878662859313e-01
7.041158396652897888e-01
7.342722054523339592e-01
7.657201291709742064e-01
7.985149265678903596e-01
8.327142824912607821e-01
8.683783523562984552e-01
9.055698679564243569e-01
9.443542478061957013e-01
9.847997122100786704e-01
1.026977403259466737e+00
1.070961509969015069e+00
1.116829398772401838e+00
1.164661749607053265e+00
1.214542697827199813e+00
1.266559982194884748e+00
1.320805099209235056e+00
1.377373464045454243e+00
1.436364578386622792e+00
1.497882205443516135e+00
1.562034552470294768e+00
1.628934461097102826e+00
1.698699605814365743e+00
1.771452700957910853e+00
1.847321716558992133e+00
1.926440103438891160e+00
2.008947027944027575e+00
2.094987616734465874e+00
2.184713212056401677e+00
2.278281637947629168e+00
2.375857477844249832e+00
2.477612364076910101e+00
2.583725279765788585e+00
2.694382873645353449e+00
2.809779788372653631e+00
2.930119002896628189e+00
3.055612189490646280e+00
3.186480086076290075e+00
3.322952884493277637e+00
3.465270635398481680e+00
3.613683670506249168e+00
3.768453042912723649e+00
3.929850986278687230e+00
4.098161393678600994e+00
4.273680316958133218e+00
4.456716487478518118e+00
4.647591859163723527e+00
4.846642174805614545e+00
5.054217556623230578e+00
5.270683122114961705e+00
5.496419626286854765e+00
5.731824131386735743e+00
5.977310705322172346e+00
6.233311149990761635e+00
6.500275760803861935e+00
6.778674118739739463e+00
7.068995916319322781e+00
7.371751818957422486e+00
7.687474363204495731e+00
8.016718893458952166e+00
8.360064538797619349e+00
8.718115231642592278e+00
9.091500770056262226e+00
9.480877925533036432e+00
9.886931598236376573e+00
1.031037602171310574e+01
1.075195601920407640e+01
1.121244831376098183e+01
1.169266289447377716e+01
1.219344444121183635e+01
1.271567381038492250e+01
1.326026958433738656e+01
1.382818968710085450e+01
1.442043306934754909e+01
1.503804146550798038e+01
1.568210122614363478e+01
1.635374522879787307e+01
1.705415487068605174e+01
1.778456214672998570e+01
1.854625181659190858e+01
1.934056366451972409e+01
2.016889485597839737e+01
2.103270239521291884e+01
2.193350568806539158e+01
2.287288921455435542e+01
2.385250531591706746e+01
2.487407710101729208e+01
2.593940147723072442e+01
2.705035231113925320e+01
2.820888372459376114e+01
2.941703353194283466e+01
3.067692682447367147e+01
3.199077970836983553e+01
3.336090320276097287e+01
