0.000000000000000000e+00
2.320185614849187947e-04
9.280742459396751787e-04
6.960556844547563298e-04
1.624129930394431617e-03
4.640371229698375677e-03
6.032482598607888553e-03
1.044083526682134527e-02
1.252900232018561502e-02
1.693735498839907261e-02
2.320185614849187838e-02
2.436194895591647230e-02
3.248259860788862974e-02
4.129930394431554491e-02
4.454756380510440511e-02
5.359628770301624184e-02
5.986078886310904762e-02
6.705336426914153269e-02
7.540603248259861169e-02
8.631090487238979314e-02
1.020881670533642649e-01
1.002320185614849202e-01
1.141531322505800472e-01
1.243619489559164709e-01
1.287703016241299181e-01
1.382830626450116118e-01
1.668213457076566097e-01
1.682134570765661252e-01
1.879350348027842288e-01
1.883990719257540580e-01
2.078886310904872470e-01
2.176334106728538276e-01
2.487238979118329418e-01
2.570765661252900069e-01
2.897911832946635791e-01
2.870069605568445481e-01
3.032482598607888491e-01
3.412993039443155685e-01
3.661252900232018770e-01
3.596287703016241566e-01
3.988399071925753936e-01
4.296983758700695932e-01
4.401392111368909732e-01
4.705336426914152881e-01
4.997679814385150854e-01
5.301624129930394558e-01
5.751740139211136693e-01
5.941995359628770013e-01
6.025522041763341496e-01
6.464037122969837901e-01
6.737819025522041594e-01
7.290023201856148383e-01
7.598607888631090379e-01
7.819025522041763709e-01
8.053364269141530807e-01
8.494199535962877468e-01
8.563805104408352964e-01
8.860788863109049229e-01
9.174013921113689518e-01
9.174013921113689518e-01
9.457076566125289796e-01
9.761020881670533500e-01
1.000000000000000000e+00
9.489559164733178953e-01
9.617169373549884215e-01
9.953596287703015966e-01
9.902552204176333639e-01
9.621809744779582507e-01
9.526682134570765292e-01
9.192575406032482688e-01
8.874709976798144107e-01
8.373549883990719644e-01
7.897911832946635791e-01
6.939675174013920644e-01
6.222737819025522255e-01
5.501160092807424462e-01
4.412993039443155463e-01
3.767981438515081161e-01
3.143851508120649729e-01
2.593967517401392087e-01
1.879350348027842288e-01
1.665893271461716951e-01
1.127610208816705317e-01
9.837587006960556157e-02
7.215777262180975149e-02
5.568445475638050812e-02
3.596287703016241150e-02
2.320185614849187838e-02
1.252900232018561502e-02
9.976798143851507358e-03
5.800464037122969596e-03
6.728538283062645425e-03
2.088167053364269315e-03
2.320185614849187947e-04
6.960556844547563298e-04
4.640371229698375894e-04
0.000000000000000000e+00
0.000000000000000000e+00
2.320185614849187947e-04
0.000000000000000000e+00
