4.885864526236853855e-01
5.095730914833552783e-01
5.314611859774602820e-01
5.542894570401281085e-01
5.780982888162791156e-01
6.029298001028290388e-01
6.288279188585631507e-01
6.558384599144916338e-01
6.840092060221587555e-01
7.133899923832841550e-01
7.440327948102725131e-01
7.759918216735506302e-01
8.093236097983913524e-01
8.440871244808691998e-01
8.803438637998801664e-01
9.181579674097577470e-01
9.575963300059437966e-01
9.987287196644405451e-01
1.041627901264389200e+00
1.086369765212116478e+00
1.133033461694367139e+00
1.181701540698219199e+00
1.232460098045388142e+00
1.285398927699254124e+00
1.340611680614056223e+00
1.398196030407258927e+00
1.458253846148175326e+00
1.520891372568515587e+00
1.586219418013662619e+00
1.654353550467164036e+00
1.725414301995222388e+00
1.799527381972847229e+00
1.876823899468880175e+00
1.957440595183298937e+00
2.041520083347105441e+00
2.129211104012732392e+00
2.220668786181278609e+00
2.316054922232052782e+00
2.415538254139911079e+00
2.519294771986706483e+00
2.627508025294943206e+00
2.740369447734383623e+00
2.858078695776040679e+00
2.980844001892636541e+00
3.108882542930361481e+00
3.242420824303595239e+00
3.381695080692247224e+00
3.526951693950560518e+00
3.678447628966695859e+00
3.836450888244112623e+00
4.001240986008963496e+00
4.173109442682190640e+00
4.352360300591066711e+00
4.539310661832502092e+00
4.734291249239622523e+00
4.937646991443989108e+00
5.149737633068438569e+00
5.370938371130041133e+00
5.601640518778957301e+00
5.842252197547409764e+00
6.093199059333354484e+00
6.354925039396091435e+00
6.627893141695893497e+00
6.912586257966943037e+00
7.209508021972556691e+00
7.519183700453897501e+00
7.842161122348326074e+00
8.179011647921187844e+00
8.530331179525481033e+00
8.896741215777487000e+00
9.278889951013235660e+00
9.677453421970792391e+00
1.009313670372688065e+01
1.052667515700352219e+01
1.097883572905124439e+01
1.145041831041009317e+01
1.194225714994872511e+01
1.245522233068475870e+01
1.299022130899720651e+01
1.354820051995394259e+01
1.413014705159398687e+01
1.473709039112663710e+01
1.537010424613644943e+01
1.603030844401581945e+01
1.671887091298544092e+01
1.743700974820712446e+01
1.818599536664387273e+01
1.896715275447948557e+01
1.978186381107328273e+01
2.063156979359654741e+01
2.151777386667545855e+01
2.244204376155070690e+01
2.340601454945817750e+01
2.441139153413687168e+01
2.545995326858087893e+01
2.655355470137237361e+01
2.769413045816154195e+01
2.888369826409838481e+01
3.012436251327107328e+01
3.141831799146510917e+01
