0.000000000000000000e+00
8.006405124099278889e-04
0.000000000000000000e+00
8.006405124099278889e-04
0.000000000000000000e+00
8.006405124099278889e-04
2.401921537229783667e-03
2.401921537229783667e-03
3.202562049639711556e-03
3.202562049639711556e-03
2.401921537229783667e-03
6.405124099279423111e-03
9.607686148919134667e-03
9.607686148919134667e-03
1.681345076060848653e-02
1.120896717373899044e-02
1.921537229783826933e-02
2.081665332265812685e-02
2.882305844675740747e-02
3.362690152121697307e-02
3.763010408326661338e-02
4.563650920736589400e-02
4.803843074459567680e-02
5.844675740592474023e-02
4.803843074459567680e-02
6.645316253002402085e-02
6.965572457966373587e-02
9.367493995196156387e-02
1.144915932746196907e-01
1.152922337870296299e-01
1.377101681345075934e-01
1.569255404323458836e-01
1.809447558046437254e-01
2.121697357886309088e-01
2.337870296236989609e-01
2.762209767814251538e-01
2.898318654923939253e-01
3.418734987990392216e-01
3.546837469975980817e-01
3.827061649319455361e-01
4.411529223378702902e-01
4.731785428342674127e-01
5.324259407526020782e-01
5.628502802241793779e-01
6.269015212169736229e-01
6.789431545236188636e-01
6.869495596477181998e-01
7.518014411529223562e-01
8.086469175340271764e-01
8.230584467574059149e-01
8.310648518815052510e-01
9.191353082465972824e-01
9.095276220976781234e-01
9.647718174539631208e-01
9.639711769415532094e-01
1.000000000000000000e+00
9.295436349079263527e-01
9.735788630904723684e-01
8.991192954363490530e-01
9.375500400320255778e-01
8.606885508406725283e-01
8.670936749399519305e-01
8.126501200960768445e-01
7.894315452361889696e-01
7.013610888710968272e-01
6.933546837469976021e-01
6.677341873498798819e-01
6.325060048038431137e-01
5.500400320256204623e-01
5.020016012810247785e-01
4.883907125700560625e-01
4.283426741393114301e-01
4.243394715772618175e-01
3.843074459567654144e-01
2.946357085668535047e-01
2.497998398718975221e-01
2.634107285828662937e-01
2.009607686148919270e-01
1.809447558046437254e-01
1.633306645316253136e-01
1.673338670936749262e-01
1.200960768614891955e-01
1.024819855884707698e-01
8.406725380304243267e-02
8.006405124099279236e-02
5.204163330664531711e-02
3.843074459567653867e-02
4.643714971977581929e-02
3.202562049639711556e-02
2.241793434747798089e-02
2.161729383506805560e-02
1.841473178542834405e-02
1.681345076060848653e-02
5.604483586869495222e-03
1.040832666132906342e-02
4.803843074459567333e-03
4.803843074459567333e-03
1.601281024819855778e-03
1.601281024819855778e-03
0.000000000000000000e+00
