0.000000000000000000e+00
7.633587786259541904e-04
0.000000000000000000e+00
0.000000000000000000e+00
0.000000000000000000e+00
1.526717557251908381e-03
1.526717557251908381e-03
1.526717557251908381e-03
7.633587786259541904e-04
1.526717557251908381e-03
3.053435114503816761e-03
7.633587786259541904e-04
4.580152671755725359e-03
7.633587786259541687e-03
6.106870229007633523e-03
3.816793893129770843e-03
1.679389312977099327e-02
1.221374045801526705e-02
1.603053435114503919e-02
1.908396946564885552e-02
2.213740458015267185e-02
3.282442748091603246e-02
3.435114503816794063e-02
3.816793893129771104e-02
5.954198473282442533e-02
6.870229007633588125e-02
6.946564885496182840e-02
8.244274809160305473e-02
9.465648854961832004e-02
1.190839694656488507e-01
1.190839694656488507e-01
1.458015267175572505e-01
1.549618320610686995e-01
2.083969465648854991e-01
2.267175572519083970e-01
2.458015267175572560e-01
2.671755725190839703e-01
3.061068702290076216e-01
3.625954198473282375e-01
4.038167938931297440e-01
4.503816793893129500e-01
5.045801526717557106e-01
5.137404580152671318e-01
5.320610687022900853e-01
6.404580152671756066e-01
6.519083969465648831e-01
7.045801526717557772e-01
7.450381679389312950e-01
7.946564885496183450e-01
8.656488549618320816e-01
8.587786259541985157e-01
8.923664122137404675e-01
9.198473282442748422e-01
9.572519083969465159e-01
9.763358778625954582e-01
1.000000000000000000e+00
9.374045801526718069e-01
9.656488549618320594e-01
9.213740458015267087e-01
8.931297709923664563e-01
8.480916030534351169e-01
8.381679389312977069e-01
8.099236641221374544e-01
7.015267175572519331e-01
6.977099236641221003e-01
6.458015267175573060e-01
5.908396946564885566e-01
5.916030534351145453e-01
5.312977099236640965e-01
4.473282442748091614e-01
4.358778625954198294e-01
3.839694656488549795e-01
3.366412213740457848e-01
3.183206106870228869e-01
2.473282442748091503e-01
2.297709923664122134e-01
1.931297709923664174e-01
1.732824427480915974e-01
1.412213740458015399e-01
1.129770992366412180e-01
8.778625954198472636e-02
8.015267175572518554e-02
7.328244274809160574e-02
5.038167938931297635e-02
4.809160305343511410e-02
3.358778625954198654e-02
2.595419847328244226e-02
1.526717557251908337e-02
1.374045801526717521e-02
8.396946564885496636e-03
1.068702290076335888e-02
8.396946564885496636e-03
6.870229007633587605e-03
3.816793893129770843e-03
0.000000000000000000e+00
2.290076335877862680e-03
0.000000000000000000e+00
0.000000000000000000e+00
7.633587786259541904e-04
0.000000000000000000e+00
