7.213765718067505217e-02
1.998676373262739947e-01
3.170086035737921804e-01
4.116479152878887993e-01
5.135671740569159871e-01
5.771012574454004174e-01
6.326935804103243077e-01
6.664460622104566578e-01
7.088021178027795743e-01
7.868960953011250314e-01
8.252812706816677890e-01
7.988087359364659523e-01
8.080741230972865452e-01
8.987425545996029497e-01
9.139642620780940030e-01
9.185969556585042994e-01
9.371277299801455962e-01
9.735274652547981633e-01
9.649238914626075969e-01
9.675711449371277029e-01
9.808074123097286767e-01
9.602911978821971895e-01
1.000000000000000000e+00
9.774983454665784333e-01
9.272005294506948658e-01
9.166115155526141089e-01
8.213103904698875191e-01
7.849106551952349520e-01
6.757114493712772507e-01
5.843812045003309308e-01
5.810721376571806873e-01
4.904037061548643384e-01
3.692918596955658272e-01
2.898742554599603172e-01
2.045003309066843189e-01
1.449371277299801586e-01
1.118464592984778350e-01
8.140304434149570056e-02
5.360688285903375538e-02
3.176704169424222207e-02
2.183984116479152984e-02
7.941760423560555518e-03
3.970880211780277759e-03
1.323626737260092659e-03
6.618133686300463293e-04
0.000000000000000000e+00
0.000000000000000000e+00
0.000000000000000000e+00
0.000000000000000000e+00
0.000000000000000000e+00
