7.385998715478483967e-02
1.817597944765574902e-01
3.037893384714194234e-01
4.097623635195889458e-01
5.138086062941554788e-01
5.517019910083493794e-01
6.191393705844573381e-01
6.461143224149004105e-01
7.045600513808606413e-01
7.771355170199101270e-01
7.777777777777777901e-01
8.028259473346178732e-01
8.208092485549133288e-01
8.195247270391778915e-01
8.946692357096981407e-01
9.145793192035966968e-01
9.312780989081567151e-01
9.537572254335260347e-01
9.261400128452151881e-01
9.287090558766859516e-01
9.312780989081567151e-01
1.000000000000000000e+00
9.396274887604367798e-01
9.087989723827873956e-01
9.184328837508027865e-01
8.734746307000642584e-01
7.854849068721900807e-01
7.636480411046885353e-01
6.987797045600513401e-01
6.229929351316634278e-01
5.266538214515092964e-01
4.264611432241490196e-01
3.468208092485549066e-01
2.703917790622992756e-01
1.939627488760436724e-01
1.541425818882466159e-01
9.633911368015414534e-02
7.964033397559408534e-02
5.844572896596018224e-02
3.339755940912010612e-02
2.376364804110468743e-02
7.707129094412331315e-03
7.707129094412331315e-03
6.422607578676942401e-04
6.422607578676942401e-04
0.000000000000000000e+00
0.000000000000000000e+00
0.000000000000000000e+00
0.000000000000000000e+00
0.000000000000000000e+00
