7.517822423849643276e-02
1.989630589760207346e-01
3.188593648736228192e-01
3.979261179520414693e-01
5.055087491898898611e-01
5.586519766688269328e-01
6.357744653272845436e-01
6.597537265068049717e-01
6.804925469863901677e-01
7.608554763447828995e-01
8.360337005832793045e-01
7.770576798444588373e-01
8.114063512637719189e-01
8.762151652624756704e-01
9.099157485418016833e-01
8.995463383020090298e-01
9.338950097213221113e-01
9.624108878807517975e-01
9.209332469215812944e-01
9.708360337005832452e-01
9.397278029812053957e-01
9.546338302009073074e-01
1.000000000000000000e+00
9.442644199611147648e-01
9.364873622812702747e-01
8.723266364225534808e-01
8.412184057031756312e-01
7.414128321451717296e-01
6.727154893065456776e-01
5.722618276085548183e-01
5.657809462086843544e-01
4.594944912508100998e-01
3.609850939727802799e-01
2.994167206740116494e-01
1.872974724562540549e-01
1.471160077770576891e-01
1.043421905379131598e-01
7.971484121840570480e-02
5.314322747893713422e-02
2.851587815942968271e-02
1.814646791963707081e-02
1.036941023979261189e-02
3.888528839922229460e-03
1.944264419961114730e-03
0.000000000000000000e+00
0.000000000000000000e+00
0.000000000000000000e+00
0.000000000000000000e+00
0.000000000000000000e+00
0.000000000000000000e+00
