0.000000000000000000e+00
1.619433198380566732e-03
0.000000000000000000e+00
2.429149797570850314e-03
4.048582995951417046e-03
8.097165991902833659e-04
0.000000000000000000e+00
4.858299595141700629e-03
2.429149797570850314e-03
7.287449392712550510e-03
9.716599190283401258e-03
1.457489878542510102e-02
1.214574898785425114e-02
1.538461538461538547e-02
2.429149797570850228e-02
2.267206477732793685e-02
2.105263157894736795e-02
2.510121457489878499e-02
3.967611336032388775e-02
3.643724696356274995e-02
5.506072874493927322e-02
4.696356275303643912e-02
5.829959514170040408e-02
6.396761133603239002e-02
8.178137651821862364e-02
8.663967611336031993e-02
9.878542510121457454e-02
1.271255060728744835e-01
1.198380566801619390e-01
1.627530364372469507e-01
1.902834008097165908e-01
2.170040485829959620e-01
2.137651821862348311e-01
2.388663967611336092e-01
2.753036437246963453e-01
3.336032388663967563e-01
3.246963562753036325e-01
3.781376518218623750e-01
4.283400809716599311e-01
4.599190283400809709e-01
5.004048582995951344e-01
5.352226720647773606e-01
5.748987854251011997e-01
6.348178137651822039e-01
6.429149797570850033e-01
6.979757085020242835e-01
8.097165991902833815e-01
7.506072874493927571e-01
7.967611336032388580e-01
8.348178137651821595e-01
9.238866396761133970e-01
9.157894736842104866e-01
9.692307692307692291e-01
9.724696356275304154e-01
1.000000000000000000e+00
9.012145748987854255e-01
9.376518218623481893e-01
8.939271255060728949e-01
9.093117408906882249e-01
8.906882591093117085e-01
8.591093117408906688e-01
7.829959514170040658e-01
8.008097165991903132e-01
6.955465587044534770e-01
6.736842105263157743e-01
6.542510121457489891e-01
6.113360323886639636e-01
5.514170040485829594e-01
5.101214574898785825e-01
4.874493927125506110e-01
4.753036437246963564e-01
4.032388663967611531e-01
3.910931174089068985e-01
3.263157894736842257e-01
2.955465587044534548e-01
2.485829959514170018e-01
2.137651821862348311e-01
1.935222672064777216e-01
1.821862348178137636e-01
1.506072874493927238e-01
1.392712550607287381e-01
1.052631578947368363e-01
9.554655870445344368e-02
7.773279352226721006e-02
7.935222672064777549e-02
3.643724696356274995e-02
4.210526315789473589e-02
3.886639676113360503e-02
3.238866396761133637e-02
2.105263157894736795e-02
2.186234817813765066e-02
2.105263157894736795e-02
1.538461538461538547e-02
5.668016194331984212e-03
8.906882591093116808e-03
6.477732793522266927e-03
1.619433198380566732e-03
1.619433198380566732e-03
1.619433198380566732e-03
0.000000000000000000e+00
