0.000000000000000000e+00
2.243661655822302048e-04
2.243661655822302048e-04
1.346196993493381120e-03
1.346196993493381120e-03
4.936055642809064614e-03
5.384787973973524482e-03
8.974646623289207759e-03
1.458380076284496348e-02
1.974422257123625846e-02
2.064168723356517993e-02
2.984070002243661632e-02
3.544985416199237377e-02
3.769351581781467397e-02
4.756562710343280320e-02
4.823872560017949257e-02
6.259816019744222915e-02
6.686111734350459745e-02
7.493829930446488374e-02
8.077181960960287677e-02
9.378505721337222767e-02
1.054520978236481998e-01
1.101637873008750323e-01
1.135292797846084861e-01
1.337222346870091949e-01
1.431456136414628599e-01
1.525689925959165250e-01
1.637873008750280468e-01
1.745568768229751044e-01
2.008077181960960245e-01
1.936280008974646527e-01
2.257123625757235796e-01
2.402961633385685414e-01
2.566748934260713599e-01
2.548799641014135031e-01
2.916760152568992348e-01
3.017724927080996378e-01
3.264527709221449192e-01
3.448507964998878128e-01
3.704285393762620782e-01
3.877047341260937974e-01
4.092438860219878571e-01
4.377383890509310982e-01
4.588288086156607770e-01
4.931568319497419695e-01
5.317478124298855580e-01
5.696656944132825195e-01
5.923266771370877537e-01
6.120708997083239566e-01
6.320394884451424611e-01
6.825218757011443094e-01
7.078752524119362732e-01
7.291900381422481425e-01
7.597038366614314864e-01
8.178146735472290318e-01
8.238725600179492847e-01
8.606686111734350719e-01
8.795153690823424020e-01
8.999326901503252873e-01
9.093560691047789524e-01
9.587166255328696263e-01
9.750953556203724171e-01
9.519856405654026910e-01
9.833969037469150187e-01
9.809288759255104795e-01
1.000000000000000000e+00
9.566973300426295790e-01
9.441328247700246923e-01
9.299977563383441392e-01
9.044200134619699849e-01
8.281355171640116808e-01
7.848328472066412598e-01
7.177473636975544302e-01
6.273277989679156841e-01
5.660758357639668059e-01
4.572582454565851662e-01
3.903971281130805271e-01
3.203948844514247218e-01
2.548799641014135031e-01
2.037244783486650279e-01
1.570563159075611392e-01
1.247475880637199941e-01
1.020866053399147461e-01
7.224590531747812627e-02
5.137985191833071424e-02
3.679605115548575250e-02
2.580210904195647317e-02
1.615436392192057605e-02
1.032084361678258996e-02
5.833520305137985217e-03
6.506618801884675451e-03
2.916760152568992608e-03
1.121830827911150970e-03
0.000000000000000000e+00
4.487323311644604096e-04
2.243661655822302048e-04
0.000000000000000000e+00
2.243661655822302048e-04
2.243661655822302048e-04
0.000000000000000000e+00
