1.282168085444314265e+00
1.343924627455652887e+00
1.408655717441235078e+00
1.476504626629709716e+00
1.547621527010828668e+00
1.622163823715535802e+00
1.700296503405380522e+00
1.782192499442357914e+00
1.868033074647412972e+00
1.958008222494784345e+00
2.052317087630155523e+00
2.151168406643371611e+00
2.254780970071276869e+00
2.363384106653263927e+00
2.477218190911322893e+00
2.596535175178056321e+00
2.721599147250200357e+00
2.852686914901924276e+00
2.990088618551634880e+00
3.134108373438311279e+00
3.285064942728724180e+00
3.443292443045346207e+00
3.609141083976511233e+00
3.782977943205622751e+00
3.965187778974999411e+00
4.156173881682631688e+00
4.356358966496700624e+00
4.566186108963512957e+00
4.786119725679666814e+00
5.016646602198986393e+00
5.258276970449324850e+00
5.511545638043929607e+00
5.777013171986889795e+00
6.055267139392599418e+00
6.346923407965366692e+00
6.652627509117544413e+00
6.973056066743225756e+00
7.308918294809850558e+00
7.660957567082371078e+00
8.029953062454302071e+00
8.416721489527331457e+00
8.822118894256528066e+00
9.247042554662082026e+00
9.692432966801167282e+00
1.015927592639559052e+01
1.064860471072250547e+01
1.116150236559743192e+01
1.169910410251152300e+01
1.226259981122852416e+01
1.285323669340294295e+01
1.347232202304812354e+01
1.412122603996438031e+01
1.480138498253115920e+01
1.551430426657566741e+01
1.626156181735415984e+01
1.704481156202036729e+01
1.786578709031116219e+01
1.872630549155190138e+01
1.962827137647364140e+01
2.057368109274424484e+01
2.156462714354355015e+01
2.260330281896218807e+01
2.369200705047526512e+01
2.483314949923508408e+01
2.602925588944514246e+01
2.728297359862004612e+01
2.859707751710397616e+01
2.997447618981741613e+01
3.141821825382524835e+01
3.293149918597492132e+01
3.451766837553970646e+01
3.618023653752042179e+01
3.792288348301449474e+01
3.974946626385037973e+01
4.166402770951378898e+01
4.367080537526150152e+01
4.577424092122719657e+01
4.797898994327859157e+01
5.028993227738520488e+01
5.271218280030279857e+01
5.525110275048088226e+01
5.791231159424997088e+01
6.070169946355152746e+01
6.362544019274105267e+01
6.669000498331710958e+01
6.990217672682243233e+01
7.326906501761786217e+01
7.679812188875655465e+01
8.049715830578868747e+01
8.437436145500149109e+01
8.843831286435973027e+01
9.269800739725488370e+01
9.716287316110064864e+01
1.018427923748411956e+02
1.067481232415578347e+02
1.118897228745842938e+02
1.172789713278764481e+02
1.229277967838202983e+02
1.288487019542297105e+02
1.350547917529673327e+02
