1.427626210900218018e+00
1.496088214636475122e+00
1.567833322815475716e+00
1.643018977144936388e+00
1.721810169470488372e+00
1.804379803843538799e+00
1.890909075952144969e+00
1.981587870747547164e+00
2.076615179138932898e+00
2.176199534670854696e+00
2.280559471141572203e+00
2.389924002166537331e+00
2.504533123739419942e+00
2.624638340893500565e+00
2.750503219619191864e+00
2.882403965248832467e+00
3.020630028577996118e+00
3.165484741053439688e+00
3.317285980421558644e+00
3.476366868298118806e+00
3.643076501190016359e+00
3.817780716573305533e+00
4.000862895708583444e+00
4.192724804955498819e+00
4.393787477432604227e+00
4.604492136957333059e+00
4.825301166293636257e+00
5.056699121832049393e+00
5.299193796928896916e+00
5.553317336238063895e+00
5.819627403480676087e+00
6.098708405215355732e+00
6.391172773294529819e+00
6.697662308821093369e+00
7.018849590554705919e+00
7.355439450858389350e+00
7.708170522424347304e+00
8.077816859173209352e+00
8.465189634883733660e+00
8.871138923280515343e+00
9.296555563486021967e+00
9.742373114930645173e+00
1.020956990601072256e+01
1.069917118099021636e+01
1.121225134985733263e+01
1.174993634607336013e+01
1.231340609738762026e+01
1.290389711514066917e+01
1.352270520773794260e+01
1.417118832424830721e+01
1.485076953436781722e+01
1.556294015128796460e+01
1.630926300432158627e+01
1.709137586846786050e+01
1.791099505844265494e+01
1.876991919506099293e+01
1.967003315223695736e+01
2.061331219326239861e+01
2.160182630544159466e+01
2.263774474259368574e+01
2.372334078539161695e+01
2.486099672998361143e+01
2.605320911584472654e+01
2.730259420433070261e+01
2.861189371995653374e+01
2.998398086699896226e+01
3.142186663462571872e+01
3.292870640438830065e+01
3.450780687457776708e+01
3.616263331663900971e+01
3.789681717956732854e+01
3.971416405897477375e+01
4.161866204831430593e+01
4.361449049058774108e+01
4.570602914974329423e+01
4.789786782188848235e+01
5.019481640741014417e+01
5.260191546610418101e+01
5.512444727847813652e+01
5.776794743749986338e+01
6.053821699622992725e+01
6.344133519799562748e+01
6.648367281704196330e+01
6.967190613893534135e+01
7.301303161139931319e+01
7.651438119773335700e+01
8.018363846650645144e+01
8.402885545283449176e+01
8.805847032824212306e+01
9.228132591788535422e+01
9.670668910577001043e+01
1.013442711705496748e+02
1.062042490965302903e+02
1.112972879066459626e+02
1.166345640664156491e+02
1.222277900102406250e+02
1.280892398438626572e+02
1.342317762793874749e+02
1.406688788619810282e+02
1.474146735501797991e+02
