0.000000000000000000e+00
9.376465072667604849e-04
1.406469760900140673e-03
3.516174402250351466e-03
5.625879043600562693e-03
1.031411157993436523e-02
1.101734646038443448e-02
1.359587435536802578e-02
2.203469292076886896e-02
2.203469292076886896e-02
3.352086263478668698e-02
3.258321612751992336e-02
4.172526957337083925e-02
4.781997187060477855e-02
5.368026254102203215e-02
6.305672761368963375e-02
6.352555086732301903e-02
8.180965775902485082e-02
8.345053914674167850e-02
8.790436005625879012e-02
1.047819971870604799e-01
1.134552273792780175e-01
1.211908110642287845e-01
1.209563994374120988e-01
1.530707923112986368e-01
1.533052039381153364e-01
1.617440225035161883e-01
1.776840131270510936e-01
1.940928270042193982e-01
2.039381153305203920e-01
2.121425222691045442e-01
2.555086732301922181e-01
2.529301453352086337e-01
2.695733708391936378e-01
2.873886544772620844e-01
3.234880450070323765e-01
3.478668541959681337e-01
3.471636193155180350e-01
3.556024378809188868e-01
3.909985935302390803e-01
4.160806375996249362e-01
4.388185654008439074e-01
4.636661978434130083e-01
5.000000000000000000e-01
5.114861697140178354e-01
5.382090951711204774e-01
5.820440693858415226e-01
6.167369901547117284e-01
6.277543366150960535e-01
6.736990154711673950e-01
7.032348804500703210e-01
7.062822315986873045e-01
7.726207219878106214e-01
7.876230661040787284e-01
8.173933427097983540e-01
8.267698077824660041e-01
8.560712611345522305e-01
8.891233005157055391e-01
9.160806375996249917e-01
9.149085794655414938e-01
9.210032817627754609e-01
9.784341303328645267e-01
9.793717768401313251e-01
9.411626816690107367e-01
9.442100328176277202e-01
9.838255977496483951e-01
1.000000000000000000e+00
9.413970932958274362e-01
9.385841537740271523e-01
9.052977027660571441e-01
8.804500703234880987e-01
8.413033286451008230e-01
7.688701359587435391e-01
7.006563525550867366e-01
6.012658227848101111e-01
5.288326300984529382e-01
4.266291608063759733e-01
3.752930145335208745e-01
3.225503984997655782e-01
2.346460384435067881e-01
2.081575246132208179e-01
1.565869667135489918e-01
1.143928738865447742e-01
9.563994374120955710e-02
7.079231129864041461e-02
5.368026254102203215e-02
3.539615564932020730e-02
2.555086732301922042e-02
1.242381622128457645e-02
9.142053445850914159e-03
6.563525550867322852e-03
4.922644163150492573e-03
2.109704641350210793e-03
4.688232536333802425e-04
4.688232536333802425e-04
0.000000000000000000e+00
2.344116268166901212e-04
0.000000000000000000e+00
2.344116268166901212e-04
0.000000000000000000e+00
