7.315480078380143247e-02
2.031352057478772177e-01
2.821685173089483745e-01
4.147615937295884847e-01
5.329849771391247382e-01
5.493141737426519011e-01
5.898105813193991187e-01
6.596995427824950964e-01
7.152188112344872728e-01
7.067276290006531125e-01
8.001306335728282093e-01
8.073154800783801655e-01
7.864141084258654546e-01
8.680600914435009363e-01
8.706727629000653446e-01
9.261920313520575210e-01
9.268451992161985675e-01
9.510124101894187332e-01
9.823644676681907439e-01
9.451338994121488701e-01
9.301110385369040223e-01
1.000000000000000000e+00
9.849771391247550412e-01
9.079033311561071073e-01
9.353363814500326168e-01
8.817766165904638020e-01
8.301763553233181270e-01
7.981711299804049586e-01
7.165251469627694769e-01
6.433703461789680444e-01
5.440888308295231957e-01
4.748530372305682645e-01
3.605486610058785124e-01
2.867406923579359779e-01
1.894186806009144353e-01
1.345525800130633609e-01
1.103853690398432369e-01
7.903331156107119837e-02
5.290659699542782368e-02
3.657740039190071624e-02
1.632919660352710745e-02
5.225342913128674244e-03
5.225342913128674244e-03
3.265839320705421402e-03
6.531678641410842805e-04
0.000000000000000000e+00
0.000000000000000000e+00
0.000000000000000000e+00
0.000000000000000000e+00
0.000000000000000000e+00
