1.497641880069841225e+00
1.564742336790894583e+00
1.634849167300028716e+00
1.708097069389111544e+00
1.784626775859764924e+00
1.864585324916383735e+00
1.948126342673865308e+00
2.035410338322836132e+00
2.126605012519477977e+00
2.221885579592485449e+00
2.321435104186192255e+00
2.425444852986696542e+00
2.534114662206739421e+00
2.647653321535403670e+00
2.766278975290328290e+00
2.890219541543171733e+00
3.019713150023602299e+00
3.155008599643177813e+00
3.296365836518147852e+00
3.444056453409637175e+00
3.598364211540774349e+00
3.759585585793355111e+00
3.928030334331542583e+00
4.104022093747023092e+00
4.287899000869089150e+00
4.480014342434356145e+00
4.680737233864312508e+00
4.890453328454888116e+00
5.109565558340591451e+00
5.338494908656856275e+00
5.577681226388026658e+00
5.827584065455019946e+00
6.088683569666352824e+00
6.361481395228986813e+00
6.646501674591394959e+00
6.944292023470747921e+00
7.255424592999003330e+00
7.580497169009425384e+00
7.920134320575637155e+00
8.274988600009871575e+00
8.645741796626058573e+00
9.033106246676597451e+00
9.437826201979619967e+00
9.860679259866346413e+00
1.030247785719589970e+01
1.076407083130807329e+01
1.124634505091313308e+01
1.175022712005214309e+01
1.227668515840163543e+01
1.282673066134317352e+01
1.340142044337165750e+01
1.400185866857617789e+01
1.462919897209472531e+01
1.528464667661868859e+01
1.596946110820576514e+01
1.668495801585083527e+01
1.743251209946325275e+01
1.821355965110805641e+01
1.902960131458538839e+01
1.988220496865032061e+01
2.077300873941281623e+01
2.170372414770523406e+01
2.267613939746498275e+01
2.369212281144992716e+01
2.475362642088786558e+01
2.586268971595709232e+01
2.702144356430345340e+01
2.823211430512326103e+01
2.949702802667759727e+01
3.081861503545665926e+01
3.219941452558112616e+01
3.364207945741132733e+01
3.514938165473836307e+01
3.672421713034992763e+01
3.836961165020314013e+01
4.008872654689528758e+01
4.188486479360124548e+01
4.376147735014859563e+01
4.572216979342221066e+01
4.777070924483837189e+01
4.991103160819793061e+01
5.214724913182433141e+01
5.448365830951694733e+01
5.692474813549854673e+01
5.947520872921852231e+01
6.213994034658253440e+01
6.492406279492125520e+01
6.783292526978904391e+01
7.087211663249028959e+01
7.404747614808161416e+01
7.736510470447984744e+01
8.083137653423166569e+01
8.445295146146693810e+01
8.823678769756438101e+01
9.219015521011623093e+01
9.632064969087633699e+01
1.006362071495292980e+02
1.051451191613200962e+02
1.098560487978397759e+02
1.147780472715748346e+02
