1.488709634772114043e+00
1.554855723610634177e+00
1.623940804020403972e+00
1.696095460766260832e+00
1.771456080732711991e+00
1.850165110722713502e+00
1.932371326710916604e+00
2.018230115060328789e+00
2.107903766233945930e+00
2.201561781556526931e+00
2.299381193606359730e+00
2.401546900842607357e+00
2.508252017100771614e+00
2.619698236616870624e+00
2.736096215270310328e+00
2.857665968766070375e+00
2.984637288508856567e+00
3.117250175955297298e+00
3.255755296265205878e+00
3.400414452109392194e+00
3.551501078529625488e+00
3.709300759786125834e+00
3.874111769169537922e+00
4.046245632797734082e+00
4.226027718463138960e+00
4.413797850643616627e+00
4.609910952839420872e+00
4.814737718450339266e+00
5.028665311461142373e+00
5.252098098259765813e+00
5.485458411971507076e+00
5.729187350753996988e+00
5.983745611561861466e+00
6.249614360957081338e+00
6.527296144611041129e+00
6.817315837217426733e+00
7.120221634611465511e+00
7.436586089970860236e+00
7.767007196057012841e+00
8.112109515542206495e+00
8.472545361559284061e+00
8.848996030705306381e+00
9.242173090829822968e+00
9.652819726041927950e+00
1.008171214147842143e+01
1.052966103048840019e+01
1.099751310700753848e+01
1.148615270601857397e+01
1.199650345512312732e+01
1.252953002038456631e+01
1.308623992974182570e+01
1.366768547744085538e+01
1.427496571308340734e+01
1.490922851905294344e+01
1.557167278024430601e+01
1.626355065019849278e+01
1.698616991792593112e+01
1.774089647989200458e+01
1.852915692183746188e+01
1.935244121531377814e+01
2.021230553403051999e+01
2.111037519533821438e+01
2.204834773240659374e+01
2.302799610290538368e+01
2.405117204025265920e+01
2.511980955376523639e+01
2.623592858432717279e+01
2.740163882248629079e+01
2.861914369619569953e+01
2.989074453573800483e+01
3.121884492370459085e+01
3.260595523825256947e+01
3.405469739822684261e+01
3.556780981911666828e+01
3.714815258921436225e+01
3.879871287576024486e+01
4.052261057129245359e+01
4.232310419087447428e+01
4.420359703134707274e+01
4.616764360424723890e+01
4.821895635455341278e+01
5.036141267795677123e+01
5.259906224992278823e+01
5.493613468039633574e+01
5.737704750861929170e+01
5.992641455317266974e+01
6.258905463302607330e+01
6.537000067607958442e+01
6.827450923241467251e+01
7.130807041023628301e+01
7.447641825328692278e+01
7.778554157934830471e+01
8.124169530031721820e+01
8.485141224525348491e+01
8.862151550874690997e+01
9.255913134794525376e+01
9.667170265262056716e+01
1.009670030137350949e+02
1.054531514170990789e+02
1.101386275898957194e+02
