0.000000000000000000e+00
7.830853563038371167e-04
1.566170712607674233e-03
1.566170712607674233e-03
7.830853563038371167e-04
7.830853563038371167e-04
3.132341425215348467e-03
4.698512137823023134e-03
3.915426781519185800e-03
5.481597494126859600e-03
7.830853563038371601e-03
8.613938919342208067e-03
1.096319498825371920e-02
1.644479248238057967e-02
1.487862176977290500e-02
2.740798747063430060e-02
2.114330462020360193e-02
2.270947533281127487e-02
4.072043852779953094e-02
3.837118245888802154e-02
5.011746280344557547e-02
7.909162098668755247e-02
6.969459671104150100e-02
8.535630383711824420e-02
8.222396241190289834e-02
1.127642913077525483e-01
1.229444009397024223e-01
1.386061080657791655e-01
1.691464369616288155e-01
1.824588880187940354e-01
2.388410336726703165e-01
2.388410336726703165e-01
2.552858261550509100e-01
2.920908379013312239e-01
3.390759592795614674e-01
4.095536413469068049e-01
4.275646045418950436e-01
4.659357870007830860e-01
5.207517619420516386e-01
5.379796397807361519e-01
5.951448707909161584e-01
6.664056382145653323e-01
6.483946750195771491e-01
7.243539545810493419e-01
7.611589663273297113e-01
8.410336726703210308e-01
8.723570869224746005e-01
8.935003915426781296e-01
9.475332811276429013e-01
8.762725137039937273e-01
1.000000000000000000e+00
9.584964761158966118e-01
9.992169146436961080e-01
9.334377447141738449e-01
9.483163664839467932e-01
9.240407204385278073e-01
8.676585747846515817e-01
8.590446358653093251e-01
8.825371965544244190e-01
7.924823805794831699e-01
7.110415035238840664e-01
7.102584181675802855e-01
6.648394675019576594e-01
6.006264682850430692e-01
5.841816758026624479e-01
5.035238841033672363e-01
4.596711041503523942e-01
4.228660924040720248e-01
3.844949099451840380e-01
3.328112764291307757e-01
3.265465935787000840e-01
2.631166797180892747e-01
2.090837901331245030e-01
2.114330462020360124e-01
1.777603758809710166e-01
1.433046202036021843e-01
1.245105716523100953e-01
1.072826938136256791e-01
8.692247454972591714e-02
7.830853563038371601e-02
5.716523101018011060e-02
5.559906029757243767e-02
3.054032889584964647e-02
2.975724353954581000e-02
1.487862176977290500e-02
1.409553641346906853e-02
1.096319498825371920e-02
1.409553641346906853e-02
5.481597494126859600e-03
7.830853563038371601e-03
4.698512137823023134e-03
3.915426781519185800e-03
7.830853563038371167e-04
1.566170712607674233e-03
0.000000000000000000e+00
0.000000000000000000e+00
0.000000000000000000e+00
0.000000000000000000e+00
7.830853563038371167e-04
0.000000000000000000e+00
