1.299721942301895306e+00
1.361726435374706057e+00
1.426688912794851216e+00
1.494750488068231409e+00
1.566059006657109176e+00
1.640769367134603529e+00
1.719043857660167651e+00
1.801052508506957528e+00
1.886973461406857844e+00
1.976993356515470479e+00
2.071307737837643437e+00
2.170121477994214843e+00
2.273649223252665941e+00
2.382115859788394907e+00
2.495757002189431972e+00
2.614819505265746802e+00
2.739562000274914588e+00
2.870255456728945997e+00
3.007183771002653216e+00
3.150644383022153328e+00
3.300948922373086791e+00
3.458423885232060346e+00
3.623411343591754985e+00
3.796269688320302649e+00
3.977374407669037382e+00
4.167118902919703771e+00
4.365915342942909838e+00
4.574195559524114607e+00
4.792411985402008412e+00
5.021038637056931542e+00
5.260572144384144444e+00
5.511532829488684726e+00
5.774465836945153363e+00
6.049942317977649253e+00
6.338560671132155377e+00
6.640947842136394996e+00
6.957760685770759679e+00
7.289687392708621871e+00
7.637448984425420306e+00
8.001800879423862867e+00
8.383534534177382369e+00
8.783479162356421455e+00
9.202503536072045520e+00
9.641517873049640031e+00
1.010147581383204063e+01
1.058337649330709418e+01
1.108826671105936512e+01
1.161724320526066201e+01
1.217145503503865456e+01
1.275210607649870909e+01
1.336045763782085594e+01
1.399783119911249329e+01
1.466561128296841687e+01
1.536524846197369421e+01
1.609826250968234618e+01
1.686624570191657924e+01
1.767086627555762846e+01
1.851387205234159339e+01
1.939709423553196999e+01
2.032245138771610371e+01
2.129195359836623780e+01
2.230770685021820299e+01
2.337191759395231827e+01
2.448689754111390116e+01
2.565506868568472498e+01
2.687896856521336630e+01
2.816125577293286852e+01
2.950471573283934035e+01
3.091226675027622761e+01
3.238696635116762934e+01
3.393201792367072755e+01
3.555077767667490463e+01
3.724676193026259341e+01
3.902365475396869243e+01
4.088531596943056456e+01
4.283578953481215024e+01
4.487931232921512503e+01
4.702032335615904657e+01
4.926347338612220739e+01
5.161363505908941107e+01
5.407591346905145713e+01
5.665565725344845305e+01
5.935847021164579473e+01
6.219022347768070347e+01
6.515706827372149235e+01
6.826544927194291290e+01
7.152211859384263448e+01
7.493415047740883494e+01
7.850895664399905627e+01
8.225430239831096912e+01
8.617832349641773249e+01
9.028954381850950028e+01
9.459689388472976646e+01
9.910973025432821260e+01
1.038378558502683546e+02
1.087915412534403998e+02
1.139815470127358452e+02
1.194191470194437983e+02
1.251161529967486814e+02
1.310849401575193269e+02
