1.729532838739714640e+00
1.806086918586913281e+00
1.886029501392819219e+00
1.969510572008979166e+00
2.056686754046287646e+00
2.147721603725502248e+00
2.242785916734420848e+00
2.342058048667440051e+00
2.445724249648689064e+00
2.553979013766534134e+00
2.667025443975065802e+00
2.785075633147162666e+00
2.908351061994062903e+00
3.037083014597990793e+00
3.171513012337452420e+00
3.311893267019305309e+00
3.458487154067756641e+00
3.611569706658050105e+00
3.771428131721949129e+00
3.938362348793072343e+00
4.112685552703094771e+00
4.294724801184480079e+00
4.484821628482188238e+00
4.683332686125621258e+00
4.890630412062937360e+00
5.107103729413199567e+00
5.333158776147276292e+00
5.569219667066507284e+00
5.815729289508757560e+00
6.073150134274657219e+00
6.341965163333062705e+00
6.622678715933621341e+00
6.915817454826465926e+00
7.221931354364349076e+00
7.541594732340946905e+00
7.875407327501346977e+00
8.223995424746192384e+00
8.588013030140594140e+00
8.968143097932331997e+00
9.365098811881360064e+00
9.779624923304655937e+00
1.021249914834675820e+01
1.066453362709748909e+01
1.113657644729445018e+01
1.162951323546891302e+01
1.214426881852038775e+01
1.268180895883729598e+01
1.324314216621900364e+01
1.382932158999871852e+01
1.444144699491718242e+01
1.508066682445426210e+01
1.574818035548934425e+01
1.644523994833332026e+01
1.717315339635344529e+01
1.793328637959915284e+01
1.872706502703258025e+01
1.955597859217066059e+01
2.042158224715882042e+01
2.132550000051835326e+01
2.226942774404168901e+01
2.325513643455205326e+01
2.428447541649671848e+01
2.535937589160795724e+01
2.648185454214107182e+01
2.765401731448729805e+01
2.887806337026020032e+01
3.015628921226865344e+01
3.149109299311705712e+01
3.288497901451653860e+01
3.434056242574864370e+01
3.586057413009658745e+01
3.744786590844885410e+01
3.910541576968858379e+01
4.083633353790630593e+01
4.264386668691881255e+01
4.453140643304036672e+01
4.650249409753775609e+01
4.856082775070556323e+01
5.071026915002727975e+01
5.295485098543949931e+01
5.529878444529209247e+01
5.774646711719944392e+01
6.030249123860610183e+01
6.297165231254626150e+01
6.575895810476094994e+01
6.866963803905390762e+01
7.170915300851270047e+01
7.488320562100250299e+01
7.819775089815470892e+01
8.165900744792384103e+01
8.527346913167345122e+01
8.904791724768070083e+01
9.298943325391796577e+01
9.710541205398141074e+01
1.014035758710919310e+02
1.058919887362004886e+02
1.105790716173771528e+02
1.154736182188712093e+02
1.205848114794824255e+02
1.259222408011982424e+02
