5.157116862712259886e-01
5.379421708641002331e-01
5.611309320646022947e-01
5.853192777467413066e-01
6.105502964190967496e-01
6.368689339815993833e-01
6.643220737910241480e-01
6.929586201778178411e-01
7.228295855630401112e-01
7.539881813306018588e-01
7.864899126166829957e-01
8.203926771851803856e-01
8.557568685653235141e-01
8.926454836351835898e-01
9.311242348427221094e-01
9.712616672642875315e-01
1.013129280709084368e+00
1.056801657087129032e+00
1.102356593267581619e+00
1.149875239664126525e+00
1.199442244794270085e+00
1.251145906070074698e+00
1.305078327088939227e+00
1.361335581704624431e+00
1.420017885170789862e+00
1.481229772661919686e+00
1.545080285489642158e+00
1.611683165346172508e+00
1.681157056920891790e+00
1.753625719251002746e+00
1.829218246182755525e+00
1.908069296335967779e+00
1.990319332981491440e+00
2.076114874258938148e+00
2.165608754180397000e+00
2.258960394885086043e+00
2.356336090629927327e+00
2.457909304021939967e+00
2.563860975020151756e+00
2.674379843257474132e+00
2.789662784256722095e+00
2.909915160139703527e+00
3.035351185454117751e+00
3.166194308769946453e+00
3.302677610725098578e+00
3.445044219229373539e+00
3.593547742566384873e+00
3.748452721164960089e+00
3.910035098844782286e+00
4.078582714375743379e+00
4.254395814226670680e+00
4.437787587416806012e+00
4.629084723422819181e+00
4.828627994135204382e+00
5.036772860900719628e+00
5.253890107732261505e+00
5.480366501814148528e+00
5.716605482479421241e+00
5.963027879886492855e+00
6.220072664675369900e+00
6.488197729938871561e+00
6.767880706901836518e+00
7.059619815761325690e+00
7.363934753203510652e+00
7.681367618178235546e+00
8.012483877580406144e+00
8.357873373558447838e+00
8.718151374244216711e+00
9.093959669776133126e+00
9.485967715567934277e+00
9.894873824859647726e+00
1.032140641267517722e+01
1.076632529340245092e+01
1.123042303430758970e+01
1.171452636739422815e+01
1.221949766212307154e+01
1.274623646161504986e+01
1.329568108507475976e+01
1.386881029928860265e+01
1.446664506217524782e+01
1.509025034149429167e+01
1.574073701195297659e+01
1.641926383409032297e+01
1.712703951846392414e+01
1.786532487881644826e+01
1.863543507805740163e+01
1.943874197106115176e+01
2.027667654845457079e+01
2.115073148574766648e+01
2.206246380234800952e+01
2.301349763519584002e+01
2.400552713196063692e+01
2.504031946895299043e+01
2.611971799912794268e+01
2.724564553578735726e+01
2.842010777783104203e+01
2.964519688265815489e+01
3.092309519308359711e+01
3.225607912490841755e+01
3.364652322206949009e+01
