5.049023793345729372e-01
5.265359220976226773e-01
5.490963968610671486e-01
5.726235198629154866e-01
5.971587090620806837e-01
6.227451570519831892e-01
6.494279070982824642e-01
6.772539324345954181e-01
7.062722189557977259e-01
7.365338514544822468e-01
7.680921035523905482e-01
8.010025314851345613e-01
8.353230719053095221e-01
8.711141438761762501e-01
9.084387552354640238e-01
9.473626135165421625e-01
9.879542416222274470e-01
1.030285098454866821e+00
1.074429704715053724e+00
1.120465774090439792e+00
1.168474350065592304e+00
1.218539948593738931e+00
1.270750706881567549e+00
1.325198538549006155e+00
1.381979295437128386e+00
1.441192936349042553e+00
1.502943703020815258e+00
1.567340303632221099e+00
1.634496104180370946e+00
1.704529328053124848e+00
1.777563264153620981e+00
1.853726483942314651e+00
1.933153067778612844e+00
2.015982840960562239e+00
2.102361619878129861e+00
2.192441468713402397e+00
2.286380967139622467e+00
2.384345489490311554e+00
2.486507495889953567e+00
2.593046835858747734e+00
2.704151064925904624e+00
2.820015774808873221e+00
2.940844937739746090e+00
3.066851265545011973e+00
3.198256584110794165e+00
3.335292223892791785e+00
3.478199427158393586e+00
3.627229772677887709e+00
3.782645618612407112e+00
3.944720564378285665e+00
4.113739932300910951e+00
4.290001269905986625e+00
4.473814873732459674e+00
4.665504335589251816e+00
4.865407112217448038e+00
5.073875119360774733e+00
5.291275351290220641e+00
5.517990526873409962e+00
5.754419763326098725e+00
6.000979278831890085e+00
6.258103125267080458e+00
6.526243952320556652e+00
6.805873804353923084e+00
7.097484951404678277e+00
7.401590755795369070e+00
7.718726575874337748e+00
8.049450708479017891e+00
8.394345371780948639e+00
8.754017730242731332e+00
9.129100963491289633e+00
9.520255380989127048e+00
9.928169584465885933e+00
1.035356168015657730e+01
1.079718054298058938e+01
1.125980713488689311e+01
1.174225587968643403e+01
1.224537609679188677e+01
1.277005349638883480e+01
1.331721173867054553e+01
1.388781405988125073e+01
1.448286496803044265e+01
1.510341201126341026e+01
1.575054762200116265e+01
1.642541104009613662e+01
1.712919031838930906e+01
1.786312441419941166e+01
1.862850537042616494e+01
1.942668059010713577e+01
2.025905520843250684e+01
2.112709456639359118e+01
2.203232679041963138e+01
2.297634548254425013e+01
2.396081252583747556e+01
2.498746101004204334e+01
2.605809828256433747e+01
2.717460913019109725e+01
2.833895909713308114e+01
2.955319794523701660e+01
3.081946326245688894e+01
3.213998422593758875e+01
