1.530353157292048127e+00
1.597867043238134332e+00
1.668359408219482365e+00
1.741961652424944829e+00
1.818810972965033690e+00
1.899050619612044466e+00
1.982830161822551451e+00
2.070305767540010056e+00
2.161640494297166537e+00
2.257004593160896189e+00
2.356575826086041214e+00
2.460539797269794882e+00
2.569090299124300092e+00
2.682429673512361390e+00
2.800769188919620678e+00
2.924329434266274674e+00
3.053340730092390931e+00
3.188043557883308399e+00
3.328689008335379285e+00
3.475539249397650021e+00
3.628868014961923461e+00
3.788961115112128741e+00
3.956116968884134888e+00
4.130647160529074213e+00
4.312877020317094079e+00
4.503146230964149233e+00
4.701809460812238939e+00
4.909237024943390537e+00
5.125815575459673923e+00
5.351948822216007429e+00
5.588058285349181808e+00
5.834584081005868228e+00
6.091985741734240456e+00
6.360743073068409359e+00
6.641357047902418209e+00
6.934350740320925688e+00
7.240270300627254407e+00
7.559685973386310209e+00
7.893193160380031159e+00
8.241413530456757286e+00
8.604996178343309765e+00
8.984618834579848112e+00
9.380989128832862178e+00
9.794845908941185897e+00
1.022696061815372381e+01
1.067813873312616479e+01
1.114922126535711300e+01
1.164108632886242312e+01
1.215465077700984686e+01
1.269087191156522465e+01
1.325074926713583068e+01
1.383532647433720442e+01
1.444569320515646282e+01
1.508298720413826821e+01
1.574839640917978478e+01
1.644316116588764487e+01
1.716857653962480157e+01
1.792599472955680895e+01
1.871682758919750000e+01
1.954254925815244093e+01
2.040469890996570612e+01
2.130488362119229961e+01
2.224478136704399844e+01
2.322614414919273429e+01
2.425080126156192861e+01
2.532066270019314302e+01
2.643772272354430086e+01
2.760406356985588516e+01
2.882185933851459936e+01
3.009338004264922262e+01
3.142099584051300099e+01
3.280718145354010318e+01
3.425452077931127093e+01
3.576571170802767341e+01
3.734357115147088990e+01
3.899104029382311865e+01
4.071119007413558677e+01
4.250722691066437875e+01
4.438249867774403157e+01
4.634050094634044825e+01
4.838488349991507675e+01
5.051945713774667723e+01
5.274820077839191157e+01
5.507526887652632297e+01
5.750499916699042302e+01
6.004192075047630084e+01
6.269076253592699999e+01
6.545646205538506024e+01
6.834417466772177363e+01
7.135928316840325181e+01
7.450740782320580990e+01
7.779441684458457473e+01
8.122643733022290746e+01
8.480986668415276597e+01
8.855138454173571461e+01
9.245796522073243295e+01
9.653689072167060203e+01
1.007957643017437022e+02
1.052425246475439451e+02
1.098854606730463530e+02
