4.530905075782996061e-01
4.729440141308349221e-01
4.936674610503363758e-01
5.152989673582510921e-01
5.378783223741886443e-01
5.614470589049957994e-01
5.860485296408303180e-01
6.117279868987540725e-01
6.385326658605282590e-01
6.665118714577213943e-01
6.957170690639450372e-01
7.262019791610401231e-01
7.580226761533430668e-01
7.912376915117922405e-01
8.259081214376003954e-01
8.620977392435303921e-01
8.998731126594906593e-01
9.393037262782236718e-01
9.804621093663152820e-01
1.023423969275624401e+00
1.068268330700530289e+00
1.115077681037148771e+00
1.163938122111896067e+00
1.214939528558489412e+00
1.268175713134706228e+00
1.323744599282988599e+00
1.381748401252303360e+00
1.442293812112576123e+00
1.505492200007537029e+00
1.571459813006966799e+00
1.640317992935153013e+00
1.712193398568875535e+00
1.787218238615475796e+00
1.865530514899549130e+00
1.947274276205588572e+00
2.032599883243494165e+00
2.121664285224335256e+00
2.214631308555103484e+00
2.311671958183478814e+00
2.412964732146916536e+00
2.518695949904632858e+00
2.629060095056436008e+00
2.744260173078798548e+00
2.864508084736197446e+00
2.990025015854584467e+00
3.121041844173935154e+00
3.257799564028254213e+00
3.400549729634192886e+00
3.549554917803684262e+00
3.705089210931686861e+00
3.867438701147498659e+00
4.036902016556930484e+00
4.213790870543360434e+00
4.398430635138051770e+00
4.591160939514367101e+00
4.792336294706818656e+00
5.002326745704011479e+00
5.221518552114995160e+00
5.450314898661021701e+00
5.689136636799617008e+00
5.938423058845107683e+00
6.198632706009550297e+00
6.470244211850363136e+00
6.753757182676121573e+00
7.049693116529958559e+00
7.358596362440938954e+00
7.681035121707897595e+00
8.017602493057490065e+00
8.368917563598959219e+00
8.735626547582311829e+00
9.118403975054581778e+00
9.517953932600592637e+00
9.935011358450458019e+00
1.037034339433607144e+01
1.082475079658321704e+01
1.129906940903480539e+01
1.179417170051473818e+01
1.231096836966021080e+01
1.285041002007454125e+01
1.341348890888181700e+01
1.400124077189965988e+01
1.461474672878730807e+01
1.525513527167347405e+01
1.592358434092182939e+01
1.662132349185230495e+01
1.734963615640371160e+01
1.810986200389784884e+01
1.890339940524754070e+01
1.973170800514117218e+01
2.059631140693520024e+01
2.149879997519322572e+01
2.244083376102660310e+01
2.342414555561744294e+01
2.445054407754106052e+01
2.552191729975015377e+01
2.664023592234078919e+01
2.780755699748795351e+01
2.902602771321845765e+01
3.029788934298096237e+01
3.162548136827826184e+01
