1.316685967824831271e+00
1.377228333656816517e+00
1.440554490119295927e+00
1.506792438326331141e+00
1.576076064994522685e+00
1.648545413068131404e+00
1.724346964787781822e+00
1.803633937774907769e+00
1.886566594730419322e+00
1.973312567373584070e+00
2.064047195275899416e+00
2.158953880274840031e+00
2.258224457183860778e+00
2.362059581547964360e+00
2.470669135228609203e+00
2.584272650637763125e+00
2.703099754478608840e+00
2.827390631889831418e+00
2.957396511931666527e+00
3.093380175395014309e+00
3.235616485960064015e+00
3.384392945778049722e+00
3.540010276599140582e+00
3.702783027621094902e+00
3.873040211287326340e+00
4.051125968319515991e+00
4.237400263329003991e+00
4.432239612412995911e+00
4.636037844206275516e+00
4.849206895926742256e+00
5.072177646023806830e+00
5.305400785112690087e+00
5.549347726955033977e+00
5.804511561327196922e+00
6.071408050702263637e+00
6.350576672760349872e+00
6.642581710834454256e+00
6.948013394495943906e+00
7.267489092585154964e+00
7.601654561098591500e+00
7.951185248455044707e+00
8.316787660778992120e+00
8.699200789960913838e+00
9.099197607381071862e+00
9.517586626315978293e+00
9.955213536185720358e+00
1.041296291194535506e+01
1.089176000207562645e+01
1.139257259878704964e+01
1.191641299421759825e+01
1.246434002657807660e+01
1.303746122038101696e+01
1.363693502507917543e+01
1.426397315663856880e+01
1.491984304677908391e+01
1.560587040483328636e+01
1.632344189740171458e+01
1.707400795122110537e+01
1.785908568491088388e+01
1.868026197552392986e+01
1.953919666610001471e+01
2.043762592070532236e+01
2.137736573373963367e+01
2.236031560060446211e+01
2.338846235715176292e+01
2.446388419567376005e+01
2.558875486555155021e+01
2.676534806705312164e+01
2.799604204716207079e+01
2.928332440672650350e+01
3.062979712864480675e+01
3.203818183725180546e+01
3.351132529953606110e+01
3.505220517930790436e+01
3.666393605594908678e+01
3.834977571990994250e+01
4.011313175767873673e+01
4.195756843953384418e+01
4.388681392400061299e+01
4.590476779357553028e+01
4.801550893694945188e+01
5.022330379366238162e+01
5.253261497785459966e+01
5.494811029854538020e+01
5.747467219467199584e+01
6.011740760395994698e+01
6.288165828557252723e+01
6.577301161740474811e+01
6.879731188984608536e+01
7.196067211884061976e+01
7.526948640212155794e+01
7.873044284359639278e+01
8.235053707200647466e+01
8.613708638118629324e+01
9.009774452050420734e+01
9.424051716538043877e+01
9.857377809915307409e+01
1.031062861390001331e+02
1.078472028401304641e+02
1.128061110140285592e+02
