6.666666666666666574e-02
1.987179487179487059e-01
2.993589743589743501e-01
4.064102564102564097e-01
5.006410256410256387e-01
5.512820512820513219e-01
5.884615384615384803e-01
6.544871794871794934e-01
7.185897435897435903e-01
7.782051282051282159e-01
7.865384615384615197e-01
7.807692307692307709e-01
8.557692307692307265e-01
8.391025641025641191e-01
9.096153846153846034e-01
8.852564102564102200e-01
9.128205128205127972e-01
9.467948717948717618e-01
9.134615384615384359e-01
9.397435897435897356e-01
9.211538461538461009e-01
1.000000000000000000e+00
9.314102564102564319e-01
9.102564102564102422e-01
8.967948717948718285e-01
8.897435897435896912e-01
8.179487179487179294e-01
7.608974358974358587e-01
6.750000000000000444e-01
6.185897435897436125e-01
5.358974358974358809e-01
4.326923076923077094e-01
3.487179487179487003e-01
2.820512820512820484e-01
2.083333333333333426e-01
1.371794871794871917e-01
9.743589743589743668e-02
7.115384615384615086e-02
5.833333333333333426e-02
3.012820512820512872e-02
2.179487179487179377e-02
1.025641025641025640e-02
5.128205128205128201e-03
0.000000000000000000e+00
6.410256410256410251e-04
0.000000000000000000e+00
0.000000000000000000e+00
0.000000000000000000e+00
0.000000000000000000e+00
0.000000000000000000e+00
