1.823862961723721421e+00
1.904483919389177160e+00
1.988668598096893891e+00
2.076574526460210013e+00
2.168366196393947121e+00
2.264215370916063730e+00
2.364301405555189195e+00
2.468811583965466294e+00
2.577941468376714340e+00
2.691895265535683812e+00
2.810886208823158317e+00
2.935136957261939905e+00
3.064880012162341405e+00
3.200358152184831884e+00
3.341824887633936036e+00
3.489544934833465728e+00
3.643794711470758063e+00
3.804862853836815439e+00
3.973050756930222249e+00
4.148673138435493790e+00
4.332058627631193204e+00
4.523550380329788290e+00
4.723506720999952613e+00
4.932301813272855107e+00
5.150326360087110977e+00
5.377988334782533464e+00
5.615713744510710370e+00
5.863947427390935552e+00
6.123153884903151045e+00
6.393818151075483236e+00
6.676446700092842690e+00
6.971568394024907356e+00
7.279735472446915878e+00
7.601524585805073286e+00
7.937537874460224074e+00
8.288404095428939300e+00
8.654779798930388068e+00
9.037350556940607404e+00
9.436832246053038276e+00
9.853972387045876857e+00
1.028955154366287239e+01
1.074438478322499613e+01
1.121932320180611953e+01
1.171525551682666766e+01
1.223310973004531910e+01
1.277385486406063109e+01
1.333850277557192854e+01
1.392811004879251691e+01
1.454377997255820709e+01
1.518666460483077785e+01
1.585796692845952194e+01
1.655894310223479593e+01
1.729090481144581304e+01
1.805522172234109490e+01
1.885332404508445237e+01
1.968670521000231943e+01
2.055692466213039538e+01
2.146561077928870276e+01
2.241446391914556102e+01
2.340525960097215119e+01
2.443985182804146561e+01
2.552017655688861453e+01
2.664825531992428864e+01
2.782619900818002279e+01
2.905621182126375857e+01
3.034059539191684252e+01
3.168175309289053132e+01
3.308219453420110767e+01
3.454454025917900140e+01
3.607152664809925113e+01
3.766601103856920219e+01
3.933097707225472561e+01
4.106954027794999007e+01
4.288495390143794594e+01
4.478061499305047732e+01
4.676007076431947951e+01
4.882702522561357483e+01
5.098534611718099541e+01
5.323907214656812670e+01
5.559242054595669202e+01
5.804979496356093449e+01
6.061579370385147314e+01
6.329521833202508674e+01
6.609308265882145861e+01
6.901462212249936101e+01
7.206530358552819848e+01
7.525083556432670662e+01
7.857717891119092712e+01
8.205055796839975812e+01
8.567747221537015889e+01
8.946470843065601741e+01
9.341935339154910878e+01
9.754880713504543621e+01
1.018607968049916650e+02
1.063633911113224428e+02
1.110650154284454487e+02
1.159744675610263727e+02
1.211009342066753760e+02
1.264540081463403993e+02
1.320437061945743551e+02
