4.881650760580756310e-01
5.092726608861239956e-01
5.312929085799202866e-01
5.542652814234398928e-01
5.782309479954080844e-01
6.032328569471330226e-01
6.293158139703896037e-01
6.565265620932889679e-01
6.849138654480304567e-01
7.145285966606559347e-01
7.454238280194163124e-01
7.776549265851329107e-01
8.112796534139988802e-01
8.463582670706392141e-01
8.829536316169308563e-01
9.211313292701126532e-01
9.609597779320746547e-01
1.002510353800452947e+00
1.045857519281259362e+00
1.091078956432275593e+00
1.138255706176357851e+00
1.187472313534130519e+00
1.238816979136343033e+00
1.292381717287411025e+00
1.348262520863407810e+00
1.406559533340017154e+00
1.467377228258738731e+00
1.530824596452962094e+00
1.597015341369441233e+00
1.666068082835198583e+00
1.738106569635028853e+00
1.813259901280561914e+00
1.891662759368314184e+00
1.973455648941341511e+00
2.058785150287040011e+00
2.147804181622333886e+00
2.240672273137010340e+00
2.337555852886309626e+00
2.438628545045116613e+00
2.544071481058253870e+00
2.654073624244480456e+00
2.768832108435925310e+00
2.888552591259818225e+00
3.013449622695639096e+00
3.143747029568168649e+00
3.279678316665488591e+00
3.421487085200769496e+00
3.569427469367774997e+00
3.723764591772416921e+00
3.884775038556546267e+00
4.052747355065443813e+00
4.227982562947286027e+00
4.410794699611281899e+00
4.601511381011233581e+00
4.800474388763081635e+00
5.008040282648607899e+00
5.224581039602948174e+00
5.450484720331048472e+00
5.686156164747695030e+00
5.932017717487414465e+00
6.188509984784420936e+00
6.456092624079005304e+00
6.735245167765421925e+00
7.026467882557493994e+00
7.330282666012005954e+00
7.647233981816525805e+00
7.977889835517791184e+00
8.322842792439239190e+00
8.682711039611886505e+00
9.058139493621645499e+00
9.449800956358417992e+00
9.858397320738193415e+00
1.028466082855891628e+01
1.072935538274428779e+01
1.119327791632718849e+01
1.167725982062607137e+01
1.218216843517370940e+01
1.270890860206842277e+01
1.325842428753331070e+01
1.383170027358945475e+01
1.442976392287475562e+01
1.505368701977109147e+01
1.570458769113928987e+01
1.638363241010400628e+01
1.709203808647953693e+01
1.783107424758271264e+01
1.860206531334118196e+01
1.940639296977421324e+01
2.024549864509953778e+01
2.112088609290364261e+01
2.203412408700478764e+01
2.298684923283817483e+01
2.398076890040154652e+01
2.501766428401729314e+01
2.609939359439448125e+01
2.722789538871122872e+01
2.840519204468520797e+01
2.963339338485823760e+01
3.091470045758993734e+01
3.225140948153627107e+01
