4.606927370223055096e-01
4.806383379362690333e-01
5.014474796961128078e-01
5.231575491319313542e-01
5.458075517292320100e-01
5.694381817083014052e-01
5.940918951376428225e-01
6.198129862128468615e-01
6.466476668379396164e-01
6.746441496521906611e-01
7.038527346515487393e-01
7.343258995603368922e-01
7.661183941155714772e-01
7.992873384333023523e-01
8.338923256337037460e-01
8.699955289092994315e-01
9.076618132286838891e-01
9.469588518764352481e-01
9.879572480386000777e-01
1.030730661652198288e+00
1.075355941746650723e+00
1.121913264514905473e+00
1.170486277362323024e+00
1.221162249192131677e+00
1.274032227197461342e+00
1.329191200441657283e+00
1.386738270520771366e+00
1.446776829614851989e+00
1.509414746247929040e+00
1.574764559090442217e+00
1.642943679152304659e+00
1.714074600729877496e+00
1.788285121485849727e+00
1.865708572057437120e+00
1.946484055605415930e+00
2.030756697734390936e+00
2.118677907233310620e+00
2.210405648104686982e+00
2.306104723371273035e+00
2.405947071170089657e+00
2.510112073665787147e+00
2.618786879338348417e+00
2.732166739224174190e+00
2.850455357714663407e+00
2.973865258542540690e+00
3.102618166613497763e+00
3.236945406369157396e+00
3.377088317397080264e+00
3.523298688034525394e+00
3.675839207745010828e+00
3.834983939080405246e+00
4.001018810076545584e+00
4.174242127967022320e+00
4.354965115138086595e+00
4.543512468287635997e+00
4.740222941792876732e+00
4.945449956334756259e+00
5.159562233872692971e+00
5.382944460110397067e+00
5.615997975643016282e+00
5.859141497027377632e+00
6.112811869070802651e+00
6.377464849690122506e+00
6.653575928751025437e+00
6.941641182358871731e+00
7.242178164135861351e+00
7.555726835085890158e+00
7.882850533717701502e+00
8.224136988169327367e+00
8.580199372152275572e+00
8.951677406612596144e+00
9.339238509088136908e+00
9.743578992827025331e+00
1.016542531782172176e+01
1.060553539600633854e+01
1.106469995296226116e+01
1.154374394857848074e+01
1.204352805921919689e+01
1.256495022406152096e+01
1.310894725838162778e+01
1.367649653668774157e+01
1.426861774872406841e+01
1.488637473150057211e+01
1.553087738064010814e+01
1.620328364447698632e+01
1.690480160448954194e+01
1.763669164580477045e+01
1.840026872167437944e+01
1.919690471599099268e+01
2.002803090808895803e+01
2.089514054425830736e+01
2.179979152059174297e+01
2.274360918198517822e+01
2.372828924232021208e+01
2.475560083107552245e+01
2.582738967184056733e+01
2.694558139844253830e+01
2.811218501464417585e+01
2.932929650362876117e+01
3.059910259375682529e+01
