1.545715653252230259e+00
1.614641132727078210e+00
1.686640089339097148e+00
1.761849573447380246e+00
1.840412746665501809e+00
1.922479154370336341e+00
2.008205010362397847e+00
2.097753494219559922e+00
2.191295061910165209e+00
2.289007770256775487e+00
2.391077615868189454e+00
2.497698889184879256e+00
2.609074544311774435e+00
2.725416585342372855e+00
2.846946469909552579e+00
2.973895530731234249e+00
3.106505415953318749e+00
3.245028549128095019e+00
3.389728609703678508e+00
3.540881034939105554e+00
3.698773544200475882e+00
3.863706686636149357e+00
4.035994413273487069e+00
4.215964674626135889e+00
4.403960044949406516e+00
4.600338374332009650e+00
4.805473469865414238e+00
5.019755807187443075e+00
5.243593273754516559e+00
5.477411945257381731e+00
5.721656896658233293e+00
5.976793049393037016e+00
6.243306056351719313e+00
6.521703226320757274e+00
6.812514489647901073e+00
7.116293406967121093e+00
7.433618222903930928e+00
7.765092966766806271e+00
8.111348602319873535e+00
8.473044228825443724e+00
8.850868335642644524e+00
9.245540112770189722e+00
9.657810819828004156e+00
1.008846521608350777e+01
1.053832305424464977e+01
1.100824064086310727e+01
1.149911246631791428e+01
1.201187290748220704e+01
1.254749800631404177e+01
1.310700732775698896e+01
1.369146590048684864e+01
1.430198624419886144e+01
1.493973048729428577e+01
1.560591257899736739e+01
1.630180060011352339e+01
1.702871917682722014e+01
1.778805200213426829e+01
1.858124446970810340e+01
1.940980642521352095e+01
2.027531504030517695e+01
2.117941781478137742e+01
2.212383571260784265e+01
2.311036643778090038e+01
2.414088785626559641e+01
2.521736157052261973e+01
2.634183665342796132e+01
2.751645354869296511e+01
2.874344814520918945e+01
3.002515603307366732e+01
3.136401694939579343e+01
3.276257942234864373e+01
3.422350562230457882e+01
3.574957642928925594e+01
3.734369672640020354e+01
3.900890092926560726e+01
4.074835876206905283e+01
4.256538129113471314e+01
4.446342722755795762e+01
4.644610951087851447e+01
4.851720218632816994e+01
5.068064758874406550e+01
5.294056384682182426e+01
5.530125272199333608e+01
5.776720779685027907e+01
6.034312302870005595e+01
6.303390168453618969e+01
6.584466567443035956e+01
6.878076530111287923e+01
7.184778944429957903e+01
7.505157619915118516e+01
7.839822398911536538e+01
8.189410317430498765e+01
8.554586817750934813e+01
8.936047015091955359e+01
9.334517020768021212e+01
9.750755324345308850e+01
1.018555423743023312e+02
1.063974140183840120e+02
1.111418136501475828e+02
1.160977722570380166e+02
