3.357606679660620208e-01
3.517130232757192387e-01
3.684232923739897969e-01
3.859274845710867763e-01
4.042633200188006648e-01
4.234703109944483179e-01
4.435898470467093402e-01
4.646652841868357808e-01
4.867420383174312359e-01
5.098676831001348608e-01
5.340920524731048724e-01
5.594673480392199361e-01
5.860482515564102712e-01
6.138920427725278461e-01
6.430587228586791548e-01
6.736111437070106955e-01
7.056151433715721621e-01
7.391396879441239909e-01
7.742570201706181487e-01
8.110428151286105392e-01
8.495763433010763421e-01
8.899406413980409658e-01
9.322226912941314891e-01
9.765136074676482592e-01
1.022908833345068880e+00
1.071508346974094694e+00
1.122416876468448566e+00
1.175744125688688024e+00
1.231605010645361986e+00
1.290119907133936872e+00
1.351414910135130265e+00
1.415622105539635189e+00
1.482879854782783280e+00
1.553333093002511101e+00
1.627133641363134986e+00
1.704440534217972480e+00
1.785420361815811763e+00
1.870247629289741420e+00
1.959105132701932650e+00
2.052184352954714797e+00
2.149685868416798762e+00
2.251819787153820140e+00
2.358806199694627903e+00
2.470875653308993058e+00
2.588269648818766644e+00
2.711241161013077328e+00
2.840055183789025772e+00
2.974989301192603630e+00
3.116334285590389719e+00
3.264394724261036718e+00
3.419489675756802960e+00
3.581953357449534359e+00
3.752135865742702858e+00
3.930403930501513710e+00
4.117141705326797130e+00
4.312751595375680758e+00
4.517655124512923059e+00
4.732293843661552479e+00
4.957130282310235891e+00
5.192648945227795743e+00
5.439357356532728005e+00
5.697787153367593227e+00
5.968495231535067447e+00
6.252064945564424825e+00
6.549107365794472280e+00
6.860262595181871426e+00
7.186201148672460626e+00
7.527625398108005683e+00
7.885271085782047606e+00
8.259908909906448216e+00
8.652346185405166423e+00
9.063428583614154377e+00
9.494041954636308844e+00
9.945114236278479680e+00
1.041761745368415859e+01
1.091256981397089731e+01
1.143103790038624723e+01
1.197413897071039557e+01
1.254304336485846960e+01
1.313897702687061830e+01
1.376322414672460148e+01
1.441712992766376900e+01
1.510210348500381983e+01
1.581962088266501354e+01
1.657122831397335005e+01
1.735854543358508906e+01
1.818326884771460428e+01
1.904717577018678654e+01
1.995212785219248985e+01
2.090007519399982172e+01
2.189306054726620587e+01
2.293322371700687867e+01
2.402280617270573870e+01
2.516415587850499946e+01
2.635973235288253846e+01
2.761211196871994744e+01
2.892399350518264356e+01
3.029820396337582622e+01
3.173770465830859067e+01
3.324559760029391242e+01
