7.347204161248374610e-02
2.132639791937581408e-01
2.860858257477243427e-01
4.076723016905071661e-01
5.091027308192457301e-01
5.721716514954486854e-01
5.838751625487645924e-01
6.644993498049415193e-01
7.074122236671001041e-01
7.002600780234070621e-01
7.763328998699610128e-01
7.795838751625487895e-01
7.802340702210662782e-01
8.875162548764629067e-01
8.595578673602081166e-01
8.920676202860857718e-01
9.070221066319895664e-01
9.739921976592977870e-01
9.674902470741222338e-01
9.642392717815344572e-01
9.460338101430428859e-01
9.707412223667100104e-01
1.000000000000000000e+00
8.920676202860857718e-01
9.057217165149544780e-01
8.751625487646293999e-01
8.582574772431729171e-01
7.847854356306892543e-01
7.236671001300389872e-01
6.410923276983094832e-01
5.487646293888166493e-01
4.668400520156046896e-01
3.628088426527958377e-01
2.815344603381014221e-01
1.801040312093628026e-01
1.378413524057217066e-01
1.059817945383615123e-01
7.087126137841352758e-02
5.851755526657997225e-02
3.771131339401820326e-02
1.495448634590377038e-02
5.201560468140442248e-03
5.201560468140442248e-03
2.600780234070221124e-03
1.300390117035110562e-03
0.000000000000000000e+00
0.000000000000000000e+00
0.000000000000000000e+00
0.000000000000000000e+00
0.000000000000000000e+00
