7.542262678803640652e-02
1.859557867360208117e-01
3.289986996098829830e-01
3.959687906371911481e-01
5.019505851755526882e-01
5.572171651495448907e-01
6.092327698309493167e-01
6.371911573472041068e-01
7.308192457737321401e-01
7.652795838751625945e-01
7.821846553966189663e-01
8.016905071521456261e-01
8.543563068920676518e-01
8.589076723016905168e-01
8.933680104031209712e-01
8.881664499349805064e-01
9.408322496749024211e-01
9.596879063719115921e-01
9.122236671001300312e-01
9.694408322496749220e-01
9.739921976592977870e-01
9.798439531859557405e-01
1.000000000000000000e+00
9.577373211963589039e-01
8.842652795838751301e-01
8.933680104031209712e-01
8.595578673602081166e-01
7.542262678803640652e-01
6.684005201560467846e-01
6.105331599479844051e-01
5.669700910273082206e-01
4.388816644993497884e-01
3.543563068920675962e-01
2.828348504551365661e-01
1.989596879063719181e-01
1.547464239271781616e-01
1.014304291287386195e-01
7.022106631989596948e-02
5.006501950585175859e-02
3.055916775032509886e-02
2.080624187256176899e-02
9.752925877763329865e-03
4.551365409622886750e-03
1.300390117035110562e-03
6.501950585175552810e-04
0.000000000000000000e+00
0.000000000000000000e+00
0.000000000000000000e+00
0.000000000000000000e+00
0.000000000000000000e+00
