0.000000000000000000e+00
1.562500000000000087e-03
1.562500000000000087e-03
0.000000000000000000e+00
7.812500000000000434e-04
2.343749999999999913e-03
4.687499999999999827e-03
4.687499999999999827e-03
3.125000000000000173e-03
1.562500000000000087e-03
3.125000000000000173e-03
5.468749999999999653e-03
5.468749999999999653e-03
1.562500000000000000e-02
1.484374999999999931e-02
2.109375000000000139e-02
2.421875000000000069e-02
2.265624999999999931e-02
2.890625000000000139e-02
4.140624999999999861e-02
3.749999999999999861e-02
4.687500000000000000e-02
7.656250000000000555e-02
8.359374999999999445e-02
9.531249999999999445e-02
9.296875000000000278e-02
1.226562499999999944e-01
1.273437500000000056e-01
1.578124999999999944e-01
1.710937499999999889e-01
1.937500000000000056e-01
2.515625000000000222e-01
2.687499999999999889e-01
3.046875000000000000e-01
2.937500000000000111e-01
3.710937500000000000e-01
3.843750000000000222e-01
4.156250000000000222e-01
5.187500000000000444e-01
5.554687499999999556e-01
5.421875000000000444e-01
6.304687500000000222e-01
6.710937500000000444e-01
7.234374999999999556e-01
7.539062500000000000e-01
8.210937499999999556e-01
8.656249999999999778e-01
8.773437499999999778e-01
9.179687500000000000e-01
9.085937499999999778e-01
9.796875000000000444e-01
1.000000000000000000e+00
9.453125000000000000e-01
9.992187500000000444e-01
9.906249999999999778e-01
9.367187500000000444e-01
8.781250000000000444e-01
8.968749999999999778e-01
8.687500000000000222e-01
8.101562500000000222e-01
7.249999999999999778e-01
7.187500000000000000e-01
7.132812499999999778e-01
6.210937500000000000e-01
5.906249999999999556e-01
5.546875000000000000e-01
4.687500000000000000e-01
4.484374999999999889e-01
3.921875000000000222e-01
3.640625000000000111e-01
3.234374999999999889e-01
2.882812499999999889e-01
2.210937500000000056e-01
2.000000000000000111e-01
1.695312499999999944e-01
1.554687499999999889e-01
1.351562500000000056e-01
1.140624999999999972e-01
8.125000000000000278e-02
7.499999999999999722e-02
6.250000000000000000e-02
5.703124999999999861e-02
3.046874999999999931e-02
2.578124999999999861e-02
3.125000000000000000e-02
1.718750000000000139e-02
1.328124999999999965e-02
7.812500000000000000e-03
4.687499999999999827e-03
8.593750000000000694e-03
1.562500000000000087e-03
4.687499999999999827e-03
0.000000000000000000e+00
2.343749999999999913e-03
0.000000000000000000e+00
0.000000000000000000e+00
0.000000000000000000e+00
0.000000000000000000e+00
7.812500000000000434e-04
0.000000000000000000e+00
