4.733368576851519904e-01
4.940858050547645708e-01
5.157442924484785252e-01
5.383521899879294415e-01
5.619511155205897390e-01
5.865845112321647070e-01
6.122977236173323679e-01
6.391380869560359113e-01
6.671550104490016064e-01
6.964000691728828851e-01
7.269270990224666606e-01
7.587922958147161889e-01
7.920543187370882032e-01
8.267743983305557709e-01
8.630164492061176418e-01
9.008471877022916630e-01
9.403362547001791194e-01
9.815563438221860393e-01
1.024583335250398353e+00
1.069496435410947299e+00
1.116378322781507393e+00
1.165315300090334905e+00
1.216397453187024080e+00
1.269718816877439593e+00
1.325377548028101149e+00
1.383476106258682892e+00
1.444121442555253765e+00
1.507425196151469970e+00
1.573503900040148729e+00
1.642479195493540489e+00
1.714478055987197491e+00
1.789633020939655372e+00
1.868082439698203423e+00
1.949970726219888206e+00
2.035448624916579963e+00
2.124673488153486556e+00
2.217809565911943448e+00
2.315028308149717162e+00
2.416508680415408783e+00
2.522437493297973177e+00
2.633009746317810595e+00
2.748428986892490045e+00
2.868907685037908273e+00
2.994667624494649516e+00
3.125940310999560712e+00
3.262967398454100554e+00
3.406001133773989498e+00
3.555304821239049229e+00
3.711153307198044704e+00
3.873833486020789252e+00
4.043644828228906363e+00
4.220899931777458036e+00
4.405925097502261245e+00
4.599060929792208263e+00
4.800662963592361443e+00
5.011102318892013407e+00
5.230766383902548888e+00
5.460059528182739541e+00
5.699403847024213654e+00
5.949239938467431266e+00
6.210027714378528074e+00
6.482247247080087149e+00
6.766399653094381961e+00
7.063008015625928060e+00
7.372618347481502354e+00
7.695800596200209398e+00
8.033149693243917255e+00
8.385286649179448659e+00
8.752859696868604544e+00
9.136545484770490333e+00
9.537050322552790504e+00
9.955111481305024768e+00
1.039149855074726858e+01
1.084701485593278036e+01
1.132249893605244218e+01
1.181882608806331980e+01
1.233690997798289146e+01
1.287770432281518040e+01
1.344220464620487121e+01
1.403145011105136675e+01
1.464652543245641425e+01
1.528856287452663310e+01
1.595874433470688381e+01
1.665830351948135757e+01
1.738852821544760019e+01
1.815076265994406768e+01
1.894641001559541493e+01
1.977693495333052809e+01
2.064386634862841774e+01
2.154880009595541068e+01
2.249340204657445241e+01
2.347941107513472758e+01
2.450864228068671125e+01
2.558299032801516759e+01
2.670443293544122909e+01
2.787503451551378930e+01
2.909694997529244631e+01
3.037242868321756717e+01
3.170381860987014022e+01
3.309357065024368438e+01
