4.830371428077261386e-01
5.041215202317584909e-01
5.261262222684593981e-01
5.490914207178138051e-01
5.730590408627533883e-01
5.980728380079841644e-01
6.241784773597015556e-01
6.514236173920247008e-01
6.798579968523410511e-01
7.095335255643996364e-01
7.405043791949226240e-01
7.728270981567424425e-01
8.065606908290197108e-01
8.417667412829835660e-01
8.785095217098563003e-01
9.168561097562124562e-01
9.568765109809789227e-01
9.986437866576342026e-01
1.042234187154922109e+00
1.087727291139580110e+00
1.135206150855211149e+00
1.184757443742519678e+00
1.236471630677710376e+00
1.290443121117928804e+00
1.346770445455235388e+00
1.405556434893760587e+00
1.466908409178425243e+00
1.530938372517944623e+00
1.597763218059793155e+00
1.667504941290420151e+00
1.740290862750296652e+00
1.816253860470386616e+00
1.895532612554378327e+00
1.978271850349528904e+00
2.064622622668318197e+00
2.154742571543268870e+00
2.248796220018355996e+00
2.346955272502396106e+00
2.449398928232739525e+00
2.556314208421527123e+00
2.667896297681752404e+00
2.784348900356432122e+00
2.905884612401401501e+00
3.032725309500646116e+00
3.165102552122709856e+00
3.303258008257658140e+00
3.447443894606330606e+00
3.597923437027333637e+00
3.754971351082367015e+00
3.918874343557136264e+00
4.089931635873487181e+00
4.268455510348234228e+00
4.454771880295992581e+00
4.649220885016764448e+00
4.852157510754479652e+00
5.063952238760155211e+00
5.284991721642724016e+00
5.515679489242319988e+00
5.756436685314652912e+00
6.007702836371348276e+00
6.269936654079862670e+00
6.543616872687846531e+00
6.829243123000724225e+00
7.127336844508058711e+00
7.438442237323861228e+00
7.763127255678709204e+00
8.101984644777409983e+00
8.455633022915069574e+00
8.824718010827103498e+00
9.209913410334918282e+00
9.611922434439001961e+00
1.003147899110509123e+01
1.046934902308708892e+01
1.092633190623270245e+01
1.140326190882456814e+01
1.190100971462105406e+01
1.242048401237712874e+01
1.296263315474724642e+01
1.352844688959860342e+01
1.411895816689557925e+01
1.473524502445395967e+01
1.537843255600750680e+01
1.604969496517995609e+01
1.675025770911194556e+01
1.748139973565647765e+01
1.824445581822708462e+01
1.904081899256107135e+01
1.987194309984664287e+01
2.073934544085635423e+01
2.164460954593255693e+01
2.258938806588150783e+01
2.357540578905391726e+01
2.460446279011975079e+01
2.567843771628592719e+01
2.679929121695594318e+01
2.796906952309288741e+01
2.918990818282020072e+01
3.046403596007978010e+01
3.179377890346518143e+01
3.318156459265748737e+01
