8.229915088177661153e-02
1.822338340953625069e-01
3.278902677988242975e-01
4.363161332462442976e-01
4.663618549967341598e-01
5.460483344219464463e-01
6.244284781188765843e-01
6.747224036577400552e-01
6.786414108425865566e-01
7.635532331809274931e-01
7.955584585238406614e-01
8.020901371652514600e-01
8.327890267798824242e-01
8.856956237753103034e-01
8.563030698889614323e-01
8.843892880470280993e-01
9.333768778576093661e-01
9.634225996080992838e-01
9.888961463096015425e-01
1.000000000000000000e+00
9.170476812540823142e-01
9.875898105813194494e-01
9.438275636838667770e-01
9.353363814500326168e-01
8.674069235793598898e-01
8.811234487263226445e-01
8.491182233834095872e-01
7.674722403657739944e-01
6.936642717178315154e-01
6.368386675375571349e-01
5.610711952971914052e-01
4.702808621815806611e-01
3.559764859568909090e-01
2.939255388634879340e-01
1.939908556499020387e-01
1.528412802090137190e-01
1.045068582625734849e-01
7.446113651208360884e-02
5.355976485956891187e-02
3.004572175048987603e-02
2.024820378837361226e-02
9.144350097975179059e-03
4.572175048987589530e-03
3.265839320705421402e-03
0.000000000000000000e+00
0.000000000000000000e+00
0.000000000000000000e+00
0.000000000000000000e+00
0.000000000000000000e+00
0.000000000000000000e+00
