7.707509881422924813e-02
2.101449275362318736e-01
3.023715415019762598e-01
3.952569169960474249e-01
5.144927536231883591e-01
5.678524374176547873e-01
6.179183135704874319e-01
6.712779973649538601e-01
7.002635046113306894e-01
7.516469038208168918e-01
7.760210803689064907e-01
8.036890645586297621e-01
8.168642951251646744e-01
8.524374176548089599e-01
8.702239789196311026e-01
8.998682476943345998e-01
9.677206851119894981e-01
9.696969696969697239e-01
9.795783926218708526e-01
9.756258234519104011e-01
1.000000000000000000e+00
9.993412384716732211e-01
9.986824769433465532e-01
9.262187088274044244e-01
9.156785243741765168e-01
8.807641633728590103e-01
8.662714097496706511e-01
7.786561264822133843e-01
7.430830039525692099e-01
6.488801054018444869e-01
5.335968379446640597e-01
4.729907773386034520e-01
3.761528326745717798e-01
2.951251646903820802e-01
1.943346508563899844e-01
1.488801054018445424e-01
1.067193675889328008e-01
7.444005270092227122e-02
5.270092226613965619e-02
2.766798418972332002e-02
1.515151515151515194e-02
8.563899868247694044e-03
1.976284584980237020e-03
1.317523056653491492e-03
6.587615283267457458e-04
0.000000000000000000e+00
0.000000000000000000e+00
0.000000000000000000e+00
0.000000000000000000e+00
0.000000000000000000e+00
