5.019521990619566498e-01
5.238140968087487970e-01
5.466281620607024161e-01
5.704358652779024652e-01
5.952804831142495257e-01
6.212071770839643348e-01
6.482630756543114048e-01
6.764973599137696914e-01
7.059613529713718583e-01
7.367086132497198125e-01
7.687950318412606343e-01
8.022789341047923406e-01
8.372211856868785329e-01
8.736853031608918796e-01
9.117375694848031120e-01
9.514471544875877651e-01
9.928862406032687993e-01
1.036130154081146060e+00
1.081257501910722896e+00
1.128350314710226732e+00
1.177494195838459046e+00
1.228778477001024827e+00
1.282296380633795918e+00
1.338145189358782350e+00
1.396426422820442159e+00
1.457246022223872339e+00
1.520714542910332145e+00
1.586947355320148523e+00
1.656064854708310108e+00
1.728192679993961312e+00
1.803461942141608487e+00
1.882009462489186991e+00
1.963978021456203926e+00
2.049516618084052944e+00
2.138780740880283471e+00
2.231932650459151013e+00
2.329141674492217984e+00
2.430584515505164411e+00
2.536445572080296529e+00
2.646917274048631974e+00
2.762200432280848883e+00
2.882504603712947588e+00
3.008048472270143936e+00
3.139060246381421670e+00
3.275778073807335211e+00
3.418450474535117412e+00
3.567336792527989964e+00
3.722707667149837363e+00
3.884845525122210930e+00
4.054045093907887143e+00
4.230613937454199558e+00
4.414873015270015522e+00
4.607157265852592332e+00
4.807816215524863601e+00
5.017214613789875877e+00
5.235733096357268579e+00
5.463768877047072259e+00
5.701736469828480480e+00
5.950068442306122307e+00
6.209216202023487341e+00
6.479650817012806208e+00
6.761863872082948923e+00
7.056368362401873817e+00
7.363699625997926823e+00
7.684416316875071651e+00
8.019101420510940770e+00
8.368363313583603968e+00
8.732836869853429107e+00
9.113184614210229739e+00
9.510097926983489103e+00
9.924298300704791131e+00
1.035653865160699105e+01
1.080760468824404619e+01
1.127831633971940839e+01
1.176952924611905793e+01
1.228213631385853510e+01
1.281706933877111787e+01
1.337530069988758541e+01
1.395784512698640079e+01
1.456576154512739230e+01
1.520015499952169158e+01
1.586217866423705303e+01
1.655303593838975118e+01
1.727398263363350850e+01
1.802632925692173060e+01
1.881144339269262034e+01
1.963075218880738859e+01
2.048574495076029933e+01
2.137797584887637115e+01
2.230906674341757778e+01
2.328071013273313739e+01
2.429467222981261187e+01
2.535279617283459075e+01
2.645700537554665033e+01
2.760930702356700195e+01
2.881179572296306901e+01
3.006665730773946521e+01
3.137617281315615259e+01
3.274272262209966300e+01
3.416879079204420577e+01
