0.000000000000000000e+00
7.680491551459293388e-04
0.000000000000000000e+00
0.000000000000000000e+00
7.680491551459293388e-04
7.680491551459293388e-04
7.680491551459293388e-04
7.680491551459293388e-04
3.840245775729646694e-03
2.304147465437788016e-03
1.536098310291858678e-03
7.680491551459293388e-04
4.608294930875576033e-03
9.216589861751152066e-03
5.376344086021505805e-03
3.840245775729646694e-03
1.152073732718894052e-02
1.766513056835637349e-02
1.766513056835637349e-02
1.920122887864823477e-02
2.073732718894009258e-02
3.149001536098310072e-02
3.225806451612903136e-02
4.147465437788018516e-02
6.682027649769585465e-02
5.990783410138248583e-02
8.141321044546850905e-02
9.523809523809523281e-02
1.067588325652841785e-01
1.121351766513056791e-01
1.290322580645161255e-01
1.451612903225806550e-01
1.789554531490015477e-01
2.096774193548387177e-01
2.311827956989247201e-01
2.688172043010752521e-01
2.964669738863286996e-01
3.118279569892473124e-01
3.686635944700460965e-01
4.024577572964669891e-01
4.769585253456221086e-01
4.984639016897081665e-01
5.560675883256528396e-01
5.860215053763441206e-01
6.336405529953916815e-01
6.651305683563748516e-01
6.874039938556067986e-01
7.403993855606758601e-01
8.648233486943164294e-01
8.548387096774193727e-01
8.678955453149002075e-01
8.847926267281106538e-01
9.055299539170507117e-01
1.000000000000000000e+00
9.354838709677418818e-01
9.531490015360982726e-01
9.385560675883256598e-01
9.416282642089093269e-01
9.239631336405530471e-01
8.602150537634408733e-01
8.832565284178187648e-01
8.548387096774193727e-01
7.910906298003071990e-01
7.173579109062979686e-01
7.158218125960061906e-01
6.344086021505376261e-01
5.898617511520737322e-01
5.537634408602150060e-01
5.460829493087557829e-01
4.431643625192012159e-01
4.393241167434716044e-01
3.755760368663594306e-01
3.387096774193548154e-01
2.918586789554531435e-01
2.572964669738863064e-01
2.089093701996927732e-01
1.920122887864823269e-01
1.781874039938556031e-01
1.351766513056835706e-01
1.067588325652841785e-01
9.831029185867895537e-02
8.832565284178187093e-02
6.528417818740399337e-02
5.299539170506912394e-02
5.145929339477726266e-02
3.149001536098310072e-02
2.380952380952380820e-02
2.534562211981566948e-02
1.228878648233486942e-02
8.448540706605223161e-03
9.216589861751152066e-03
3.072196620583717355e-03
3.840245775729646694e-03
5.376344086021505805e-03
3.072196620583717355e-03
3.840245775729646694e-03
0.000000000000000000e+00
0.000000000000000000e+00
7.680491551459293388e-04
0.000000000000000000e+00
