4.994077399656982608e-01
5.207571079482192777e-01
5.430191480356709732e-01
5.662328763887094496e-01
5.904389770844139518e-01
6.156798734186682553e-01
6.419998022566754114e-01
6.694448915619091167e-01
6.980632412393805719e-01
7.279050074349034949e-01
7.590224904381002169e-01
7.914702263432056295e-01
8.253050826283143682e-01
8.605863578205791287e-01
8.973758854220356129e-01
9.357381422781900771e-01
9.757403615792963336e-01
1.017452650692367344e+00
1.060948114030429990e+00
1.106302981174365652e+00
1.153596740471876325e+00
1.202912278347726183e+00
1.254336024569405295e+00
1.307958103722812293e+00
1.363872493163425847e+00
1.422177187719790403e+00
1.482974371437972616e+00
1.546370596667985708e+00
1.612476970806045795e+00
1.681409351019943932e+00
1.753288547298804900e+00
1.828240534183094956e+00
1.906396671545957044e+00
1.987893934812808849e+00
2.072875155022682492e+00
2.161489269152039316e+00
2.253891581139769063e+00
2.350244034070843480e+00
2.450715493995652583e+00
2.555482045882439213e+00
2.664727302221512328e+00
2.778642724822101506e+00
2.897427960365820621e+00
3.021291190304836505e+00
3.150449495717959181e+00
3.285129237764108368e+00
3.425566454399921135e+00
3.572007274056794746e+00
3.724708347002357645e+00
3.883937295142374513e+00
4.049973181051405469e+00
4.223106997054229872e+00
4.403642175215191301e+00
4.591895119129269176e+00
4.788195758446886607e+00
4.992888127104309071e+00
5.206330966273023719e+00
5.428898353084833595e+00
5.660980356234547983e+00
5.902983719609283142e+00
6.155332575142489659e+00
6.418469186142035987e+00
6.692854722395100708e+00
6.978970068408321126e+00
7.277316666199702411e+00
7.588417394119341353e+00
7.912817483239195759e+00
8.251085472917937480e+00
8.603814207215602750e+00
8.971621873904357614e+00
9.355153087896306729e+00
9.755080020987161760e+00
1.017210357989575265e+01
1.060695463466401200e+01
1.106039529957021195e+01
1.153322026880054096e+01
1.202625820921974231e+01
1.254037321268179817e+01
1.307646631042610785e+01
1.363547705221297868e+01
1.421838515296629524e+01
1.482621220980915488e+01
1.546002349250152541e+01
1.612092981041824302e+01
1.681008945933889009e+01
1.752871025146191286e+01
1.827805163220054041e+01
1.905942688747025215e+01
1.987420544533662792e+01
2.072381527605703866e+01
2.160974539472262990e+01
2.253354847088683854e+01
2.349684354975362766e+01
2.450131888969502114e+01
2.554873492107076061e+01
2.664092733153536585e+01
2.777981028324056467e+01
2.896737976757067656e+01
3.020571710329112136e+01
3.149699258424059778e+01
