0.000000000000000000e+00
7.077140835102618778e-04
1.887237556027364935e-03
2.123142250530785525e-03
5.425807973578674649e-03
6.605331446095777381e-03
8.020759613116301354e-03
1.462609105921207873e-02
1.651332861523944345e-02
1.958008964378391004e-02
2.453408822835574307e-02
2.948808681292757611e-02
4.104741684359518999e-02
4.670912951167727895e-02
5.472988912479358203e-02
5.449398443029015993e-02
6.086341118188252214e-02
7.195093182354328487e-02
7.596131163010143295e-02
9.082330738381694246e-02
8.374616654871432087e-02
1.129983486671384818e-01
1.066289219155461127e-01
1.264449162538334448e-01
1.292757725878745101e-01
1.493276716206652643e-01
1.535739561217268345e-01
1.703231894314696793e-01
1.811748053786270407e-01
1.974522292993630690e-01
2.073602264685067142e-01
2.210426987497051132e-01
2.495871667846190078e-01
2.535975465911771698e-01
2.745930644019816125e-01
3.097428638829912706e-01
3.222458126916725729e-01
3.479594243925454022e-01
3.684831328143430285e-01
3.680113234253361565e-01
4.076433121019108485e-01
4.305260674687426126e-01
4.401981599433828496e-01
4.902099551781080589e-01
5.126209011559329509e-01
5.277188016041519658e-01
5.447039396083982465e-01
5.975465911771644656e-01
6.220806794055201427e-01
6.499174333569237572e-01
6.749233309742863618e-01
7.162066525123850225e-01
7.032318943146969037e-01
8.032554847841472112e-01
8.016041519226232426e-01
8.282613824015098158e-01
8.299127152630337845e-01
8.711960368011323341e-01
8.957301250294881223e-01
9.150743099787685964e-01
9.304081151214909085e-01
9.377211606510970077e-01
9.815994338287331589e-01
9.613116301014390519e-01
9.492804906817645660e-01
9.709837225760792334e-01
9.771172446331681805e-01
1.000000000000000000e+00
9.506959188487851264e-01
9.247464024534087779e-01
9.273413540929464904e-01
8.825194621372964843e-01
8.214201462609106441e-01
7.681056853031374976e-01
6.732719981127623932e-01
5.949516395376267530e-01
5.074309978768577478e-01
4.203821656050955591e-01
3.710780844538806300e-01
2.873319179051663230e-01
2.342533616418966680e-01
1.894314696862467451e-01
1.413069120075489404e-01
1.071007313045529569e-01
8.822835574427931316e-02
6.628921915546119592e-02
4.340646378862939719e-02
3.302665723047888691e-02
2.123142250530785438e-02
1.250294880868129191e-02
7.784854918612880113e-03
6.133522057088935768e-03
3.538570417551309064e-03
1.415428167020523756e-03
7.077140835102618778e-04
4.718093890068412338e-04
2.359046945034206169e-04
0.000000000000000000e+00
2.359046945034206169e-04
0.000000000000000000e+00
