0.000000000000000000e+00
4.737091425864519236e-04
9.474182851729038473e-04
2.131691141639033629e-03
3.079109426811937368e-03
5.447655139744197149e-03
9.711037423022263540e-03
1.207958313595452332e-02
1.634296541923259058e-02
1.989578398863097938e-02
2.321174798673614550e-02
3.363334912363808576e-02
3.434391283751776075e-02
4.050213169114164069e-02
4.287067740407389527e-02
5.850307910942681433e-02
5.850307910942681433e-02
7.176693510184746494e-02
8.124111795357649712e-02
8.384651823780199520e-02
9.166271909047844779e-02
1.027948839412600596e-01
1.027948839412600596e-01
1.286120322122216997e-01
1.480341070582662233e-01
1.312174324964471839e-01
1.615348176219801035e-01
1.698247276172430154e-01
1.849834201800094613e-01
1.984841307437233415e-01
2.058266224538133626e-01
2.205116058739933771e-01
2.408810990052107914e-01
2.588820464234959928e-01
2.771198484130743545e-01
3.098057792515395703e-01
3.152534343912837267e-01
3.441496920890573241e-01
3.488867835149218610e-01
3.822832780672666964e-01
4.009947891994315450e-01
4.116532449076267253e-01
4.523922311700616095e-01
4.907626717195641697e-01
5.042633822832780499e-01
5.194220748460445236e-01
5.606347702510658948e-01
5.793462813832307434e-01
6.281383230696352404e-01
6.447181430601610641e-01
6.930364756039791851e-01
7.010895310279487980e-01
7.463287541449550311e-01
7.666982472761724177e-01
7.996210326859308770e-01
8.207010895310279386e-01
8.460445286594031611e-01
8.749407863571766475e-01
9.163903363334912067e-01
9.315490288962576804e-01
9.372335386072950802e-01
9.708668877309332146e-01
9.808147797252486644e-01
9.936049265750829251e-01
9.450497394599716161e-01
9.959734722880151381e-01
1.000000000000000000e+00
9.954997631454287621e-01
9.727617243012790516e-01
9.336807200378967053e-01
9.403126480341070792e-01
8.870203694931312333e-01
8.259118900994789625e-01
7.595926101373756678e-01
6.899573661771671862e-01
6.016106110847939670e-01
5.090004737091425868e-01
4.180483183325438001e-01
3.638086215063950912e-01
2.929891046897205031e-01
2.280909521553765862e-01
1.828517290383704363e-01
1.459024159166271983e-01
1.037423022264329642e-01
8.479393652297489981e-02
6.252960682141164850e-02
4.216011369019422028e-02
3.055423969682614926e-02
2.084320227380388399e-02
1.207958313595452332e-02
8.289909995262908365e-03
6.631927996210327039e-03
3.315963998105163520e-03
4.737091425864519236e-04
2.368545712932259618e-04
7.105637138796779126e-04
2.368545712932259618e-04
0.000000000000000000e+00
2.368545712932259618e-04
0.000000000000000000e+00
