6.287625418060201199e-02
1.946488294314381307e-01
3.351170568561873120e-01
4.354515050167224177e-01
5.270903010033445302e-01
5.799331103678929678e-01
6.274247491638795804e-01
6.628762541806020314e-01
7.618729096989966809e-01
7.859531772575251152e-01
8.187290969899665427e-01
8.521739130434782261e-01
8.822742474916387412e-01
8.836120401337792529e-01
8.896321070234113337e-01
9.558528428093645557e-01
9.585284280936454682e-01
9.518394648829431315e-01
9.745819397993310540e-01
9.846153846153846700e-01
1.000000000000000000e+00
9.839464882943144142e-01
9.545150501672240440e-01
9.745819397993310540e-01
9.397993311036789699e-01
8.989966555183946939e-01
8.347826086956521285e-01
8.173913043478261420e-01
7.244147157190635733e-01
6.207357859531772437e-01
5.591973244147157018e-01
4.387959866220735861e-01
3.698996655518394516e-01
2.856187290969899872e-01
1.926421404682274185e-01
1.451505016722408059e-01
9.832775919732442138e-02
7.625418060200668535e-02
5.618729096989966837e-02
3.411371237458193928e-02
2.274247491638796068e-02
1.003344481605351196e-02
7.357859531772575207e-03
0.000000000000000000e+00
6.688963210702340801e-04
0.000000000000000000e+00
0.000000000000000000e+00
0.000000000000000000e+00
0.000000000000000000e+00
0.000000000000000000e+00
