4.603846861593524631e-01
4.808029902892508312e-01
5.021268569977375140e-01
5.243964484637341217e-01
5.476537080800216728e-01
5.719424394510168597e-01
5.973083888941413955e-01
6.237993316001696487e-01
6.514651616148348090e-01
6.803579858111655776e-01
7.105322220295465785e-01
7.420447015703413030e-01
7.749547762321179478e-01
8.093244300970769967e-01
8.452183962742209067e-01
8.827042788201459045e-01
9.218526800670847621e-01
9.627373335980160540e-01
1.005435243119289224e+00
1.050026827492324122e+00
1.096596072197543847e+00
1.145230687515811363e+00
1.196022273725298790e+00
1.249066493624922058e+00
1.304463252709284316e+00
1.362316887334471538e+00
1.422736361229100188e+00
1.485835470720734630e+00
1.551733059064205111e+00
1.620553240275497187e+00
1.692425632892797127e+00
1.767485604104958474e+00
1.845874524707197484e+00
1.927740035364208460e+00
2.013236324682188716e+00
2.102524419613503337e+00
2.195772488740953321e+00
2.293156159012858186e+00
2.394858846525508511e+00
2.501072101975995388e+00
2.611995971436054109e+00
2.727839373126419442e+00
2.848820490901323055e+00
2.975167185184234508e+00
3.107117422128820472e+00
3.244919721813421809e+00
3.388833626313187519e+00
3.539130188531460330e+00
3.696092482711088145e+00
3.860016137587185980e+00
4.031209893185500270e+00
4.209996182315079771e+00
4.396711737850449886e+00
4.591708226947073257e+00
4.795352913384602900e+00
5.008029349285407328e+00
5.230138097511176198e+00
5.462097486098198118e+00
5.704344396152246865e+00
5.957335084687016113e+00
6.221546043955871852e+00
6.497474898895427842e+00
6.785641344371217798e+00
7.086588123990702037e+00
7.400882052327155236e+00
7.729115082479721899e+00
8.071905420980318269e+00
8.429898692147258288e+00
8.803769154078562309e+00
9.194220968575221420e+00
9.601989527386230350e+00
1.002784283727328152e+01
1.047258296650382015e+01
1.093704755549680563e+01
1.142211139446646051e+01
1.192868807103530315e+01
1.245773169091970800e+01
1.301023867492879127e+01
1.358724963566112542e+01
1.418985133743396432e+01
1.481917874313634798e+01
1.547641715186124323e+01
1.616280443134278144e+01
1.687963334940326732e+01
1.762825400880112880e+01
1.841007639006560126e+01
1.922657300710752892e+01
2.007928168060788821e+01
2.096980843440751840e+01
2.189983052035335831e+01
2.287109957729812137e+01
2.388544493020333093e+01
2.494477703555929438e+01
2.605109107961127535e+01
2.720647073616890665e+01
2.841309209107643952e+01
2.967322774073530667e+01
3.098925107239833920e+01
3.236364073429729871e+01
3.379898530402289225e+01
