1.589940626033376159e+00
1.662908010623484589e+00
1.739224098383222783e+00
1.819042571851457346e+00
1.902524166542955530e+00
1.989836994631670297e+00
2.081156883488870069e+00
2.176667729757852943e+00
2.276561869678261019e+00
2.381040466405748735e+00
2.490313915106966203e+00
2.604602266645631659e+00
2.724135670712891866e+00
2.849154839294328223e+00
2.979911531406926439e+00
3.116669060082153830e+00
3.259702822616084905e+00
3.409300855154373977e+00
3.565764412728890775e+00
3.729408575914043844e+00
3.900562885324499796e+00
4.079572005231974607e+00
4.266796417637520378e+00
4.462613148196939328e+00
4.667416525461246302e+00
4.881618974961023483e+00
5.105651849733842340e+00
5.339966298967185665e+00
5.585034176506140646e+00
5.841348991055365758e+00
6.109426899988823045e+00
6.389807748768569162e+00
6.683056158065750374e+00
6.989762660773003233e+00
7.310544891197937822e+00
7.646048828832459066e+00
7.996950099202574158e+00
8.363955334418301746e+00
8.747803596163503670e+00
9.149267863991198624e+00
9.569156591921441191e+00
1.000831533647637528e+01
1.046762845943096032e+01
1.094802090870826206e+01
1.145046008100568713e+01
1.197595776990296557e+01
1.252557220337494215e+01
1.310041017481227499e+01
1.370162927184138901e+01
1.433044020743197855e+01
1.498810925798638571e+01
1.567596081332056990e+01
1.639538004367176427e+01
1.714781568910352050e+01
1.793478297692528045e+01
1.875786667300159039e+01
1.961872427309548783e+01
2.051908934067267865e+01
2.146077499788805554e+01
2.244567757678461106e+01
2.347578043805738446e+01
2.455315796507249360e+01
2.567997974118423343e+01
2.685851491876251984e+01
2.809113678872872555e+01
2.938032755980188071e+01
3.072868335707958209e+01
3.213891945001946482e+01
3.361387572034930571e+01
3.515652238091670512e+01
3.676996595699478831e+01
3.845745554208885153e+01
4.022238934084170836e+01
4.206832151221365024e+01
4.399896932671739336e+01
4.601822065212103752e+01
4.813014178269367704e+01
5.033898562775969765e+01
5.264920027605160158e+01
5.506543795310790301e+01
5.759256438975435799e+01
6.023566862053432658e+01
6.300007323181986862e+01
6.589134508024091019e+01
6.891530650301704952e+01
7.207804704276678365e+01
7.538593571040506447e+01
7.884563381082386968e+01
8.246410835718371857e+01
8.624864610082940430e+01
9.020686820508257142e+01
9.434674559246077763e+01
9.867661499622910526e+01
1.032051957486079345e+02
1.079416073394442606e+02
1.128953877807061730e+02
1.180765128137808659e+02
1.234954159982582240e+02
1.291630097226487521e+02
1.350907071793527336e+02
