0.000000000000000000e+00
2.408477842003853536e-04
1.204238921001926687e-03
1.204238921001926687e-03
2.167630057803467993e-03
2.167630057803467993e-03
6.502890173410404845e-03
1.011560693641618512e-02
1.107899807321772664e-02
1.758188824662813149e-02
2.625240847784200346e-02
2.914258188824662976e-02
3.781310211946049826e-02
3.275529865125240830e-02
4.479768786127167474e-02
4.792870905587668512e-02
5.973025048169557094e-02
7.008670520231213841e-02
7.827552986512524569e-02
7.707129094412330794e-02
8.453757225433526645e-02
1.062138728323699377e-01
1.086223506743737993e-01
1.228323699421965259e-01
1.353564547206165813e-01
1.389691714836223391e-01
1.553468208092485536e-01
1.661849710982658823e-01
1.765414258188824637e-01
2.008670520231213841e-01
2.047206165703275571e-01
2.268786127167630173e-01
2.328998073217726505e-01
2.562620423892100208e-01
2.764932562620424084e-01
2.854046242774566644e-01
3.078034682080925122e-01
3.386319845857417854e-01
3.504335260115606920e-01
3.752408477842003598e-01
3.995664739884393080e-01
4.395472061657032525e-01
4.366570327552986575e-01
4.747109826589595571e-01
5.125240847784200415e-01
5.370905587668592940e-01
5.710500963391136331e-01
6.110308285163776887e-01
6.262042389210019655e-01
6.259633911368015502e-01
6.676300578034681799e-01
7.112235067437379099e-01
7.186897880539498962e-01
7.634874759152215917e-01
8.270712909441233496e-01
8.159922928709055778e-01
8.564547206165703530e-01
8.605491329479768581e-01
9.108863198458574395e-01
9.135356454720616748e-01
9.443641618497109480e-01
9.655587668593449413e-01
9.511078998073217994e-01
9.816955684007707683e-01
9.903660886319846091e-01
9.800096339113679722e-01
9.850674373795761385e-01
1.000000000000000000e+00
9.631502890173410103e-01
9.814547206165703530e-01
9.474951830443160139e-01
9.270231213872832665e-01
8.778901734104046506e-01
8.109344894026975226e-01
7.485549132947977302e-01
6.548651252408478340e-01
5.741811175337186990e-01
4.812138728323699377e-01
4.236512524084778408e-01
3.432080924855491211e-01
2.760115606936416333e-01
2.232658959537572319e-01
1.690751445086705329e-01
1.262042389210019377e-01
1.001926782273603045e-01
8.092485549132948097e-02
5.346820809248555018e-02
4.142581888246628374e-02
2.384393063583814878e-02
1.758188824662813149e-02
6.502890173410404845e-03
7.466281310211946368e-03
3.853564547206165657e-03
1.685934489402697448e-03
7.225433526011560336e-04
2.408477842003853536e-04
2.408477842003853536e-04
0.000000000000000000e+00
2.408477842003853536e-04
0.000000000000000000e+00
