6.596995427824950409e-02
2.096668843892880441e-01
2.998040496407576860e-01
3.932070542129327273e-01
5.173089483997387328e-01
5.558458523840626997e-01
5.930764206401044625e-01
6.420640104506858403e-01
7.067276290006531125e-01
7.341606792945787330e-01
8.256041802743304681e-01
8.275636838667537187e-01
8.269105160026126722e-01
8.641410842586544350e-01
8.981058131939908540e-01
9.092096668843893115e-01
9.118223383409536087e-01
9.177008491182233607e-01
9.470934030045721208e-01
9.581972566949705783e-01
9.725669497060744906e-01
9.875898105813194494e-01
1.000000000000000000e+00
9.392553886348791181e-01
9.386022207707380716e-01
8.974526453298498074e-01
8.145003265839321216e-01
7.805355976485957026e-01
6.897452645329850140e-01
5.813193990855649584e-01
5.800130633572828653e-01
4.696276943174395591e-01
3.709993468321358678e-01
2.756368386675375759e-01
2.122795558458523968e-01
1.508817766165904684e-01
1.084258654474199862e-01
7.772697583278902200e-02
4.637491835401698348e-02
3.723056825604180442e-02
1.698236446766819216e-02
1.306335728282168561e-02
3.265839320705421402e-03
1.959503592423252841e-03
0.000000000000000000e+00
0.000000000000000000e+00
0.000000000000000000e+00
0.000000000000000000e+00
0.000000000000000000e+00
0.000000000000000000e+00
