4.556248619847802495e-01
4.755471514782776965e-01
4.963405471202276265e-01
5.180431382036360111e-01
5.406946794835707504e-01
5.643366639998268486e-01
5.890123990837800028e-01
6.147670856886530144e-01
6.416479011885154460e-01
6.697040857976854777e-01
6.989870327688393337e-01
7.295503825350484473e-01
7.614501209681996396e-01
7.947446819337815604e-01
8.294950543299025592e-01
8.657648938066095923e-01
9.036206393701573525e-01
9.431316350858233166e-01
9.843702571022027170e-01
1.027412046229666309e+00
1.072335846315838559e+00
1.119223948671570712e+00
1.168162242811970897e+00
1.219240373788613496e+00
1.272551906401134358e+00
1.328194496589007789e+00
1.386270070317467296e+00
1.446885010285247741e+00
1.510150350796160668e+00
1.576181981151469902e+00
1.645100857935640759e+00
1.717033226584324668e+00
1.792110852640450114e+00
1.870471263122032379e+00
1.952257998443841513e+00
2.037620875354393402e+00
2.126716261369918204e+00
2.219707361208002272e+00
2.316764515745610264e+00
2.418065514049096976e+00
2.523795919047800318e+00
2.634149407447775815e+00
2.749328124508330529e+00
2.869543054331231691e+00
2.995014406340884339e+00
3.125972018663434771e+00
3.262655779143709189e+00
3.405316064771197304e+00
3.554214200320033434e+00
3.709622937043098201e+00
3.871826952297119373e+00
4.041123371013984666e+00
4.217822309973484174e+00
4.402247445874498233e+00
4.594736608245210796e+00
4.795642398278436858e+00
5.005332834725656710e+00
5.224192028032899948e+00
5.452620883953343878e+00
5.691037837925527754e+00
5.939879621562409007e+00
6.199602062655286794e+00
6.470680920158081939e+00
6.753612755681461799e+00
7.048915843093221945e+00
7.357131117891143823e+00
7.678823168087347106e+00
8.014581268419286531e+00
8.365020459781817408e+00
8.730782675857657438e+00
9.112537919009993104e+00
9.510985487591215204e+00
9.926855256915994019e+00
1.036090901624516114e+01
1.081394186422947712e+01
1.128678366536944111e+01
1.178030057015915588e+01
1.229539660169872306e+01
1.283301531168164900e+01
1.339414150879059662e+01
1.397980306266758888e+01
1.459107278676322395e+01
1.522907040351377539e+01
1.589496459544614915e+01
1.658997514596775602e+01
1.731537517376285251e+01
1.807249346488838881e+01
1.886271690684111135e+01
1.968749302905484555e+01
2.054833265448148794e+01
2.144681266711289780e+01
2.238457890051326871e+01
2.336334915265319623e+01
2.438491633256789015e+01
2.545115174460376650e+01
2.656400851626929338e+01
2.772552517596931665e+01
2.893782938717667008e+01
3.020314184588096751e+01
3.152378034845439814e+01
