4.864715462423038761e-01
5.076997456309226830e-01
5.298542817246661984e-01
5.529755771555037169e-01
5.771058184811634906e-01
6.022890331577074319e-01
6.285711698709656181e-01
6.560001823733990767e-01
6.846261169793599333e-01
7.145012038783887798e-01
7.456799524331582107e-01
7.782192506359405515e-01
8.121784689050659534e-01
8.476195684107550310e-01
8.846072141279751611e-01
9.232088928225929969e-01
9.634950361860993295e-01
1.005539149343573913e+00
1.049417944969363026e+00
1.095211483255173368e+00
1.143003317985967104e+00
1.192880648990180870e+00
1.244934481242429003e+00
1.299259790908984247e+00
1.355955698638998674e+00
1.415125650417649261e+00
1.476877606311184810e+00
1.541324237448259415e+00
1.608583131596953431e+00
1.678777007712578984e+00
1.752033939847724042e+00
1.828487590833078880e+00
1.908277456155411000e+00
1.991549118477664138e+00
2.078454513265573400e+00
2.169152206005448225e+00
2.263807681518934523e+00
2.362593645902624662e+00
2.465690341643436145e+00
2.573285876484702861e+00
2.685576566643024687e+00
2.802767295002098979e+00
2.925071884937087141e+00
3.052713490451584466e+00
3.185925003339031836e+00
3.324949478111459467e+00
3.470040575470888289e+00
3.621463025132525715e+00
3.779493108844210969e+00
3.944419164483432549e+00
4.116542112151654997e+00
4.296176003225883555e+00
4.483648593369220947e+00
4.679301940545943950e+00
4.883493029132210062e+00
5.096594421261142038e+00
5.318994936590698330e+00
5.551100361734641275e+00
5.793334190651004967e+00
6.046138397338948423e+00
6.309974242253848509e+00
6.585323113911997872e+00
6.872687407220479550e+00
7.172591440134788776e+00
7.485582410316720114e+00
7.812231393538019653e+00
8.153134385651458871e+00
8.508913390030485857e+00
8.880217552461578734e+00
9.267724345559964050e+00
9.672140804869819419e+00
1.009420481890426835e+01
1.053468647547895642e+01
1.099438946679566698e+01
1.147415255583977789e+01
1.197485110676689501e+01
1.249739868207123372e+01
1.304274870944967901e+01
1.361189622140290645e+01
1.420587967074776437e+01
1.482578282535314607e+01
1.547273674555672329e+01
1.614792184787038209e+01
1.685257005873960523e+01
1.758796706228686801e+01
1.835545464613976208e+01
1.915643314962436961e+01
1.999236401879062086e+01
2.086477247293142412e+01
2.177525028746108049e+01
2.272545869823022002e+01
2.371713143257666800e+01
2.475207787264256609e+01
2.583218635672923469e+01
2.695942762471383247e+01
2.813585841381371822e+01
2.936362521125943914e+01
3.064496817072376800e+01
3.198222519965177568e+01
3.337783622495057045e+01
