8.187134502923976154e-02
1.773879142300194833e-01
3.151397011046133678e-01
3.989603638726445523e-01
4.873294346978557234e-01
5.451591942820013248e-01
5.841455490578297827e-01
7.173489278752436249e-01
6.679662118258609116e-01
7.290448343079921623e-01
7.693307342430149021e-01
7.972709551656920191e-01
8.661468486029889613e-01
8.538011695906432275e-01
8.648473034437946794e-01
8.628979857050032010e-01
9.434697855750486806e-01
9.428200129954515951e-01
1.000000000000000000e+00
9.746588693957114469e-01
9.707602339181286011e-01
9.759584145549057288e-01
9.051332033788174192e-01
9.584145549057829783e-01
9.025341130604288553e-01
8.934372969460688818e-01
8.044184535412605142e-01
7.608836907082521250e-01
7.128005198180636937e-01
6.309291747888239321e-01
5.412605588044184790e-01
4.678362573099414945e-01
3.411306042884990064e-01
2.917478882391162931e-01
2.001299545159194171e-01
1.500974658869395628e-01
1.026640675763482724e-01
7.797270955165691575e-02
5.003248862897985427e-02
3.183885640025990726e-02
1.949317738791422894e-02
1.104613385315139640e-02
3.898635477582845787e-03
2.599090318388563858e-03
0.000000000000000000e+00
0.000000000000000000e+00
0.000000000000000000e+00
0.000000000000000000e+00
0.000000000000000000e+00
0.000000000000000000e+00
