7.312379730596536842e-02
2.039769082745349627e-01
3.027581783194355225e-01
4.316869788325849999e-01
5.131494547787043281e-01
5.574085952533675004e-01
5.991019884541373131e-01
6.632456703014752986e-01
7.286722257857600749e-01
7.267479153303399997e-01
7.825529185375240671e-01
7.973059653624118281e-01
8.075689544579859325e-01
8.511866581141757093e-01
8.441308531109685820e-01
9.313662604233482467e-01
8.633739576651699998e-01
9.563822963438101121e-01
9.223861449647209332e-01
9.557408595253367167e-01
1.000000000000000000e+00
9.217447081462476488e-01
9.243104554201411194e-01
9.352148813341886191e-01
9.121231558691469399e-01
8.434894162924951866e-01
8.005131494547786941e-01
7.613855035279024630e-01
6.760744066709428735e-01
6.247594611930724628e-01
5.413726747915330595e-01
4.393842206542655782e-01
3.476587556125721457e-01
2.617062219371392162e-01
1.949967928159076214e-01
1.327774214239897388e-01
1.109685695958948087e-01
7.504810776138549910e-02
5.067350865939704990e-02
3.271327774214240203e-02
2.180885182809493353e-02
8.338678640153944152e-03
5.131494547787042622e-03
1.924310455420141092e-03
0.000000000000000000e+00
0.000000000000000000e+00
0.000000000000000000e+00
0.000000000000000000e+00
0.000000000000000000e+00
0.000000000000000000e+00
