1.348025810977630190e+00
1.411750043036953617e+00
1.478486663819461366e+00
1.548378075760244776e+00
1.621573412979905759e+00
1.698228859506571320e+00
1.778507982540983745e+00
1.862582081475786300e+00
1.950630553413739809e+00
2.042841275964812908e+00
2.139411008138959236e+00
2.240545810190001319e+00
2.346461483306486961e+00
2.457384030087728544e+00
2.573550136787583487e+00
2.695207678354995640e+00
2.822616247348941787e+00
2.956047707856388929e+00
3.095786775595202212e+00
3.242131625439836462e+00
3.395394527666141915e+00
3.555902514272893278e+00
3.723998076801865675e+00
3.900039897145419321e+00
4.084403612901034819e+00
4.277482618905887435e+00
4.479688906661754899e+00
4.691453943441476149e+00
4.913229592952724545e+00
5.145489079523676956e+00
5.388727997867892583e+00
5.643465370583082397e+00
5.910244755640243319e+00
6.189635406226284609e+00
6.482233485415077823e+00
6.788663338258722035e+00
7.109578824013465415e+00
7.445664711342966591e+00
7.797638139475942864e+00
8.166250148436091649e+00
8.552287281609400438e+00
8.956573264068468987e+00
9.379970760235035954e+00
9.823383214631133953e+00
1.028775677964680213e+01
1.077408233443766150e+01
1.128339759926040564e+01
1.181678934975768769e+01
1.237539573591730147e+01
1.296040871065376621e+01
1.357307657319448424e+01
1.421470663269752066e+01
1.488666799778465055e+01
1.559039449794190979e+01
1.632738774302135454e+01
1.709922032737245345e+01
1.790753918543996903e+01
1.875406910598859866e+01
1.964061641245292833e+01
2.056907281726585168e+01
2.154141945838986771e+01
2.255973112666431746e+01
2.362618069298893886e+01
2.474304374479034507e+01
2.591270344166478878e+01
2.713765560055819392e+01
2.842051402133412452e+01
2.976401606409345035e+01
3.117102849014647248e+01
3.264455357910105704e+01
3.418773553511939411e+01
3.580386719601298751e+01
3.749639705949181945e+01
3.926893664156014552e+01
4.112526818276027285e+01
4.306935271870809601e+01
4.510533853214096212e+01
4.723757000451310262e+01
4.947059688602590199e+01
5.180918400387351852e+01
5.425832142941931835e+01
5.682323512599766246e+01
5.950939810006154573e+01
6.232254207947006108e+01
6.526866974383494835e+01
6.835406753302348193e+01
7.158531906114822618e+01
7.496931916466627399e+01
7.851328861456427433e+01
8.222478952402140351e+01
8.611174148442765386e+01
9.018243846418839382e+01
9.444556650637312600e+01
9.891022226297295106e+01
1.035859324053135140e+02
1.084826739520428163e+02
1.136108955580686199e+02
1.189815398098721317e+02
1.246060665747723277e+02
1.304964774539614041e+02
