0.000000000000000000e+00
1.006542526421741295e-03
2.264720684448918130e-03
3.271263210870659424e-03
4.026170105686965178e-03
6.794162053346753521e-03
1.107196779063915511e-02
1.182687468545546086e-02
2.138902868646200273e-02
2.491192752893809856e-02
2.818319073980875625e-02
3.623553095118269007e-02
4.302969300452944013e-02
5.158530447911423983e-02
5.183694011071967450e-02
5.963764469048817018e-02
6.542526421741318154e-02
7.121288374433819290e-02
8.983392048314041423e-02
9.335681932561651353e-02
1.011575239053850023e-01
1.082033215903371870e-01
1.230498238550578743e-01
1.431806743834926898e-01
1.434323100150981245e-01
1.618017111222949111e-01
1.663311524911927630e-01
1.859587317564166953e-01
1.914947156517362858e-01
2.091092098641167685e-01
2.345244086562657260e-01
2.400603925515853165e-01
2.566683442375440327e-01
2.818319073980875555e-01
2.876195269250125808e-01
3.140412682435833047e-01
3.276295923502767771e-01
3.621036738802214661e-01
3.827377956718671093e-01
3.915450427780573506e-01
4.053850025163563409e-01
4.524408656265727080e-01
4.738298943130347385e-01
4.851534977352793265e-01
5.246602918973326535e-01
5.591343734272773425e-01
5.848012078510317346e-01
6.190236537493709612e-01
6.605435329642677100e-01
6.756416708605939014e-01
6.957725213890286753e-01
7.388022143935580877e-01
7.672370407649723445e-01
7.861097131353799172e-01
7.921489682939104604e-01
8.288877705083039782e-01
8.595873175641670638e-01
8.867639657775541195e-01
8.860090588827378433e-01
9.235027679919476373e-01
9.428787116255661349e-01
9.869149471565173970e-01
9.380976346250629039e-01
9.869149471565173970e-01
9.821338701560140549e-01
9.778560644187216377e-01
9.803724207347760400e-01
9.972320080523402464e-01
9.843985908404629948e-01
9.723200805234021304e-01
1.000000000000000000e+00
9.680422747861097132e-01
8.935581278309008280e-01
8.281328636134877019e-01
7.999496728736789075e-01
7.398087569199798263e-01
6.061902365374937096e-01
5.581278309008556038e-01
4.849018621036738641e-01
4.076497232008052252e-01
3.291394061399093851e-01
2.747861097131353847e-01
2.156517362858580700e-01
1.545042778057373056e-01
1.308505284348263631e-01
9.964771011575239423e-02
7.171615500754906225e-02
5.561147458480120848e-02
3.422244589833920575e-02
2.038248616004026056e-02
1.434323100150981453e-02
8.807247106190236111e-03
5.284348263714142013e-03
4.026170105686965178e-03
1.509813789632611942e-03
5.032712632108706473e-04
5.032712632108706473e-04
0.000000000000000000e+00
5.032712632108706473e-04
0.000000000000000000e+00
