4.855709599050426761e-01
5.064206670160480428e-01
5.281656300680176441e-01
5.508442900421877120e-01
5.744967385193273657e-01
5.991647885540705154e-01
6.248920485924855939e-01
6.517239995635595307e-01
6.797080752808769555e-01
7.088937462966289349e-01
7.393326073561916623e-01
7.710784686078757666e-01
8.041874507290897034e-01
8.387180841370812656e-01
8.747314124596428098e-01
9.122911004486983222e-01
9.514635465275409487e-01
9.923180001706852771e-01
1.034926684323838497e+00
1.079364923080405880e+00
1.125711274840239806e+00
1.174047671186029040e+00
1.224459561722838874e+00
1.277036065136848197e+00
1.331870126740328342e+00
1.389058682781373122e+00
1.448702831808848179e+00
1.510908013395501293e+00
1.575784194535179816e+00
1.643446064043675658e+00
1.714013235306854233e+00
1.787610457734495339e+00
1.864367837293650076e+00
1.944421066511379248e+00
2.027911664353472254e+00
2.114987226403207909e+00
2.205801685782426080e+00
2.300515585276166952e+00
2.399296361141946221e+00
2.502318639105383546e+00
2.609764543065455022e+00
2.721824017055090472e+00
2.838695161026296265e+00
2.960584581053393283e+00
3.087707754573475682e+00
3.220289411309756655e+00
3.358563930551209165e+00
3.502775755490810550e+00
3.653179825354865518e+00
3.810042026087335110e+00
3.973639660385888117e+00
4.144261937920612482e+00
4.322210486602003243e+00
4.507799885802051598e+00
4.701358222471065496e+00
4.903227671133332244e+00
5.113765098786952734e+00
5.333342695777184339e+00
5.562348633758565697e+00
5.801187751908972068e+00
6.050282272608701106e+00
6.310072547849766345e+00
6.581017837694924211e+00
6.863597122162582664e+00
7.158309947972870013e+00
7.465677311651738535e+00
7.786242580554262993e+00
8.120572453435338289e+00
8.469257962265881901e+00
8.832915517065547562e+00
9.212187995599036228e+00
9.607745879862379823e+00
1.002028844136827068e+01
1.045054497732580501e+01
1.089927609990002999e+01
1.136727508083030180e+01
1.185536925378474038e+01
1.236442147692956262e+01
1.289533165829918637e+01
1.344903834666331122e+01
1.402652039070369128e+01
1.462879866943334051e+01
1.525693789691762170e+01
1.591204850448718133e+01
1.659528860377061221e+01
1.730786603401661239e+01
1.805104049732541327e+01
1.882612578556366856e+01
1.963449210290009361e+01
2.047756848806708874e+01
2.135684534063102902e+01
2.227387705573662302e+01
2.323028477198364428e+01
2.422775923729314229e+01
2.526806379783009859e+01
2.635303751526571503e+01
2.748459841789069458e+01
2.866474689132636300e+01
2.989556921482801144e+01
3.117924124943207076e+01
