6.649282920469361258e-02
2.033898305084745894e-01
3.533246414602346785e-01
3.950456323337679376e-01
5.117340286831811857e-01
5.410691003911343167e-01
6.238591916558018369e-01
6.883963494132985250e-01
6.844850065189048705e-01
7.288135593220338437e-01
7.874837027379399945e-01
8.037809647979139438e-01
8.455019556714471474e-01
8.559322033898305593e-01
9.022164276401564154e-01
8.970013037809647649e-01
9.302477183833115504e-01
1.000000000000000000e+00
9.361147327249021988e-01
9.687092568448500973e-01
9.569752281616688006e-01
9.700130378096479822e-01
9.719687092568448650e-01
9.413298565840938492e-01
9.002607561929595326e-01
8.813559322033898136e-01
8.161668839634941275e-01
7.835723598435462289e-01
7.405475880052151405e-01
6.062581486310300027e-01
5.534550195567145003e-01
4.406779661016949068e-01
3.507170795306388533e-01
2.868318122555410521e-01
2.216427640156453660e-01
1.505867014341590593e-01
1.043024771838331199e-01
7.887874837027379626e-02
4.823989569752281520e-02
3.259452411994784998e-02
2.151238591916557891e-02
8.474576271186440649e-03
5.215123859191655650e-03
3.259452411994784998e-03
6.518904823989569563e-04
0.000000000000000000e+00
0.000000000000000000e+00
0.000000000000000000e+00
0.000000000000000000e+00
0.000000000000000000e+00
