6.765899864682002607e-02
2.090663058186738865e-01
3.437077131258457485e-01
4.100135317997293805e-01
5.331529093369418160e-01
5.859269282814614233e-01
6.556156968876860613e-01
6.502029769959404293e-01
7.171853856562923069e-01
7.686062246278755339e-01
8.457374830852503189e-01
8.403247631935046869e-01
8.599458728010825892e-01
9.005412719891745521e-01
9.174560216508795829e-01
9.668470906630581840e-01
9.803788903924222087e-01
1.000000000000000000e+00
9.208389715832205891e-01
9.898511502029769815e-01
9.945872801082543679e-01
9.979702300405953741e-01
9.959404600811907482e-01
9.654939106901218038e-01
9.641407307171854235e-01
9.161028416779432026e-01
8.653585926928281102e-01
8.037889039242219757e-01
7.300405953991880859e-01
5.920162381596751899e-01
5.947225981055480615e-01
4.878213802435724111e-01
3.633288227334235398e-01
3.064952638700947363e-01
2.232746955345061013e-01
1.556156968876860613e-01
1.190798376184032531e-01
7.983761840324762882e-02
4.871447902571041794e-02
3.721244925575101226e-02
2.097428958051420975e-02
9.472259810554804066e-03
4.059539918809201495e-03
3.382949932341001390e-03
6.765899864682003214e-04
0.000000000000000000e+00
0.000000000000000000e+00
0.000000000000000000e+00
0.000000000000000000e+00
0.000000000000000000e+00
