1.734808420521804617e+00
1.811935403515029019e+00
1.892491336607450281e+00
1.976628665782647509e+00
2.064506614544207252e+00
2.156291485234110628e+00
2.252156973747281743e+00
2.352284498237871002e+00
2.456863542439331916e+00
2.566092014247991493e+00
2.680176620248706065e+00
2.799333256891375132e+00
2.923787419058565096e+00
3.053774626797448821e+00
3.189540871023599511e+00
3.331343079040111732e+00
3.479449600753004468e+00
3.634140716503030166e+00
3.795709167474927259e+00
3.964460709687875895e+00
4.140714692615529380e+00
4.324804663530642301e+00
4.517078998717933835e+00
4.717901562749746702e+00
4.927652397072106893e+00
5.146728439204288463e+00
5.375544273912916005e+00
5.614532917782133481e+00
5.864146638664599287e+00
6.124857811564033305e+00
6.397159812569034543e+00
6.681567952529840149e+00
6.978620452244959971e+00
7.288879461003154425e+00
7.612932120408252068e+00
7.951391675500038225e+00
8.304898635273898932e+00
8.674121984795432283e+00
9.059760451203867859e+00
9.462543826000093361e+00
9.883234346121637870e+00
1.032262813641814603e+01
1.078155671625719236e+01
1.126088857311152580e+01
1.176153080610560409e+01
1.228443084263179230e+01
1.283057823128471675e+01
1.340100651450683777e+01
1.399679518448894910e+01
1.461907172602718852e+01
1.526901375020233154e+01
1.594785122291931323e+01
1.665686879252425356e+01
1.739740822090388406e+01
1.817087092266794102e+01
1.897872061721988501e+01
1.982248609873465384e+01
2.070376412928553123e+01
2.162422246059500708e+01
2.258560299012826533e+01
2.358972505750178073e+01
2.463848888744533738e+01
2.573387918583294720e+01
2.687796889558800473e+01
2.807292311957020914e+01
2.932100321786828445e+01
3.062457108725213573e+01
3.198609363088311142e+01
3.340814742674073301e+01
3.489342360360085138e+01
3.644473293379237333e+01
3.806501115237038135e+01
3.975732451277168167e+01
4.152487558946655355e+01
4.337100933858751972e+01
4.529921942800480394e+01
4.731315484882733813e+01
4.941662682084119496e+01
5.161361600495359880e+01
5.390828003629113141e+01
5.630496139220846175e+01
5.880819561009680285e+01
6.142271987054388660e+01
6.415348196208827858e+01
6.700564964453349148e+01
6.998462042854053777e+01
7.309603179000704642e+01
7.634577183856198701e+01
7.973999046036585980e+01
8.328511095630318550e+01
8.698784219759119196e+01
9.085519132180911583e+01
9.489447699337370068e+01
9.911334325355556985e+01
1.035197739862465482e+02
1.081221080268539509e+02
1.129290549429118187e+02
1.179497115162775742e+02
1.231935789580986977e+02
1.286705808891349818e+02
