0.000000000000000000e+00
7.535795026375282681e-04
7.535795026375282681e-04
1.507159005275056536e-03
5.526249686008540343e-03
4.521477015825169608e-03
1.180607887465461026e-02
1.708113539311730683e-02
1.708113539311730683e-02
3.014318010550113072e-02
3.190153227832202842e-02
3.466465712132629773e-02
3.818136146696810007e-02
4.596834966088922392e-02
5.174579251444360456e-02
6.706857573474001022e-02
7.083647324792766153e-02
7.761868877166541725e-02
8.615925646822406025e-02
1.007284601858829398e-01
1.090178347148957616e-01
1.122833458929917150e-01
1.173072092439085695e-01
1.366490831449384546e-01
1.509670936950514852e-01
1.559909570459683537e-01
1.672946495855312798e-01
1.976890228585782561e-01
2.104998744034162206e-01
2.067319768902285970e-01
2.125094197437829568e-01
2.509419743782969059e-01
2.655111780959558132e-01
2.660135644310474556e-01
2.976639035418236490e-01
3.119819140919367073e-01
3.416227078623461644e-01
3.612157749309218846e-01
3.664908314493846020e-01
4.109520221049987598e-01
4.204973624717407432e-01
4.501381562421502003e-01
4.777694046721929211e-01
4.797789500125596573e-01
5.217282089927154365e-01
5.601607636272293300e-01
5.908063300678221275e-01
6.139161014820396778e-01
6.332579753830696045e-01
6.895252449133383310e-01
7.076111529766390129e-01
7.367495604119568275e-01
7.608641044963576627e-01
7.721677970359206444e-01
8.100979653353428400e-01
8.271791007284602371e-01
8.475257472996734487e-01
8.643556895252448857e-01
8.947500627982918342e-01
9.206229590555137232e-01
9.341873901029892346e-01
9.655865360462195790e-01
9.517709118311982186e-01
9.761366490831449028e-01
9.716151720673197323e-01
9.859331826174327906e-01
9.766390354182366007e-01
9.788997739261492415e-01
1.000000000000000000e+00
9.633257975383069383e-01
9.844260236121576968e-01
9.447375031399145584e-01
9.032906304948505882e-01
8.291886460688269178e-01
7.955287616176840437e-01
7.390102989198693573e-01
6.068826927907561286e-01
5.460939462446621206e-01
4.920874152223059794e-01
3.953780457171565121e-01
3.290630494850539933e-01
2.755589047977894945e-01
2.137653855815121740e-01
1.557397638784225047e-01
1.286109017834714818e-01
1.002260738507912557e-01
7.359959809093193084e-02
5.400653102235618980e-02
3.466465712132629773e-02
2.260738507912584891e-02
1.381562421502135173e-02
8.540567696558653416e-03
5.526249686008540343e-03
4.270283848279326708e-03
1.758352172820899220e-03
5.023863350916854759e-04
2.511931675458427379e-04
2.511931675458427379e-04
2.511931675458427379e-04
0.000000000000000000e+00
