7.354838709677419262e-02
2.180645161290322709e-01
3.045161290322580538e-01
4.135483870967742170e-01
5.070967741935483719e-01
5.754838709677418951e-01
6.212903225806452046e-01
6.393548387096774643e-01
7.245161290322580383e-01
7.612903225806451069e-01
7.554838709677419439e-01
8.161290322580645462e-01
8.464516129032257918e-01
8.587096774193548887e-01
8.929032258064516503e-01
9.180645161290322820e-01
8.800000000000000044e-01
9.193548387096773800e-01
9.129032258064516681e-01
9.593548387096774155e-01
9.587096774193548665e-01
1.000000000000000000e+00
9.412903225806451557e-01
9.341935483870967838e-01
8.664516129032258096e-01
8.890322580645161343e-01
8.129032258064515792e-01
7.348387096774193772e-01
7.070967741935484385e-01
6.400000000000000133e-01
5.387096774193548265e-01
4.445161290322580672e-01
3.374193548387096619e-01
2.619354838709677669e-01
2.096774193548387177e-01
1.451612903225806550e-01
1.129032258064516098e-01
7.677419354838709020e-02
4.322580645161290536e-02
2.709677419354838621e-02
2.000000000000000042e-02
7.741935483870967735e-03
1.935483870967741934e-03
1.935483870967741934e-03
6.451612903225806446e-04
6.451612903225806446e-04
0.000000000000000000e+00
0.000000000000000000e+00
0.000000000000000000e+00
0.000000000000000000e+00
