4.827059281112822675e-01
5.038319615387909511e-01
5.258825936968901660e-01
5.488982904314541056e-01
5.729212886103451918e-01
5.979956736336905498e-01
6.241674603364600893e-01
6.514846774318162614e-01
6.799974556501962031e-01
7.097581197358775462e-01
7.408212844698500721e-01
7.732439548952109165e-01
8.070856309290077579e-01
8.424084165525093093e-01
8.792771337802790521e-01
9.177594416172024649e-01
9.579259602217697900e-01
9.998504005034686282e-01
1.043609699392117340e+00
1.089284161027374909e+00
1.136957604127528665e+00
1.186717515808002332e+00
1.238655212131860583e+00
1.292866005686943653e+00
1.349449380497155904e+00
1.408509174588894464e+00
1.470153770547653282e+00
1.534496294414498196e+00
1.601654823287413487e+00
1.671752602008498068e+00
1.744918269334659655e+00
1.821286094006860923e+00
1.900996221151136201e+00
1.984194929463556356e+00
2.071034899651112315e+00
2.161675494621141169e+00
2.256283051933477335e+00
2.355031189052023688e+00
2.458101121955911239e+00
2.565681997694949867e+00
2.677971241499648158e+00
2.795174919082795473e+00
2.917508114797482399e+00
3.045195326345524922e+00
3.178470876760636887e+00
3.317579344422397547e+00
3.462776011890135397e+00
3.614327334380423196e+00
3.772511428747865381e+00
3.937618583866567157e+00
4.109951793348855631e+00
4.289827311578912727e+00
4.477575234081663247e+00
4.673540103292027403e+00
4.878081540836146424e+00
5.091574907484959667e+00
5.314411991991189410e+00
5.547001730073866987e+00
5.789770954869823960e+00
6.043165180229327582e+00
6.307649418293313381e+00
6.583709032852572918e+00
6.871850630054937348e+00
7.172602988095004406e+00
7.486518027592533819e+00
7.814171824440258263e+00
8.156165666979857676e+00
8.513127159446119308e+00
8.885711373704264560e+00
9.274602051394044366e+00
9.680512858686679323e+00
1.010418869595730840e+01
1.054640706477634104e+01
1.100797949472837800e+01
1.148975303267703651e+01
1.199261179720871340e+01
1.251747860110791244e+01
1.306531664484157851e+01
1.363713128416019416e+01
1.423397187505941552e+01
1.485693369948805120e+01
1.550715997533628965e+01
1.618584395439268775e+01
1.689423111212013850e+01
1.763362143326910214e+01
1.840537179752274355e+01
1.921089846955182168e+01
2.005167969804890760e+01
2.092925842851153106e+01
2.184524513475261642e+01
2.280132077433438198e+01
2.379923987334923297e+01
2.484083374620874807e+01
2.592801385634944111e+01
2.706277532402270580e+01
2.824720058760608055e+01
2.948346322515491735e+01
3.077383194320752580e+01
3.212067474016371449e+01
3.352646325187718901e+01
