6.104844061048440851e-02
2.096881220968812298e-01
3.317850033178500468e-01
3.861977438619774161e-01
5.368281353682813339e-01
5.481088254810883020e-01
6.396814863968148801e-01
6.509621765096217372e-01
7.027206370272063296e-01
7.770404777704047472e-01
8.360982083609820315e-01
7.962840079628400458e-01
8.334439283344392546e-01
8.978102189781022036e-01
8.832116788321168199e-01
8.759124087591241281e-01
9.528865295288653225e-01
9.747843397478433980e-01
9.336429993364300239e-01
9.648307896483079293e-01
9.920371599203715585e-01
9.774386197743861748e-01
1.000000000000000000e+00
9.701393497013934830e-01
9.568679495686794878e-01
9.309887193098872471e-01
8.407431984074319464e-01
7.976111479761114342e-01
7.093563370935633827e-01
6.078301260783012250e-01
5.812873258128732346e-01
4.797611147976111323e-01
3.782349037823490301e-01
2.826808228268082313e-01
2.203052422030524204e-01
1.572660915726609154e-01
1.048440610484406149e-01
8.692767086927670472e-02
4.578633045786330291e-02
3.649635036496350071e-02
1.857996018579960093e-02
1.260783012607830100e-02
2.654280026542800257e-03
3.981420039814200819e-03
1.327140013271400128e-03
0.000000000000000000e+00
0.000000000000000000e+00
0.000000000000000000e+00
0.000000000000000000e+00
0.000000000000000000e+00
