1.755458463535081837e+00
1.834070202286423479e+00
1.916202278088101840e+00
2.002012336263128134e+00
2.091665081699412010e+00
2.185332594986360011e+00
2.283194662708492029e+00
2.385439122530033540e+00
2.492262223732856885e+00
2.603869003899780488e+00
2.720473682466244103e+00
2.842300071895744296e+00
2.969582007268248613e+00
3.102563795106142219e+00
3.241500682299191194e+00
3.386659346028579431e+00
3.538318405630401564e+00
3.696768957381050935e+00
3.862315133231027708e+00
4.035274684559565728e+00
4.215979592070559612e+00
4.404776703000445437e+00
4.602028396861072679e+00
4.808113280995425676e+00
5.023426917281253345e+00
5.248382581377420308e+00
5.483412055970334542e+00
5.728966459542974121e+00
5.985517112257285888e+00
6.253556440611952816e+00
6.533598922611888682e+00
6.826182075263706572e+00
7.131867486292517100e+00
7.451241892060339822e+00
7.784918303755167912e+00
8.133537184012206822e+00
8.497767676225793210e+00
8.878308888911519148e+00
9.275891237583753224e+00
9.691277846724231537e+00
1.012526601453263986e+01
1.057868874327063402e+01
1.105241633813669466e+01
1.154735807774072143e+01
1.206446395938462146e+01
1.260472652249890047e+01
1.316918275373515357e+01
1.375891607737104927e+01
1.437505843484831480e+01
1.501879245743515767e+01
1.569135373618337503e+01
1.639403319353704092e+01
1.712817956114512441e+01
1.789520196863367829e+01
1.869657264830661347e+01
1.953382976096673218e+01
2.040858034828055168e+01
2.132250341735391075e+01
2.227735316343911975e+01
2.327496233695898198e+01
2.431724576131057347e+01
2.540620400820110092e+01
2.654392723756994954e+01
2.773259920946749446e+01
2.897450147559123224e+01
3.027201775852436683e+01
3.162763852708238588e+01
3.304396577654975431e+01
3.452371802298191739e+01
3.606973552115865544e+01
3.768498571620414594e+01
3.937256893933807333e+01
4.113572435868965727e+01
4.297783619659693244e+01
4.490244022532523616e+01
4.691323055367214323e+01
4.901406671748549115e+01
5.120898108770452239e+01
5.350218661014245214e+01
5.589808489186674478e+01
5.840127464969829418e+01
6.101656053704547134e+01
6.374896236601521338e+01
6.660372474250257824e+01
6.958632713275230230e+01
7.270249438071414261e+01
7.595820769637889214e+01
7.935971613618738729e+01
8.291354859754659401e+01
8.662652635047574279e+01
9.050577613043711267e+01
9.455874381747989332e+01
9.879320872795436514e+01
1.032172985462284771e+02
1.078395049250656115e+02
1.126686997846075542e+02
1.177141523412490756e+02
1.229855468990851364e+02
1.284930014380846899e+02
1.342470870346675156e+02
