4.869584867146155016e-01
5.081914009228204465e-01
5.303501366498465375e-01
5.534750626117498351e-01
5.776083077269610344e-01
6.027938378666186647e-01
6.290775359514565457e-01
6.565072855411669961e-01
6.851330580685208727e-01
7.150070038771695335e-01
7.461835472289787274e-01
7.787194854539801758e-01
8.126740924235716923e-01
8.481092265354721604e-01
8.850894434071586714e-01
9.236821134830901503e-01
9.639575447699748612e-01
1.005989110923678487e+00
1.049853384921122901e+00
1.095630278560698612e+00
1.143403188045331254e+00
1.193259145913424968e+00
1.245288979594471712e+00
1.299587476878180325e+00
1.356253558598578657e+00
1.415390458847681332e+00
1.477105913047039421e+00
1.541512354219797265e+00
1.608727117820824670e+00
1.678872655498086175e+00
1.752076758174673010e+00
1.828472788857910425e+00
1.908199925599671776e+00
1.991403415050520653e+00
2.078234837069610208e+00
2.168852380872399621e+00
2.263421133219277070e+00
2.362113379170107219e+00
2.465108915952619828e+00
2.572595380516441654e+00
2.684768591369510737e+00
2.801832905319624700e+00
2.924001589771040965e+00
3.051497211254374342e+00
3.184552040897609348e+00
3.323408477576923037e+00
3.468319489518208787e+00
3.619549075153798867e+00
3.777372744073996369e+00
3.942078018949592089e+00
4.113964959339772243e+00
4.293346708339693230e+00
4.480550063063604149e+00
4.675916070002818614e+00
4.879800646343146475e+00
5.092575228373728891e+00
5.314627448168512736e+00
5.546361839773163105e+00
5.788200576183937685e+00
6.040584238461134348e+00
6.303972618378304915e+00
6.578845556069487621e+00
6.865703814200470489e+00
7.165069990256661470e+00
7.477489468609572754e+00
7.803531414096376295e+00
8.143789808922639040e+00
8.498884534777259248e+00
8.869462502131018056e+00
9.256198828776060594e+00
9.659798069753392724e+00
1.008099550090907748e+01
1.052055845841750426e+01
1.097928773671202052e+01
1.145801904736976873e+01
1.195762454160845856e+01
1.247901439916872590e+01
1.302313848647678185e+01
1.359098808710811568e+01
1.418359770770483408e+01
1.480204696263667685e+01
1.544746254083909243e+01
1.612102025841167574e+01
1.682394720071629024e+01
1.755752395787737541e+01
1.832308695775705942e+01
1.912203090065529310e+01
1.995581130017055926e+01
2.082594713484998294e+01
2.173402361545977612e+01
2.268169507291731080e+01
2.367068797214603038e+01
2.470280405734389007e+01
2.577992363439537371e+01
2.690400899640692600e+01
2.807710799860641160e+01
2.930135778911944300e+01
3.057898870241925593e+01
3.191232832254307183e+01
3.330380572347751666e+01
