0.000000000000000000e+00
7.293946024799416580e-04
4.862630683199610873e-04
1.215657670799902799e-03
1.701920739119863833e-03
4.133236080719668998e-03
4.862630683199611198e-03
1.045465596887916286e-02
1.483102358375881433e-02
1.774860199367857966e-02
2.090931193775832572e-02
2.966204716751762865e-02
3.428154631655725565e-02
3.865791393143690885e-02
4.984196450279601565e-02
5.373206904935570044e-02
6.224167274495501917e-02
6.515925115487478103e-02
8.144906394359348323e-02
8.096280087527352176e-02
9.287624604911257076e-02
9.263311451495258309e-02
1.205932409433503466e-01
1.288597131047896915e-01
1.291028446389496653e-01
1.363967906637491012e-01
1.558473133965475321e-01
1.760272307318259122e-01
1.711646000486262975e-01
1.913445173839047053e-01
1.991247264770240610e-01
2.229516168247021590e-01
2.596644784828592289e-01
2.484804279115001291e-01
2.652565037685387650e-01
2.878677364454169663e-01
3.102358375881351660e-01
3.352783856066131607e-01
3.581327498176513635e-01
3.797714563578896141e-01
4.023826890347678154e-01
4.150255288110867857e-01
4.444444444444444198e-01
4.762946754194019028e-01
5.100899586676391761e-01
5.555555555555555802e-01
5.553124240213955787e-01
6.019936785801118795e-01
6.078288353999513616e-01
6.603452467785071445e-01
6.819839533187453950e-01
7.077558959397033389e-01
7.118891320204230322e-01
7.512764405543399526e-01
8.137612448334549109e-01
7.986870897155361471e-01
8.713834184293702823e-01
8.645757354728907940e-01
8.879163627522489444e-01
9.051787016776076111e-01
9.226841721371261684e-01
9.516168247021639104e-01
9.523462193046438040e-01
9.710673474349623691e-01
9.948942377826404115e-01
9.603695599319231890e-01
1.000000000000000000e+00
9.645027960126428823e-01
9.905178701677607167e-01
9.589107707269632908e-01
9.579382445903233956e-01
9.460247994164843188e-01
8.747872599076099709e-01
8.392900559202528532e-01
7.775346462436177886e-01
7.028932652565037520e-01
6.058837831266715712e-01
5.200583515681983515e-01
4.607342572331631358e-01
3.773401410162898206e-01
3.131534159980549625e-01
2.664721614393386617e-01
1.872112813031850120e-01
1.470945781667882257e-01
1.140286895210308737e-01
8.971553610503282816e-02
6.345733041575492284e-02
4.522246535375638171e-02
2.820325796255774425e-02
1.847799659615852186e-02
1.167031363967906653e-02
7.537077558959396663e-03
4.619499149039630465e-03
2.674446875759785899e-03
9.725261366399221745e-04
7.293946024799416580e-04
7.293946024799416580e-04
0.000000000000000000e+00
2.431315341599805436e-04
0.000000000000000000e+00
