4.759751997870185214e-01
4.968941291075187894e-01
5.187324374295130269e-01
5.415305311110627517e-01
5.653305923543255895e-01
5.901766572532287647e-01
6.161146972713089642e-01
6.431927043004714850e-01
6.714607794580501610e-01
7.009712257864642027e-01
7.317786450269895271e-01
7.639400386467009030e-01
7.975149133055094985e-01
8.325653909584376233e-01
8.691563237968447098e-01
9.073554142412790791e-01
9.472333402079676778e-01
9.888638858807220489e-01
1.032324078230218989e+00
1.077694329533252393e+00
1.125058586155651463e+00
1.174504483874152516e+00
1.226123510024607288e+00
1.280011172776543749e+00
1.336267177847279886e+00
1.394995612982555144e+00
1.456305140545015808e+00
1.520309198566891951e+00
1.587126210638861279e+00
1.656879805023451002e+00
1.729699043398389424e+00
1.805718659653140712e+00
1.885079309180458296e+00
1.967927829124204608e+00
2.054417510064966645e+00
2.144708379646149687e+00
2.238967498665329625e+00
2.337369270178708991e+00
2.440095762190596318e+00
2.547337044524965233e+00
2.659291540502390028e+00
2.776166394073050991e+00
2.898177853085092792e+00
3.025551669397485544e+00
3.158523516577692369e+00
3.297339425956987480e+00
3.442256241850247811e+00
3.593542096782472939e+00
3.751476907601338340e+00
3.916352893393700629e+00
4.088475116164337564e+00
4.268162045277316352e+00
4.455746146704344213e+00
4.651574498170360172e+00
4.856009431334541659e+00
5.069429202194924322e+00
5.292228690957044179e+00
5.524820132661552030e+00
5.767633879922625439e+00
6.021119199188444071e+00
6.285745101997015638e+00
6.562001212765379066e+00
6.850398674717806280e+00
7.151471095629218233e+00
7.465775535133648333e+00
7.793893535424554209e+00
8.136432197254004350e+00
8.494025303221624412e+00
8.867334490431677096e+00
9.257050474687950725e+00
9.663894328491574370e+00
1.008861881520633652e+01
1.053200978186007575e+01
1.099488761315912200e+01
1.147810874940621950e+01
1.198256727113021292e+01
1.250919655335978753e+01
1.305897099260172034e+01
1.363290780971937721e+01
1.423206893204680590e+01
1.485756295822127271e+01
1.551054720936919651e+01
1.619222987044117446e+01
1.690387222565761149e+01
1.764679099220160552e+01
1.842236075647647553e+01
1.923201651743615415e+01
2.007725634169371176e+01
2.095964413532118087e+01
2.188081253746862131e+01
2.284246594115696993e+01
2.384638364683324596e+01
2.489442315452368248e+01
2.598852360067533596e+01
2.713070934604600026e+01
2.832309372128009173e+01
2.956788293710157234e+01
3.086738016635811732e+01
3.222398980546952885e+01
3.364022192316553372e+01
