1.290504655072479689e+00
1.349764075521835194e+00
1.411744663150394929e+00
1.476571372788311409e+00
1.544374897137962055e+00
1.615291930254583175e+00
1.689465443125818256e+00
1.767044971905764150e+00
1.848186919384599447e+00
1.933054870301568196e+00
2.021819921137003817e+00
2.114661025048257592e+00
2.211765352644938343e+00
2.313328669330799059e+00
2.419555729972996172e+00
2.530660691694396558e+00
2.646867545621128581e+00
2.768410568455793808e+00
2.895534794786730703e+00
3.028496511085512655e+00
3.167563772388605869e+00
3.313016942704819279e+00
3.465149260238038487e+00
3.624267428564742932e+00
3.790692234958145779e+00
3.964759197105504285e+00
4.146819239522421263e+00
4.337239401027793484e+00
4.536403574705711428e+00
4.744713281846091313e+00
4.962588481424326403e+00
5.190468416751904179e+00
5.428812501004840030e+00
5.678101243415222932e+00
5.938837217993054196e+00
6.211546076731393917e+00
6.496777609337448744e+00
6.795106851626050215e+00
7.107135244810102392e+00
7.433491848025129300e+00
7.774834606532448511e+00
8.131851678157682173e+00
8.505262820638742838e+00
8.895820842680279839e+00
9.304313121639880890e+00
9.731563190905802685e+00
1.017843240016640394e+01
1.064582165191840701e+01
1.113467321771492990e+01
1.164597263781480230e+01
1.218075070806298399e+01
1.274008555800767972e+01
1.332510482444367383e+01
1.393698792476390658e+01
1.457696843470231407e+01
1.524633657526162978e+01
1.594644181383985071e+01
1.667869558479927861e+01
1.744457413496298770e+01
1.824562149977521130e+01
1.908345261612577914e+01
1.995975657811407089e+01
2.087630004231632341e+01
2.183493078942125010e+01
2.283758144941458212e+01
2.388627339782235381e+01
2.498312083086809210e+01
2.613033502775939354e+01
2.733022880869701154e+01
2.858522119759366120e+01
2.989784229890297240e+01
3.127073839839027514e+01
3.270667729812865332e+01
3.420855389647562816e+01
3.577939602428014609e+01
3.742237054908549965e+01
3.914078975963481355e+01
4.093811804355003403e+01
4.281797887164741212e+01
4.478416210296946787e+01
4.684063162526104662e+01
4.899153334629266965e+01
5.124120355214213873e+01
5.359417764928465999e+01
5.605519930811628626e+01
5.862923002634373404e+01
6.132145913152118055e+01
6.413731424289905192e+01
6.708247221367670932e+01
7.016287057571841501e+01
7.338471950980590464e+01
7.675451436555972862e+01
8.027904875627014292e+01
8.396542825503679808e+01
8.782108471982959941e+01
9.185379127635000884e+01
9.607167798889878441e+01
1.004832482508437010e+02
1.050973959277300480e+02
1.099234232875956678e+02
