0.000000000000000000e+00
2.443792766373411533e-04
1.221896383186705766e-03
1.466275659824046920e-03
2.443792766373411533e-03
2.688172043010752903e-03
5.131964809384164002e-03
1.197458455522971629e-02
1.808406647116324664e-02
2.077223851417399694e-02
2.517106549364613727e-02
3.372434017595307698e-02
3.567937438905181141e-02
3.665689149560117516e-02
5.449657869012707739e-02
5.620723362658846395e-02
6.451612903225806273e-02
6.500488758553274460e-02
7.380254154447703219e-02
9.139784946236559349e-02
9.213098729227761630e-02
1.055718475073313817e-01
1.097262952101661776e-01
1.302541544477028301e-01
1.390518084066471038e-01
1.439393939393939503e-01
1.476050830889540644e-01
1.713098729227761352e-01
1.852394916911045963e-01
1.930596285434995063e-01
2.265395894428152423e-01
2.324046920821114248e-01
2.331378299120234476e-01
2.500000000000000000e-01
2.947214076246334469e-01
2.971652003910068562e-01
3.264907135874877686e-01
3.357771260997067242e-01
3.607038123167155552e-01
3.695014662756598289e-01
4.039589442815249010e-01
4.415933528836754607e-01
4.379276637341153466e-01
4.716520039100684514e-01
5.332355816226783674e-01
5.476539589442814826e-01
5.535190615835776651e-01
6.043499511241446909e-01
6.258553274682306933e-01
6.610459433040077881e-01
7.025904203323558583e-01
7.043010752688172449e-01
7.292277614858260204e-01
7.583088954056695918e-01
7.837243401759530492e-01
8.274682306940371879e-01
8.382209188660801891e-01
8.697458455522971699e-01
8.797653958944281483e-01
9.039589442815249010e-01
9.237536656891495168e-01
9.516129032258064946e-01
9.560117302052786314e-01
9.750733137829912245e-01
1.000000000000000000e+00
9.626099706744868367e-01
9.943792766373411585e-01
9.826490713587487935e-01
9.814271749755620888e-01
9.714076246334311104e-01
9.714076246334311104e-01
9.393939393939394478e-01
8.819648093841642167e-01
8.272238514173998469e-01
7.937438905180840276e-01
7.094330400782014046e-01
6.043499511241446909e-01
5.251710654936461165e-01
4.662756598240468953e-01
3.824535679374388986e-01
2.988758553274682428e-01
2.456011730205278631e-01
1.937927663734115291e-01
1.363636363636363535e-01
1.133919843597262916e-01
8.602150537634409289e-02
6.549364613880742647e-02
3.836754643206256171e-02
2.810361681329423197e-02
1.857282502443792851e-02
1.099706744868035255e-02
6.598240469208211355e-03
5.620723362658846742e-03
1.466275659824046920e-03
1.221896383186705766e-03
4.887585532746823065e-04
2.443792766373411533e-04
2.443792766373411533e-04
2.443792766373411533e-04
0.000000000000000000e+00
