4.833230649707935256e-01
5.041167616464337087e-01
5.258050521305954739e-01
5.484264239560502352e-01
5.720210204798831244e-01
5.966307121209547537e-01
6.222991706621667785e-01
6.490719467493859529e-01
6.769965507245543357e-01
7.061225369364304560e-01
7.365015916785767613e-01
7.681876249106468491e-01
8.012368659257382841e-01
8.357079631335803116e-01
8.716620881366294871e-01
9.091630442837635995e-01
9.482773798942121246e-01
9.890745063526453773e-01
1.031626821284994611e+00
1.076009837033583549e+00
1.122302314659565203e+00
1.170586403710457413e+00
1.220947788000806833e+00
1.273475837664682864e+00
1.328263767749824575e+00
1.385408803634883723e+00
1.445012353563307261e+00
1.507180188600031778e+00
1.572022630330341064e+00
1.639654746633969928e+00
1.710196555881870584e+00
1.783773239918005071e+00
1.860515366204116061e+00
1.940559119521690246e+00
2.024046543642282980e+00
2.111125793395072670e+00
2.201951397578953529e+00
2.296684533185725297e+00
2.395493311421011740e+00
2.498553076030472830e+00
2.606046714460712010e+00
2.718164982407058172e+00
2.835106842324160770e+00
2.957079816500104652e+00
3.084300355320606979e+00
3.216994221376805463e+00
3.355396890098271356e+00
3.499753967622197148e+00
3.650321626640294248e+00
3.807367060996866392e+00
3.971168959844744606e+00
4.142018002200542170e+00
4.320217372776832931e+00
4.506083300006648251e+00
4.699945617215052884e+00
4.902148347933644956e+00
5.113050316396670070e+00
5.333025784302102501e+00
5.562465114967703350e+00
5.801775466060626663e+00
6.051381512129887064e+00
6.311726198223876594e+00
6.583271525930282309e+00
6.866499373233296843e+00
7.161912349643008824e+00
7.470034688114475685e+00
7.791413175339266139e+00
8.126618122060321525e+00
8.476244375132052866e+00
8.840912373121652124e+00
9.221269247324862306e+00
9.617989970150015111e+00
1.003177855290828546e+01
1.046336929513569203e+01
1.091352808766384364e+01
1.138305377175192845e+01
1.187277955669168428e+01
1.238357449840113311e+01
1.291634504163085850e+01
1.347203662851966222e+01
1.405163537635405824e+01
1.465616982750891317e+01
1.528671277467470802e+01
1.594438316461032557e+01
1.663034808379978102e+01
1.734582482953659266e+01
1.809208307011107664e+01
1.887044709793398312e+01
1.968229817959478467e+01
2.052907700702510851e+01
2.141228625411687148e+01
2.233349324333223151e+01
2.329433272703735724e+01
2.429650978849566201e+01
2.534180286766876122e+01
2.643206691719434076e+01
2.756923669414171840e+01
2.875533019338648089e+01
2.999245222869693350e+01
3.128279816788741030e+01
