1.320679223752502462e+00
1.382439568819635367e+00
1.447088079426295248e+00
1.514759817968501121e+00
1.585596162910574591e+00
1.659745104150246009e+00
1.737361552196235337e+00
1.818607661804239273e+00
1.903653170747453993e+00
1.992675754429392487e+00
2.085861397079838309e+00
2.183404780309439630e+00
2.285509689834698488e+00
2.392389441223079061e+00
2.504267325547693268e+00
2.621377075882612928e+00
2.743963355613414645e+00
2.872282269583102732e+00
3.006601899141313261e+00
3.147202862214586450e+00
3.294378899567822483e+00
3.448437488481703284e+00
3.609700485128177760e+00
3.778504796986037029e+00
3.955203086701395865e+00
4.140164508863545478e+00
4.333775481235461413e+00
4.536440492050187068e+00
4.748582945059682814e+00
4.970646044101625805e+00
5.203093719032133357e+00
5.446411594958890490e+00
5.701108006799568528e+00
5.967715061285131739e+00
6.246789748626746075e+00
6.538915106168767366e+00
6.844701436458878518e+00
7.164787582280175648e+00
7.499842261308926616e+00
7.850565463186378601e+00
8.217689911923347523e+00
8.601982596692797856e+00
9.004246374208523918e+00
9.425321646037604140e+00
9.866088114350795024e+00
1.032746661977902747e+01
1.081042106521548796e+01
1.131596042958261883e+01
1.184514087577097996e+01
1.239906795715399568e+01
1.297889892728831818e+01
1.358584515762516176e+01
1.422117466828369814e+01
1.488621477717372699e+01
1.558235487300217592e+01
1.631104931795657720e+01
1.707382048612996073e+01
1.787226194403487156e+01
1.870804177985111139e+01
1.958290608836276192e+01
2.049868261886507170e+01
2.145728459366225138e+01
2.246071470513388491e+01
2.351106929972047155e+01
2.461054275756912091e+01
2.576143207698930127e+01
2.696614167329662948e+01
2.822718840206996660e+01
2.954720681731651410e+01
3.092895467553024957e+01
3.237531869714254640e+01
3.388932059740159275e+01
3.547412339928047942e+01
3.713303804160259602e+01
3.886953029618972266e+01
4.068722800848440357e+01
4.258992867677328320e+01
4.458160738584567184e+01
4.666642511166251950e+01
4.884873741438553907e+01
5.113310353792777363e+01
5.352429593503604366e+01
5.602731023780562225e+01
5.864737569445632914e+01
6.138996609417493033e+01
6.426081120284783310e+01
6.726590873357535827e+01
7.041153687697563157e+01
7.370426741745704646e+01
7.715097946286093133e+01
8.075887381615814320e+01
8.453548801922494249e+01
8.848871210012731581e+01
9.262680505681203158e+01
9.695841211164277240e+01
1.014925827728286265e+02
1.062387897404784951e+02
1.112069486967793779e+02
1.164074390216451604e+02
1.218511254771120349e+02
