0.000000000000000000e+00
7.818608287724784865e-04
0.000000000000000000e+00
0.000000000000000000e+00
2.345582486317435676e-03
7.818608287724784865e-04
7.818608287724784865e-04
3.909304143862392215e-03
6.254886630179827892e-03
3.909304143862392215e-03
8.600469116497262700e-03
4.691164972634871352e-03
8.600469116497262700e-03
8.600469116497262700e-03
8.600469116497262700e-03
1.250977326035965578e-02
2.032838154808444195e-02
2.658326817826426811e-02
2.580140734949179157e-02
3.283815480844409773e-02
3.987490226739640042e-02
4.769351055512118659e-02
4.691164972634871005e-02
6.254886630179827545e-02
9.304143862392494357e-02
9.695074276778734013e-02
9.616888193901484971e-02
1.336982017200938344e-01
1.321344800625488536e-01
1.555903049257232329e-01
1.649726348709929513e-01
2.040656763096168891e-01
2.455043002345582426e-01
2.689601250977325941e-01
3.166536356528538154e-01
3.283815480844409773e-01
3.502736512900703758e-01
3.831118060985144735e-01
4.323690383111806201e-01
5.175918686473807151e-01
5.418295543393275571e-01
5.566849100860047361e-01
6.317435496481625945e-01
6.872556684910086089e-01
7.052384675527756386e-01
7.630961688819389854e-01
8.397185301016418801e-01
8.749022673964034214e-01
8.850664581704457134e-01
9.155590304925723677e-01
9.186864738076622183e-01
9.554339327599686849e-01
9.726348709929633074e-01
9.687255668491008276e-01
1.000000000000000000e+00
9.038311180609851503e-01
9.374511336982017662e-01
8.866301798279906388e-01
8.342455043002345860e-01
8.647380766223612403e-01
8.428459734167318418e-01
7.122752150117278580e-01
7.107114933541829327e-01
6.864738076622360907e-01
6.458170445660672554e-01
5.895230648944488339e-01
5.426114151681000752e-01
5.082095387021110522e-01
4.394057857701328951e-01
4.042220484753714094e-01
3.635652853792025185e-01
3.354182955433932523e-01
2.634870992963252445e-01
2.322126661454261276e-01
2.017200938232994456e-01
1.665363565285379321e-01
1.462079749804534867e-01
1.352619233776387875e-01
1.172791243158717717e-01
9.616888193901484971e-02
7.114933541829554509e-02
5.942142298670836931e-02
5.003909304143862313e-02
3.987490226739640042e-02
3.127443315089913772e-02
2.345582486317435503e-02
1.720093823299452540e-02
1.329163408913213405e-02
1.016419077404222097e-02
7.036747458952306161e-03
7.036747458952306161e-03
4.691164972634871352e-03
4.691164972634871352e-03
1.563721657544956973e-03
7.818608287724784865e-04
1.563721657544956973e-03
0.000000000000000000e+00
0.000000000000000000e+00
7.818608287724784865e-04
0.000000000000000000e+00
