0.000000000000000000e+00
8.123476848090982558e-04
8.123476848090982558e-04
0.000000000000000000e+00
8.123476848090982558e-04
4.061738424045491062e-03
3.249390739236393023e-03
6.498781478472786047e-03
1.624695369618196512e-03
3.249390739236393023e-03
3.249390739236393023e-03
9.748172217709179938e-03
8.935824532900081899e-03
1.056051990251827798e-02
1.543460601137286795e-02
1.705930138099106402e-02
2.761982128350934027e-02
2.030869212022745618e-02
3.005686433793663612e-02
3.330625507717303174e-02
3.980503655564581605e-02
5.605199025182778377e-02
6.336311941510966439e-02
6.823720552396425609e-02
8.285946385052803120e-02
8.204711616571892796e-02
1.210398050365556477e-01
1.064175467099918726e-01
1.194151096669374551e-01
1.299756295694557140e-01
1.486596263200649914e-01
1.714053614947197435e-01
1.909017059301381103e-01
2.420796100731112954e-01
2.843216896831843865e-01
2.729488220958570244e-01
3.225020308692120308e-01
3.330625507717303035e-01
3.980503655564581744e-01
4.134849715678310389e-01
4.744110479285134074e-01
5.004061738424046002e-01
5.572705117790414109e-01
5.678310316815596837e-01
6.246953696181966054e-01
6.969943135662063360e-01
6.904955320877335101e-01
7.993501218521527063e-01
7.497969130787976999e-01
8.196588139723801625e-01
8.708367181153533476e-01
8.846466287571080889e-01
9.203899268887083540e-01
9.431356620633630783e-01
9.748172217709180076e-01
1.000000000000000000e+00
8.968318440292445404e-01
9.244516653127539119e-01
8.903330625507717144e-01
8.732737611697806157e-01
8.675873273761169902e-01
8.594638505280259855e-01
8.090982940698618897e-01
7.627944760357433518e-01
7.416734362307066952e-01
7.156783103168156135e-01
6.571892770105605130e-01
6.100731112916327747e-01
5.369618196588139547e-01
4.930950446791226849e-01
5.093419983753045832e-01
4.557270511779041300e-01
4.004874086108854425e-01
4.029244516653127661e-01
3.095044679122664344e-01
2.599512591389114280e-01
2.315190901705930226e-01
2.193338748984565434e-01
1.974004874086108807e-01
1.795288383428107204e-01
1.592201462225832642e-01
1.275385865150284459e-01
1.104792851340373611e-01
9.504467912266449658e-02
9.098294069861900812e-02
5.523964256701868053e-02
4.549147034930950406e-02
5.117790414297319207e-02
3.411860276198212805e-02
2.599512591389114419e-02
2.518277822908204788e-02
1.543460601137286795e-02
1.462225832656376991e-02
1.949634443541835988e-02
9.748172217709179938e-03
6.498781478472786047e-03
3.249390739236393023e-03
2.437043054427294984e-03
1.624695369618196512e-03
0.000000000000000000e+00
