0.000000000000000000e+00
2.307869836141241738e-04
2.307869836141241738e-04
1.615508885298869244e-03
3.461804754211862418e-03
6.000461573967228249e-03
7.154396492037849199e-03
1.223171013154858086e-02
1.523194091853219412e-02
1.961689360720055356e-02
2.446342026309716172e-02
3.092545580429263696e-02
3.692591737825986348e-02
4.800369259173782599e-02
5.515808908377567432e-02
5.515808908377567432e-02
5.746595891991691796e-02
6.808216016616662480e-02
8.216016616662820404e-02
8.908377567505192107e-02
1.024694207246711342e-01
1.052388645280406126e-01
1.142395568889914559e-01
1.241633971843987966e-01
1.382414031848603619e-01
1.467805215785829565e-01
1.502423263327948288e-01
1.887837525963535767e-01
1.825525040387722120e-01
2.044772674821140057e-01
2.065543503346411180e-01
2.234018001384721896e-01
2.289406877452111744e-01
2.582506346642049477e-01
2.840987768289868209e-01
3.018693745672744178e-01
3.136395107315947395e-01
3.544888068312946894e-01
3.674128779136856537e-01
3.639510731594737813e-01
4.027232864066466744e-01
4.244172628663743230e-01
4.544195707362104764e-01
4.795753519501499973e-01
5.222709439187629421e-01
5.305792753288715025e-01
5.536579736902839111e-01
5.984306485114239127e-01
6.487422109393030656e-01
6.651280867759058468e-01
7.009000692360950469e-01
7.073621047772905568e-01
7.519039926148165520e-01
7.821370874682668228e-01
8.063697207477498186e-01
8.649896145857373098e-01
8.751442418647588095e-01
9.067620586198937849e-01
9.039926148165243758e-01
9.219939995384259790e-01
9.593814908839141120e-01
9.817678282944841683e-01
9.866143549503807453e-01
9.923840295407339029e-01
9.674590353104084439e-01
9.974613431802445973e-01
1.000000000000000000e+00
9.492268636048927233e-01
9.148396030463882278e-01
9.252250173090237340e-01
8.610662358642972025e-01
7.948303715670436143e-01
7.371336256635125928e-01
6.725132702515578265e-01
5.889683821832448762e-01
5.005769674590353491e-01
4.096468959150703637e-01
3.438726055850450103e-01
2.859450726978998159e-01
2.284791137779829118e-01
1.682437110546965153e-01
1.435495038079852292e-01
1.126240480036925923e-01
8.123701823217170659e-02
5.515808908377567432e-02
4.477267482114008490e-02
3.184860373874913442e-02
1.869374567274405610e-02
9.693053311793214596e-03
7.846757442880221423e-03
6.231248557581352612e-03
2.769443803369489761e-03
1.384721901684744880e-03
2.307869836141241738e-04
6.923609508423724402e-04
2.307869836141241738e-04
2.307869836141241738e-04
0.000000000000000000e+00
2.307869836141241738e-04
0.000000000000000000e+00
