0.000000000000000000e+00
2.367797947908445357e-03
3.946329913180742117e-03
7.892659826361483801e-04
3.157063930544593520e-03
2.367797947908445357e-03
4.735595895816890714e-03
3.946329913180742117e-03
7.103393843725335638e-03
8.681925808997632832e-03
1.026045777426992829e-02
7.103393843725335638e-03
1.578531965272296847e-02
1.341752170481452268e-02
2.999210734017363975e-02
3.393843725335438100e-02
2.288871349644830411e-02
4.183109707971586350e-02
4.498816101026045788e-02
4.893449092344120260e-02
5.524861878453038444e-02
8.050513022888713954e-02
7.576953433307025143e-02
9.155485398579321643e-02
1.199684293606945590e-01
1.302288871349644717e-01
1.144435674822415205e-01
1.491712707182320519e-01
1.894238358326756078e-01
2.138910812943962125e-01
2.549329123914759188e-01
2.596685082872928207e-01
2.967640094711918031e-01
3.149171270718231774e-01
3.188634569850039568e-01
3.741120757695343135e-01
4.601420678768745054e-01
4.925019731649565857e-01
5.122336227308602608e-01
5.516969218626677218e-01
6.195737963693764838e-01
6.408839779005525150e-01
6.779794790844514418e-01
7.442778216258879587e-01
8.011049723756905605e-01
7.829518547750592417e-01
8.011049723756905605e-01
8.823993685872139059e-01
9.021310181531175809e-01
9.439621152328334652e-01
9.518547750591949130e-01
1.000000000000000000e+00
9.337016574585634832e-01
9.116022099447513849e-01
9.092344119968429617e-01
9.352801894238358393e-01
8.618784530386740528e-01
8.445146014206788010e-01
8.476716653512234023e-01
7.419100236779794244e-01
7.174427782162589029e-01
7.324388318863457314e-01
6.700868192580899940e-01
5.895816890292028267e-01
5.343330702446724700e-01
5.043409629044988129e-01
4.751381215469613339e-01
4.356748224151539284e-01
3.922651933701657434e-01
3.851617995264404182e-01
3.117600631412786316e-01
2.659826361483820234e-01
2.612470402525651214e-01
2.044198895027624363e-01
2.036306235201262860e-01
1.594317284925019784e-01
1.373322809786898246e-01
1.318074191002367723e-01
1.160220994475138073e-01
7.971586424625098921e-02
7.024467245461719911e-02
3.630623520126282505e-02
4.656669297553275161e-02
4.814522494080505227e-02
2.604577742699289503e-02
2.367797947908445097e-02
1.499605367008681987e-02
2.131018153117600691e-02
1.341752170481452268e-02
8.681925808997632832e-03
5.524861878453038444e-03
3.946329913180742117e-03
2.367797947908445357e-03
7.892659826361483801e-04
1.578531965272296760e-03
0.000000000000000000e+00
0.000000000000000000e+00
0.000000000000000000e+00
7.892659826361483801e-04
0.000000000000000000e+00
