0.000000000000000000e+00
1.555209953343701396e-03
0.000000000000000000e+00
7.776049766718506982e-04
7.776049766718506982e-04
3.888024883359253708e-03
5.443234836702955104e-03
3.110419906687402793e-03
4.665629860031104623e-03
5.443234836702955104e-03
4.665629860031104623e-03
6.998444790046656067e-03
7.776049766718507415e-03
1.166407465007776069e-02
1.944012441679626724e-02
1.632970451010886531e-02
2.099533437013996820e-02
2.255054432348366916e-02
3.576982892690513255e-02
3.888024883359253447e-02
5.054432348367029343e-02
5.754276827371695296e-02
6.220839813374805932e-02
7.620528771384137146e-02
8.786936236391912347e-02
1.080870917573872464e-01
1.041990668740279957e-01
1.244167962674961186e-01
1.485225505443234784e-01
1.477449455676516366e-01
1.804043545878693533e-01
2.045101088646967269e-01
2.573872472783825804e-01
2.682737169517884768e-01
3.141524105754276985e-01
3.297045101088647012e-01
3.367029548989113330e-01
4.261275272161741956e-01
4.440124416796267237e-01
4.968895800933125773e-01
4.945567651632970518e-01
5.466562986003110636e-01
6.329704510108864479e-01
6.944012441679626724e-01
6.897356143079316215e-01
7.496111975116640513e-01
7.783825816485225868e-01
8.195956454121305912e-01
8.405909797822705976e-01
8.608087091757387066e-01
9.261275272161741956e-01
9.121306376360808210e-01
9.572317262830482010e-01
1.000000000000000000e+00
9.027993779160186083e-01
9.432348367029549374e-01
8.779160186625194484e-01
8.623639191290823902e-01
8.678071539657853384e-01
8.203732503888024885e-01
7.978227060653187985e-01
7.760497667185070059e-01
7.410575427682737359e-01
6.632970451010886670e-01
6.205287713841368680e-01
5.583203732503888572e-01
5.202177293934681090e-01
4.813374805598755746e-01
4.790046656298600491e-01
3.888024883359253447e-01
3.981337480559875575e-01
3.483670295489891267e-01
2.589424572317262641e-01
2.402799377916018664e-01
2.107309486780715446e-01
1.936236391912908306e-01
1.804043545878693533e-01
1.430793157076205302e-01
1.283048211508553693e-01
1.135303265940902084e-01
8.398133748055987280e-02
7.387247278382581828e-02
4.665629860031104276e-02
5.287713841368584661e-02
4.821150855365474025e-02
2.721617418351477552e-02
2.410575427682737013e-02
2.099533437013996820e-02
1.555209953343701483e-02
1.866251944012441849e-02
1.088646967340591021e-02
7.776049766718507415e-03
6.220839813374805585e-03
4.665629860031104623e-03
0.000000000000000000e+00
7.776049766718506982e-04
1.555209953343701396e-03
0.000000000000000000e+00
7.776049766718506982e-04
0.000000000000000000e+00
