1.627162094747791832e+00
1.697228894228427931e+00
1.770312821753839749e+00
1.846543797082115912e+00
1.926057334411916733e+00
2.008994783283207575e+00
2.095503579851361931e+00
2.185737508981304256e+00
2.279856977627625625e+00
2.378029299986649026e+00
2.480428994927347475e+00
2.587238096229862450e+00
2.698646476183120591e+00
2.814852183116796080e+00
2.936061793467659164e+00
3.062490779006154629e+00
3.194363889876021378e+00
3.331915554127898194e+00
3.475390294457119555e+00
3.625043162886566694e+00
3.781140194167272206e+00
3.943958878702788606e+00
4.113788655838037656e+00
4.290931428389531455e+00
4.475702099331646977e+00
4.668429131593015313e+00
4.869455131958139837e+00
5.079137460112267632e+00
5.297848863912166806e+00
5.525978142012136551e+00
5.763930835023188592e+00
6.012129946434042971e+00
6.271016694575513917e+00
6.541051296965048500e+00
6.822713788425706305e+00
7.116504874433946526e+00
7.422946821213206370e+00
7.742584384155565935e+00
8.075985776221928703e+00
8.423743678042225014e+00
8.786476291511286618e+00
9.164828438753328754e+00
9.559472708408645047e+00
9.971110651280278958e+00
1.040047402746609606e+01
1.084832610719326951e+01
1.131546302766772882e+01
1.180271520835047028e+01
1.231094882717670025e+01
1.284106736034216922e+01
1.339401318839374255e+01
1.397076927147938896e+01
1.457236089673581958e+01
1.519985750091975163e+01
1.585437457152312746e+01
1.653707562975174383e+01
1.724917429889234199e+01
1.799193646174517980e+01
1.876668251095723505e+01
1.957478969625631038e+01
2.041769457275897182e+01
2.129689555470425333e+01
2.221395557915300856e+01
2.317050488438833611e+01
2.416824390795574473e+01
2.520894630949509363e+01
2.629446212373809288e+01
2.742672104927601495e+01
2.860773587894410852e+01
2.983960607792121067e+01
3.112452151590464666e+01
3.246476635999538729e+01
3.386272313521394750e+01
3.532087695986477627e+01
3.684181996327872355e+01
3.842825589378684015e+01
4.008300492511668267e+01
4.180900866975577657e+01
4.360933540819421950e+01
4.548718554334216435e+01
4.744589728981867438e+01
4.948895260822557418e+01
5.161998339495534793e+01
5.384277793853686944e+01
5.616128765399618317e+01
5.857963410720360997e+01
6.110211634169458250e+01
6.373321852098890616e+01
6.647761789999353255e+01
6.934019313966018672e+01
7.232603297967825995e+01
7.544044528461976995e+01
7.868896647961885549e+01
8.207737139235781854e+01
8.561168351885640959e+01
8.929818573131429105e+01
9.314343144704029953e+01
9.715425627832401290e+01
1.013377901839603368e+02
1.057014701440265156e+02
