0.000000000000000000e+00
2.352387673488590960e-04
2.352387673488590960e-04
2.117148906139731945e-03
3.293342742884027181e-03
6.351446718419195836e-03
8.939073159256644835e-03
1.176193836744295410e-02
1.764290755116443288e-02
1.952481768995530456e-02
2.587626440837450040e-02
3.081627852270054160e-02
4.587155963302752548e-02
4.187250058809691838e-02
4.775346977181839370e-02
5.528111032698188737e-02
6.304398964949423090e-02
7.621736062103035003e-02
8.327452364149612318e-02
8.586215008233356871e-02
9.903552105386967397e-02
1.070336391437308882e-01
1.197365325805692798e-01
1.249117854622441848e-01
1.369089625970359991e-01
1.510232886379675454e-01
1.663138085156433688e-01
1.707833450952717103e-01
1.846624323688543790e-01
1.917195953893201521e-01
2.225358739120207041e-01
2.364149611856034006e-01
2.517054810632792239e-01
2.707598212185368114e-01
2.844036697247706580e-01
3.185132909903551912e-01
3.347447659374264695e-01
3.469771818395671614e-01
3.556810162314749668e-01
3.888496824276641006e-01
4.156669019054340386e-01
4.377793460362267575e-01
4.460127028934368631e-01
5.123500352858151308e-01
5.107033639143730985e-01
5.295224653022818639e-01
5.871559633027523262e-01
5.975064690661020528e-01
6.271465537520583000e-01
6.706657257115972159e-01
7.132439426017407325e-01
6.920724535403434130e-01
7.607621736062103457e-01
7.918136908962597476e-01
8.148670900964478658e-01
8.270995059985886133e-01
8.628557986356151233e-01
8.875558692072453848e-01
9.284874147259468691e-01
9.195483415666901861e-01
9.329569513055752106e-01
9.870618677958127307e-01
9.771818395671606483e-01
9.564808280404610841e-01
9.496589037873441885e-01
9.934133145142319821e-01
1.000000000000000000e+00
9.545989179016701742e-01
9.541284403669725300e-01
9.188426252646436643e-01
9.011997177134791759e-01
8.508586215008233644e-01
8.012232415902140747e-01
7.123029875323453330e-01
6.257351211479651454e-01
5.513996706657257052e-01
4.490708068689719945e-01
3.864972947541754911e-01
3.333333333333333148e-01
2.444130792754646009e-01
2.098329804751823124e-01
1.625499882380616323e-01
1.173841449070806842e-01
1.009174311926605561e-01
7.104210773935544510e-02
5.292872265349329863e-02
3.481533756763114523e-02
2.705245824511879477e-02
1.411432604093154630e-02
1.129146083274523704e-02
4.704775346977181812e-03
5.175252881674899733e-03
3.058103975535168221e-03
7.057163020465773151e-04
4.704775346977181920e-04
0.000000000000000000e+00
2.352387673488590960e-04
0.000000000000000000e+00
2.352387673488590960e-04
0.000000000000000000e+00
