0.000000000000000000e+00
9.380863039399624757e-04
1.172607879924953203e-03
2.345215759849906406e-03
2.345215759849906406e-03
7.270168855534709512e-03
9.380863039399625625e-03
1.430581613508442700e-02
1.688555347091932543e-02
2.181050656660412854e-02
2.063789868667917360e-02
2.931519699812382834e-02
3.752345215759850250e-02
4.409005628517823766e-02
5.933395872420262757e-02
5.393996247654784387e-02
7.035647279549718525e-02
7.434333958724202718e-02
8.161350844277673322e-02
9.240150093808630061e-02
9.967166979362100665e-02
1.139774859287054354e-01
1.153846153846153910e-01
1.287523452157598447e-01
1.409474671669793677e-01
1.594746716697936217e-01
1.679174484052532723e-01
1.782363977485928730e-01
1.810506566604127565e-01
2.000469043151970050e-01
2.242026266416510261e-01
2.427298311444652801e-01
2.539868667917448142e-01
2.668855534709193011e-01
2.919793621013133111e-01
2.875234521575985025e-01
3.067542213883677205e-01
3.606941838649155851e-01
3.588180112570356628e-01
3.876641651031895175e-01
4.029080675422138658e-01
4.418386491557223517e-01
4.568480300187617305e-01
4.774859287054408763e-01
5.140712945590993899e-01
5.598030018761726012e-01
5.764540337711069329e-01
5.902908067542214088e-01
6.287523452157598447e-01
6.529080675422138658e-01
6.974671669793620632e-01
7.525797373358349418e-01
7.521106941838648918e-01
7.912757973733584027e-01
8.067542213883677205e-01
8.555347091932458126e-01
8.724202626641650582e-01
9.122889305816135330e-01
9.188555347091932335e-01
9.174484052532833056e-01
9.561444652908067665e-01
9.941369606003752635e-01
1.000000000000000000e+00
9.559099437148217415e-01
9.725609756097560732e-01
1.000000000000000000e+00
9.910881801125703827e-01
9.580206378986866333e-01
9.385553470919324459e-01
9.090056285178236273e-01
8.825046904315196894e-01
8.431050656660412645e-01
7.664165103189493067e-01
6.941838649155722685e-01
6.123358348968105380e-01
5.452626641651031614e-01
4.263602251407129229e-01
3.616322701688555186e-01
3.093339587242026067e-01
2.434333958724202718e-01
1.887898686679174431e-01
1.571294559099437049e-01
1.174953095684802967e-01
9.521575984990619801e-02
6.191369606003752080e-02
5.089118198874296312e-02
3.517823639774859262e-02
2.298311444652908000e-02
1.289868667917448350e-02
1.102251407129455942e-02
6.097560975609756309e-03
4.690431519699812812e-03
1.172607879924953203e-03
2.345215759849906189e-04
7.035647279549718568e-04
0.000000000000000000e+00
4.690431519699812379e-04
0.000000000000000000e+00
2.345215759849906189e-04
0.000000000000000000e+00
