0.000000000000000000e+00
8.285004142502070800e-04
1.657000828500414160e-03
0.000000000000000000e+00
0.000000000000000000e+00
3.314001657000828320e-03
2.485501242750621457e-03
3.314001657000828320e-03
1.657000828500414160e-03
2.485501242750621457e-03
4.142502071251035617e-03
8.285004142502071234e-03
1.077050538525269226e-02
1.242750621375310685e-02
1.822700911350455533e-02
1.988400994200497165e-02
2.816901408450704289e-02
3.645401822700911065e-02
2.816901408450704289e-02
5.136702568351284026e-02
3.562551781275890422e-02
6.710853355426678324e-02
5.716652858326429221e-02
6.793703396851698273e-02
8.699254349627175142e-02
1.159900579950289973e-01
1.019055509527754810e-01
1.607290803645401722e-01
1.648715824357912252e-01
1.830985915492957805e-01
1.996685998342999091e-01
2.261806130903065426e-01
2.584921292460646280e-01
2.908036454018226857e-01
3.280861640430819959e-01
3.653686826843413615e-01
4.109362054681027221e-01
4.233637116818558255e-01
4.946147473073736478e-01
5.161557580778790566e-01
5.608947804473902732e-01
6.462303231151615979e-01
6.727423363711682036e-01
6.868268434134217060e-01
7.340513670256835210e-01
7.978458989229494369e-01
8.434134217067108530e-01
8.989229494614747740e-01
9.047224523612261704e-01
9.693454846727422858e-01
9.627174813587406899e-01
9.726594863297431948e-01
1.000000000000000000e+00
9.975144987572494015e-01
9.610604805302402909e-01
9.900579950289974951e-01
9.635459817729908893e-01
9.362054681027340841e-01
9.072079536039767689e-01
9.014084507042253724e-01
8.011599005799502349e-01
7.423363711681856270e-01
7.506213753106876219e-01
7.265948632974316146e-01
6.893123446561723044e-01
6.139188069594034847e-01
5.708367854183926671e-01
5.294117647058823595e-01
4.473902236951118327e-01
4.440762220381110348e-01
3.918806959403479673e-01
3.479701739850870057e-01
3.065451532725766426e-01
2.394366197183098455e-01
2.096106048053024140e-01
2.087821043910521868e-01
1.648715824357912252e-01
1.524440762220381218e-01
1.350455675227837660e-01
9.859154929577464144e-02
7.705053852526926039e-02
6.462303231151615701e-02
5.965202982601491150e-02
4.722452361226180811e-02
4.556752278376139526e-02
2.485501242750621370e-02
1.988400994200497165e-02
2.236951118475559094e-02
5.799502899751450211e-03
1.242750621375310685e-02
7.456503728251863937e-03
4.971002485501242914e-03
4.971002485501242914e-03
3.314001657000828320e-03
8.285004142502070800e-04
2.485501242750621457e-03
8.285004142502070800e-04
8.285004142502070800e-04
8.285004142502070800e-04
0.000000000000000000e+00
