8.118556701030928135e-02
2.003865979381443396e-01
2.860824742268041065e-01
4.213917525773195893e-01
4.929123711340206437e-01
5.380154639175257492e-01
6.185567010309278579e-01
6.868556701030927858e-01
6.694587628865978912e-01
7.119845360824742508e-01
7.442010309278350721e-01
7.944587628865978912e-01
7.854381443298968923e-01
8.782216494845360710e-01
8.692010309278350721e-01
8.936855670103093230e-01
9.252577319587629301e-01
9.387886597938144284e-01
9.748711340206185350e-01
9.555412371134021088e-01
9.072164948453608213e-01
1.000000000000000000e+00
9.652061855670103219e-01
8.949742268041237514e-01
9.213917525773195338e-01
8.505154639175257492e-01
8.221649484536082131e-01
7.951030927835051054e-01
7.177835051546391787e-01
6.179123711340206437e-01
5.038659793814432852e-01
4.516752577319587680e-01
3.692010309278350721e-01
2.860824742268041065e-01
1.862113402061855716e-01
1.365979381443298835e-01
1.063144329896907186e-01
7.280927835051546892e-02
4.445876288659793979e-02
3.672680412371134157e-02
2.126288659793814512e-02
4.510309278350515053e-03
5.798969072164948668e-03
3.221649484536082304e-03
6.443298969072164826e-04
0.000000000000000000e+00
0.000000000000000000e+00
0.000000000000000000e+00
0.000000000000000000e+00
0.000000000000000000e+00
