1.257078934489267996e-01
3.544011745787596923e-01
5.229147731245192832e-01
6.420156610501293049e-01
7.182059707753618572e-01
7.572362441445850134e-01
7.970181080892120296e-01
8.255785499545550410e-01
8.457491435363210242e-01
8.693805495350626078e-01
8.822100258686988994e-01
8.993742571488498871e-01
9.170978116479060471e-01
9.317450884429839819e-01
9.450814514437531066e-01
9.607075438719150373e-01
9.718590505488359232e-01
9.854226386072851840e-01
9.902118436691602632e-01
9.994931133328672779e-01
1.000000000000000000e+00
9.991784940222331324e-01
9.744459204362720950e-01
9.664930434174648921e-01
9.320422289030273477e-01
9.003181150807523236e-01
8.489128154932531478e-01
7.956023211913584303e-01
7.301440257288680513e-01
6.478885548486331691e-01
5.581171782143605764e-01
4.665979165210095703e-01
3.743969796546179341e-01
2.965287002726700871e-01
2.124204712298119191e-01
1.510347479549744854e-01
1.125637978046563625e-01
7.898692581975809424e-02
5.248898832412780824e-02
3.280780255890372588e-02
1.889463748863874637e-02
1.026008529679088219e-02
5.278612878417115323e-03
1.975110116758722022e-03
6.816751730406208623e-04
1.223519541354960432e-04
1.747885059078515144e-05
0.000000000000000000e+00
0.000000000000000000e+00
0.000000000000000000e+00
