0.000000000000000000e+00
1.522070015220700068e-03
0.000000000000000000e+00
7.610350076103500339e-04
1.522070015220700068e-03
1.522070015220700068e-03
1.522070015220700068e-03
4.566210045662100203e-03
3.044140030441400135e-03
5.327245053272450237e-03
3.044140030441400135e-03
1.141552511415525051e-02
6.849315068493150305e-03
1.293759512937595058e-02
1.141552511415525051e-02
2.054794520547945091e-02
1.369863013698630061e-02
2.130898021308980095e-02
2.359208523592085105e-02
3.500761035007610156e-02
4.109589041095890183e-02
5.479452054794520244e-02
5.327245053272450237e-02
5.936073059360730264e-02
7.914764079147640352e-02
8.447488584474885376e-02
1.035007610350076046e-01
1.248097412480974056e-01
1.445966514459665064e-01
1.605783866057838571e-01
1.780821917808219079e-01
2.016742770167427590e-01
2.290715372907153602e-01
2.595129375951293893e-01
2.846270928462709127e-01
3.340943683409436926e-01
3.576864535768645159e-01
4.193302891933028964e-01
4.497716894977168978e-01
4.855403348554033216e-01
5.106544901065449560e-01
5.654490106544901584e-01
6.347031963470319837e-01
6.955859969558599865e-01
7.077625570776255870e-01
7.914764079147640352e-01
8.112633181126331916e-01
8.105022831050228138e-01
8.614916286149162383e-01
8.805175038051750169e-01
9.421613394216133974e-01
1.000000000000000000e+00
9.718417047184170210e-01
9.619482496194824428e-01
9.284627092846270413e-01
9.003044140030441733e-01
8.980213089802130400e-01
9.079147640791476181e-01
8.706240487062404387e-01
8.287671232876712146e-01
7.404870624048706107e-01
7.146118721461187651e-01
7.138508371385083873e-01
6.187214611872146053e-01
5.570776255707762248e-01
5.418569254185692241e-01
4.984779299847792999e-01
4.497716894977168978e-01
4.178082191780821963e-01
3.713850837138508165e-01
3.432267884322678930e-01
3.021308980213089912e-01
2.557077625570776114e-01
2.176560121765601097e-01
2.062404870624048592e-01
1.674277016742770074e-01
1.666666666666666574e-01
1.194824961948249553e-01
1.050228310502283047e-01
9.741248097412480433e-02
6.240487062404870278e-02
5.098934550989345227e-02
3.957382039573820176e-02
3.272450532724505146e-02
3.044140030441400135e-02
1.978691019786910088e-02
1.902587519025875085e-02
1.369863013698630061e-02
9.893455098934550440e-03
7.610350076103500339e-03
8.371385083713850372e-03
4.566210045662100203e-03
4.566210045662100203e-03
7.610350076103500339e-04
3.805175038051750169e-03
0.000000000000000000e+00
7.610350076103500339e-04
7.610350076103500339e-04
7.610350076103500339e-04
0.000000000000000000e+00
