5.049971760858905645e-01
5.265966943854194504e-01
5.491200578327325443e-01
5.726067807283455879e-01
5.970980674611502392e-01
6.226368847961344377e-01
6.492680372539619826e-01
6.770382457146542077e-01
7.059962293832745539e-01
7.361927912614121272e-01
7.676809072744165130e-01
8.005158192107407755e-01
8.347551316364479890e-01
8.704589129549011872e-01
9.076898007889344644e-01
9.465131118703844493e-01
9.869969566297681629e-01
1.029212358687141338e+00
1.073233379453766734e+00
1.119137248063190482e+00
1.167004496859674667e+00
1.216919102681679909e+00
1.268968634188265110e+00
1.323244405486867059e+00
1.379841636331978760e+00
1.438859619175778315e+00
1.500401893363771944e+00
1.564576426781056684e+00
1.631495805267880295e+00
1.701277430136797442e+00
1.774043724137944977e+00
1.849922346233773496e+00
1.929046415560029981e+00
2.011554744965901254e+00
2.097592084543034030e+00
2.187309375570674064e+00
2.280864015322430216e+00
2.378420133199244724e+00
2.480148878672995938e+00
2.586228721545903664e+00
2.696845765052493071e+00
2.812194072353425334e+00
2.932476006993973261e+00
3.057902587924442805e+00
3.188693859705370670e+00
3.325079278546974049e+00
3.467298114860119185e+00
3.615599873025010069e+00
3.770244729114057503e+00
3.931503987336821382e+00
4.099660556007829193e+00
4.275009443872277437e+00
4.457858277660355029e+00
4.648527841778184566e+00
4.847352641082169455e+00
5.054681487724108635e+00
5.270878113096558515e+00
5.496321805952084638e+00
5.731408077815849822e+00
5.976549356858953388e+00
6.232175711449809086e+00
6.498735604652942754e+00
6.776696680998895772e+00
7.066546586905491978e+00
7.368793826189810048e+00
7.683968652171750513e+00
8.012623997934241515e+00
8.355336446372149339e+00
8.712707241731687091e+00
9.085363344414949083e+00
9.473958530900077335e+00
9.879174540706731733e+00
1.030172227241907734e+01
1.074234303086453934e+01
1.120180982763631405e+01
1.168092873724129888e+01
1.218054031125260650e+01
1.270152105294749312e+01
1.324478495501796260e+01
1.381128510305161328e+01
1.440201534759586721e+01
1.501801204773897069e+01
1.566035588926672695e+01
1.633017378058463365e+01
1.702864082973152904e+01
1.775698240595320243e+01
1.851647628945277546e+01
1.930845491308928885e+01
2.013430769995709113e+01
2.099548350094730864e+01
2.189349313656759577e+01
2.282991204747943570e+01
2.380638305840306757e+01
2.482461926023899679e+01
2.588640701546233913e+01
2.699360909206253822e+01
2.814816793152656516e+01
2.935210905659891623e+01
3.060754462479692251e+01
3.191667713391516870e+01
