0.000000000000000000e+00
2.402691013935607969e-04
2.402691013935607969e-04
1.681883709754925524e-03
1.681883709754925524e-03
2.642960115329168712e-03
4.324843825084094019e-03
7.448342143200384000e-03
1.273426237385872142e-02
1.513695338779432950e-02
2.162421912542046923e-02
2.282556463238827327e-02
2.835175396444017393e-02
3.796251802018260624e-02
4.565112926477654653e-02
5.069678039404132419e-02
5.598270062469966335e-02
5.982700624699663350e-02
7.544449783757808947e-02
8.721768380586256142e-02
8.457472369053339878e-02
9.730898606439211673e-02
1.045170591061989479e-01
1.237385872176838125e-01
1.259010091302258660e-01
1.333493512734262310e-01
1.369533877943296396e-01
1.720326765977895356e-01
1.729937530033637538e-01
1.833253243632868845e-01
2.121576165305141815e-01
2.191254204709274511e-01
2.366650648726573714e-01
2.484382508409418433e-01
2.618933205189812319e-01
3.029793368572801793e-01
2.914464199903892272e-01
3.308505526189332024e-01
3.618452666987025390e-01
3.750600672753484077e-01
3.832292167227294710e-01
4.163863527150408195e-01
4.341662662181643428e-01
4.843825084094185440e-01
4.949543488707352501e-01
5.494954348870735306e-01
5.494954348870735306e-01
5.812109562710235933e-01
6.122056703507928743e-01
6.429601153291686355e-01
6.881307063911581423e-01
6.919750120134550153e-01
7.056703507928879793e-01
7.491590581451225139e-01
7.830370014416145885e-01
8.173954829408938139e-01
8.524747717443537098e-01
8.709754925516578483e-01
8.587217683805862256e-01
8.954829408938010937e-01
9.183085055261893670e-01
9.298414223930802081e-01
9.625180201826045723e-01
9.497837578087457988e-01
1.000000000000000000e+00
9.512253724171071401e-01
9.968765016818836866e-01
9.593945218644882589e-01
9.887073522345026788e-01
9.408938010571840094e-01
9.543488707352234535e-01
9.387313791446419975e-01
8.642479577126381818e-01
8.301297453147524763e-01
7.876021143680922432e-01
7.023065833733781460e-01
6.057184046131667277e-01
5.199423354156655908e-01
4.531475252282556321e-01
3.784238346948582410e-01
3.032196059586736991e-01
2.501201345506967599e-01
1.926958193176357415e-01
1.362325804901489690e-01
1.143680922633349417e-01
8.649687650168187691e-02
6.511292647765497266e-02
4.348870735223449996e-02
2.811148486304661243e-02
1.802018260451706058e-02
9.610764055742432310e-03
6.487265737626141462e-03
5.526189332051898058e-03
2.642960115329168712e-03
7.208073041806823365e-04
4.805382027871215938e-04
7.208073041806823365e-04
2.402691013935607969e-04
2.402691013935607969e-04
0.000000000000000000e+00
