3.803771058627523247e-06
0.000000000000000000e+00
0.000000000000000000e+00
3.803771058627523247e-06
7.607542117255046494e-06
3.803771058627523247e-06
3.803771058627523247e-06
7.113051879633468938e-04
2.324484493927279558e-02
2.971886328105683914e-02
3.530660296618066962e-02
4.189473443972354522e-02
4.691571223711187011e-02
5.130906780982666393e-02
5.500633327881261636e-02
5.816726702853208808e-02
5.898507780613700124e-02
6.067775592722625400e-02
5.759670136973795568e-02
5.641753234156342278e-02
5.510903509739555756e-02
5.464117125718437329e-02
5.504817476045751473e-02
5.617789476486988870e-02
5.836506312358071685e-02
6.152219310224156523e-02
6.532976793192771248e-02
6.929710114607622040e-02
7.474410130203083813e-02
7.998189404976092931e-02
8.571417703511260977e-02
9.083024910896662918e-02
9.540238192143690732e-02
9.964358665180660102e-02
1.026333507038878351e-01
1.056421336112622067e-01
1.071674458057718382e-01
1.078787509937351868e-01
1.084949619052328479e-01
1.054861789978584763e-01
1.034207313130237338e-01
9.780256145943087842e-02
9.593490986964477163e-02
9.039661920828309660e-02
8.839583563144501333e-02
8.587393541957497045e-02
8.382750659003336546e-02
8.482029083633514654e-02
8.501047938926652170e-02
8.811816034416521115e-02
9.409008090621041875e-02
1.002750126475387693e-01
1.082515205574806905e-01
1.200051731286397305e-01
1.305568340452724907e-01
1.468331704051396569e-01
1.621623677714085776e-01
1.815577963993503241e-01
2.007021761374226387e-01
2.244719414827860415e-01
2.520644967420700988e-01
2.787213243209317737e-01
3.070518111655895499e-01
3.394979782956823455e-01
3.755349053051195152e-01
4.104687387075546812e-01
4.514886058037939076e-01
4.925046691289744483e-01
5.354644594651136735e-01
5.798240375508278976e-01
6.267321422458225211e-01
6.744200200078357410e-01
7.185209416615633282e-01
7.670266302011814474e-01
8.122648794014385443e-01
8.597055120446410736e-01
9.027033400913665462e-01
9.392233460252494837e-01
9.683526247922189523e-01
9.897412294548815215e-01
1.000000000000000000e+00
9.911562322886909859e-01
9.615210519709239678e-01
9.047003198971460547e-01
8.074112675306298614e-01
6.621528583437620297e-01
5.043914536871855203e-01
3.607762735976446922e-01
2.436505551603860009e-01
1.541059806692354761e-01
8.922886149328444760e-02
4.785524368859286892e-02
2.385344830865319954e-02
1.108799263589923048e-02
3.876042708741446290e-03
1.479666941806106551e-03
4.716676112698128657e-04
8.368296328980550974e-05
2.662639741039266188e-05
1.521508423451009299e-05
