1.799087670179667642e+00
1.878814998575002448e+00
1.962075477132176227e+00
2.049025678889785596e+00
2.139829115486627575e+00
2.234656544648688570e+00
2.333686291302556892e+00
2.437104582919101148e+00
2.545105899718054676e+00
2.657893340392060821e+00
2.775679004037929332e+00
2.898684389013340912e+00
3.027140809469058613e+00
3.161289830339929274e+00
3.301383721612705990e+00
3.447685932724932290e+00
3.600471587987016608e+00
3.760028003959142495e+00
3.926655229755964704e+00
4.100666611295113562e+00
4.282389380550633007e+00
4.472165270919421509e+00
4.670351159857894174e+00
4.877319739997368231e+00
5.093460220000205041e+00
5.319179056474681033e+00
5.554900718324986109e+00
5.801068484973705530e+00
6.058145279957874330e+00
6.326614541466186736e+00
6.606981131454435108e+00
6.899772285048769049e+00
7.205538602022181216e+00
7.524855082208668833e+00
7.858322206802235144e+00
8.206567067574086494e+00
8.570244546131581487e+00
8.950038545436530768e+00
9.346663275898754009e+00
9.760864598463413699e+00
1.019342142721783162e+01
1.064514719415540256e+01
1.111689137885116452e+01
1.160954110592556532e+01
1.212402281330052212e+01
1.266130399438493193e+01
1.322239501746591372e+01
1.380835102572707207e+01
1.442027392146692044e+01
1.505931443824876759e+01
1.572667430487881468e+01
1.642360850528180549e+01
1.715142763852407271e+01
1.791150038342197703e+01
1.870525607237049570e+01
1.953418737923214721e+01
2.039985312634079762e+01
2.130388121589906092e+01
2.224797169128182261e+01
2.323389993400264686e+01
2.426352000235517536e+01
2.533876811800777773e+01
2.646166630710819945e+01
2.763432620274513596e+01
2.885895301591763484e+01
3.013784968247965423e+01
3.147342119385816162e+01
3.286817911968886818e+01
3.432474633087453242e+01
3.584586193194743942e+01
3.743438641201171890e+01
3.909330702395178037e+01
4.082574340202278051e+01
4.263495342838669444e+01
4.452433935962667988e+01
4.649745422476039636e+01
4.855800850678396330e+01
5.070987712031140404e+01
5.295710669843104057e+01
5.530392320248220273e+01
5.775473986906207102e+01
6.031416550920778263e+01
6.298701317536009725e+01
6.577830921240742157e+01
6.869330270983034836e+01
7.173747537272222985e+01
7.491655183024811038e+01
7.823651040092732956e+01
8.170359433498421708e+01
8.532432355490817599e+01
8.910550691630190556e+01
9.305425501207386674e+01
9.717799354405433121e+01
1.014844772871799279e+02
1.059818046725073373e+02
1.106784330164786923e+02
1.155831944250790002e+02
1.207053124027925719e+02
1.260544191975925514e+02
1.316405739145808695e+02
