8.113329040566645556e-02
1.918866709594333475e-01
2.923374114616870689e-01
4.056664520283322362e-01
4.700579523502897428e-01
5.473277527366388062e-01
5.756600128783000425e-01
6.922086284610431406e-01
6.806181584030908116e-01
7.366387636831938091e-01
7.443657437218287320e-01
7.907276239536381590e-01
8.390212491951062335e-01
8.512556342562781486e-01
8.499678042498389763e-01
8.692852543464262283e-01
8.950418544752092309e-01
9.381841596909208381e-01
9.678042498390212467e-01
9.536381197681905730e-01
9.600772698003863237e-01
1.000000000000000000e+00
9.253058596265293367e-01
9.349645846748229072e-01
8.950418544752092309e-01
8.943979394719896447e-01
7.862202189311010558e-01
7.681905988409529762e-01
6.606567933032839735e-01
6.097875080489375543e-01
5.344494526722473049e-01
4.655505473277527506e-01
3.432066967160334880e-01
3.065035415325176871e-01
2.073406310367031657e-01
1.538956857694784297e-01
1.081777205408886028e-01
8.306503541532517243e-02
4.636188023180939921e-02
3.219575016097875331e-02
2.318094011590469961e-02
1.030264005151320002e-02
4.507405022537025116e-03
1.931745009658725112e-03
1.287830006439150002e-03
0.000000000000000000e+00
0.000000000000000000e+00
0.000000000000000000e+00
0.000000000000000000e+00
0.000000000000000000e+00
