0.000000000000000000e+00
4.780114722753345908e-04
7.170172084130019404e-04
2.151051625239005713e-03
2.390057361376673063e-03
6.692160611854684922e-03
7.409177820267686537e-03
1.314531548757170119e-02
1.601338432122370939e-02
2.127151051625238848e-02
2.748565965583173870e-02
3.250478011472275608e-02
3.752390057361376652e-02
4.469407265774378440e-02
4.923518164435946448e-02
5.975143403441682266e-02
6.931166347992351318e-02
7.217973231357552311e-02
8.173996175908221362e-02
8.914913957934990363e-02
8.508604206500955391e-02
9.870936902485659414e-02
1.092256214149139593e-01
1.254780114722753304e-01
1.240439770554493254e-01
1.551147227533460904e-01
1.625239005736137665e-01
1.680210325047801212e-01
1.780592734225621421e-01
1.969407265774378579e-01
2.093690248565965584e-01
2.268164435946462831e-01
2.533460803059273680e-01
2.528680688336519822e-01
2.779636711281070482e-01
3.097514340344168504e-01
3.260038240917781938e-01
3.381931166347992290e-01
3.580305927342256056e-01
3.769120458891013214e-01
4.163479923518164649e-01
4.402485659655831496e-01
4.495697896749522027e-01
4.863766730401529736e-01
5.081261950286807272e-01
5.492351816443594714e-01
5.408699808795410791e-01
6.025334608030592509e-01
6.307361376673039643e-01
6.431644359464626648e-01
6.878585086042064978e-01
7.347036328871893174e-01
7.258604206500955947e-01
7.946940726577438330e-01
8.021032504780114536e-01
8.436902485659655282e-01
8.501434034416825991e-01
8.788240917782026429e-01
9.120458891013384362e-01
9.153919694072657487e-01
9.553059273422561670e-01
9.560229445506691626e-01
9.899617590822179514e-01
9.827915869980879959e-01
9.624760994263862335e-01
9.899617590822179514e-01
9.868546845124283040e-01
1.000000000000000000e+00
9.634321223709368942e-01
9.373804971319311674e-01
9.388145315487571585e-01
9.110898661567877754e-01
8.288718929254301759e-01
7.870458891013384362e-01
6.964627151051625553e-01
6.125717017208412996e-01
5.169694072657743389e-01
4.299713193116634913e-01
3.769120458891013214e-01
2.980401529636711455e-01
2.354206500956022852e-01
1.952676864244741739e-01
1.474665391969407213e-01
1.073135755258126239e-01
9.153919694072658320e-02
6.739961759082217785e-02
4.541108986615678689e-02
3.178776290630975360e-02
2.198852772466539096e-02
1.242829827915870045e-02
8.365200764818355936e-03
5.975143403441682440e-03
3.824091778202676727e-03
1.912045889101338363e-03
9.560229445506691816e-04
2.390057361376672954e-04
2.390057361376672954e-04
0.000000000000000000e+00
2.390057361376672954e-04
0.000000000000000000e+00
