1.577732207887173166e+00
1.651583808161779743e+00
1.728892306150621394e+00
1.809819514756360048e+00
1.894534821133960101e+00
1.983215541231621470e+00
2.076047290927320876e+00
2.173224374537766401e+00
2.274950191512957076e+00
2.381437662167590119e+00
2.492909673340395482e+00
2.609599544914216196e+00
2.731751518173280768e+00
2.859621267019854418e+00
2.993476433120271007e+00
3.133597186100463450e+00
3.280276809963522222e+00
3.433822316956690379e+00
3.594555090172690814e+00
3.762811556230376997e+00
3.938943889442697799e+00
4.123320748945859648e+00
4.316328050332532307e+00
4.518369773404224965e+00
4.729868807733486946e+00
4.951267837805795935e+00
5.183030269593776218e+00
5.425641200503159567e+00
5.679608434720672783e+00
5.945463546089021278e+00
6.223762990733691325e+00
6.515089271770366786e+00
6.820052158530788056e+00
7.139289962858986094e+00
7.473470875149314629e+00
7.823294362922665890e+00
8.189492634868233978e+00
8.572832173415177337e+00
8.974115339041990325e+00
9.394182049681480962e+00
9.833911538736552771e+00
1.029422419538642330e+01
1.077608349103517682e+01
1.128049799593487279e+01
1.180852349020421066e+01
1.236126517366119337e+01
1.293987997909522925e+01
1.354557899382045782e+01
1.417962999457892614e+01
1.484336010109923265e+01
1.553815855386480571e+01
1.626547962190599250e+01
1.702684564670204281e+01
1.782385022856426104e+01
1.865816156216955690e+01
1.953152592822609890e+01
2.044577134857922829e+01
2.140281141240813767e+01
2.240464928152196933e+01
2.345338188313850836e+01
2.455120429892144074e+01
2.570041435946284381e+01
2.690341745382735539e+01
2.816273156422485968e+01
2.948099253634979533e+01
3.086095959641812669e+01
3.230552112644961227e+01
3.381770070988371657e+01
3.540066346018284804e+01
3.705772264566931540e+01
3.879234662446238247e+01
4.060816610403064431e+01
4.250898174055477341e+01
4.449877209400651878e+01
4.658170195559452509e+01
4.876213106500738803e+01
5.104462323569929083e+01
5.343395590731850575e+01
5.593513014527284355e+01
5.855338110836164134e+01
6.129418900638399492e+01
6.416329057065867403e+01
6.716669106146402157e+01
7.031067683753049380e+01
7.360182851389510006e+01
7.704703473565784577e+01
8.065350659646961162e+01
8.442879273193128142e+01
8.838079511949493394e+01
9.251778561793797451e+01
9.684842328102887166e+01
1.013817724816226757e+02
1.061273218841225514e+02
1.110950043050175395e+02
1.162952175030651745e+02
1.217388459426380081e+02
1.274372835757821605e+02
1.334024576906743107e+02
1.396468538763964489e+02
1.461835421562770989e+02
