0.000000000000000000e+00
6.993006993006993001e-04
1.631701631701631700e-03
3.263403263403263400e-03
3.962703962703963134e-03
6.993006993006993001e-03
9.090909090909090468e-03
9.790209790209791069e-03
1.958041958041958214e-02
2.121212121212121340e-02
2.703962703962704134e-02
3.403263403263403347e-02
3.799533799533799661e-02
4.335664335664335400e-02
5.034965034965035308e-02
6.247086247086246907e-02
6.783216783216783341e-02
7.435897435897435848e-02
8.205128205128205121e-02
8.694638694638694154e-02
9.766899766899767021e-02
1.090909090909090856e-01
1.188811188811188801e-01
1.263403263403263532e-01
1.342657342657342656e-01
1.452214452214452278e-01
1.634032634032634157e-01
1.745920745920745976e-01
1.780885780885780867e-01
2.032634032634032528e-01
2.097902097902097918e-01
2.342657342657342712e-01
2.557109557109557008e-01
2.641025641025641080e-01
2.906759906759907031e-01
2.969696969696969946e-01
3.009324009324009230e-01
3.344988344988344964e-01
3.515151515151515027e-01
3.766899766899766688e-01
4.062937062937063137e-01
4.407925407925407657e-01
4.375291375291375240e-01
4.848484848484848619e-01
4.967365967365967583e-01
5.125874125874125831e-01
5.606060606060605522e-01
5.890442890442890711e-01
6.228438228438228919e-01
6.503496503496503101e-01
6.916083916083916039e-01
6.916083916083916039e-01
7.307692307692307265e-01
7.596736596736596292e-01
7.979020979020978732e-01
8.023310023310022965e-01
8.713286713286713114e-01
8.659673659673660095e-01
9.039627039627039506e-01
9.100233100233100503e-01
9.279720279720279352e-01
9.459207459207459312e-01
9.696969696969697239e-01
9.522144522144522227e-01
9.328671328671328533e-01
9.764568764568765102e-01
1.000000000000000000e+00
9.496503496503496677e-01
9.571095571095571408e-01
9.128205128205127972e-01
9.004662004662005170e-01
8.531468531468531236e-01
8.000000000000000444e-01
7.258741258741259195e-01
6.529137529137528650e-01
5.736596736596736301e-01
4.727272727272727182e-01
3.911421911421911202e-01
3.449883449883449638e-01
2.692307692307692180e-01
2.093240093240093247e-01
1.708624708624708610e-01
1.340326340326340460e-01
9.324009324009324695e-02
7.995337995337994941e-02
5.547785547785547694e-02
4.032634032634032500e-02
2.750582750582750494e-02
1.841491841491841447e-02
1.095571095571095527e-02
7.226107226107226535e-03
5.827505827505827934e-03
1.864801864801864800e-03
9.324009324009324001e-04
0.000000000000000000e+00
2.331002331002331000e-04
2.331002331002331000e-04
0.000000000000000000e+00
2.331002331002331000e-04
0.000000000000000000e+00
