1.471463548246071174e+00
1.540520277831585627e+00
1.612817884098504129e+00
1.688508463471420473e+00
1.767751250357840087e+00
1.850712952138305667e+00
1.937568099877821304e+00
2.028499415496389346e+00
2.123698196171099450e+00
2.223364716778450045e+00
2.327708651223550973e+00
2.436949513542571832e+00
2.551317119706416836e+00
2.671052071097136604e+00
2.796406260674205058e+00
2.927643402895498070e+00
3.065039588507810997e+00
3.208883865374045463e+00
3.359478846558995091e+00
3.517141346952980197e+00
3.682203049772645898e+00
3.855011204341067366e+00
4.035929356615127084e+00
4.225338113997000100e+00
4.423635946038752209e+00
4.631240022724498751e+00
4.848587092093704420e+00
5.076134399051891677e+00
5.314360647301729301e+00
5.563767006418171235e+00
5.824878166186278960e+00
6.098243440419784278e+00
6.384437922582574920e+00
6.684063695644240077e+00
6.997751098714905638e+00
7.326160053124070259e+00
7.669981450733155626e+00
8.029938607402467454e+00
8.406788784670292003e+00
8.801324782845373562e+00
9.214376608864240481e+00
9.646813222422144563e+00
1.009954436405105582e+01
1.057352246899052162e+01
1.106974467087773206e+01
1.158925489947203680e+01
1.213314607682697677e+01
1.270256241653020268e+01
1.329870183084802449e+01
1.392281845083898872e+01
1.457622526473787339e+01
1.526029688016073038e+01
1.597647241594214051e+01
1.672625852968801397e+01
1.751123258741363742e+01
1.833304598193468493e+01
1.919342760699247208e+01
2.009418749442230379e+01
2.103722062201623189e+01
2.202451090009142476e+01
2.305813534515073471e+01
2.414026844941569294e+01
2.527318675542474935e+01
2.645927364532012405e+01
2.770102435489898340e+01
2.900105122297749816e+01
3.036208918711052362e+01
3.178700153722938282e+01
3.327878593930125106e+01
3.484058074168273578e+01
3.647567157743500843e+01
3.818749827648942130e+01
3.997966210220575789e+01
4.185593332754677220e+01
4.382025916680727562e+01
4.587677207958470404e+01
4.802979846446013568e+01
5.028386776067914354e+01
5.264372197698101274e+01
5.511432566762129426e+01
5.770087637657599089e+01
6.040881557189890572e+01
6.324384009323497935e+01
6.621191413657356861e+01
6.931928180145304452e+01
7.257248022701435275e+01
7.597835334453789358e+01
7.954406627539533758e+01
8.327712040470738941e+01
8.718536916241741608e+01
9.127703454498073654e+01
9.556072441242849891e+01
1.000454505971925414e+02
1.047406478627899418e+02
1.096561937522507435e+02
1.148024293680443009e+02
1.201901811272223171e+02
1.258307835375434820e+02
1.317361030424970068e+02
1.379185629853878368e+02
