4.951962109796491651e-01
5.164262568623086969e-01
5.385664770116254108e-01
5.616558924075946146e-01
5.857351969371870082e-01
6.108468291151968321e-01
6.370350468799035326e-01
6.643460055953738230e-01
6.928278393978762884e-01
7.225307460297795137e-01
7.535070753104469166e-01
7.858114214000553321e-01
8.195007190189473878e-01
8.546343437920975727e-01
8.912742168955459787e-01
9.294849141892324029e-01
9.693337800285718453e-01
1.010891045955358392e+00
1.054229954477184483e+00
1.099426888153529625e+00
1.146561504216026650e+00
1.195716874960165210e+00
1.246979634155868766e+00
1.300440129734981687e+00
1.356192583024774523e+00
1.414335254808104736e+00
1.474970618502907005e+00
1.538205540766232282e+00
1.604151469841142541e+00
1.672924631978408572e+00
1.744646236279198348e+00
1.819442688319779178e+00
1.897445812934732023e+00
1.978793086551331015e+00
2.063627879484552174e+00
2.152099708619756857e+00
2.244364500928382355e+00
2.340584868281071707e+00
2.440930394042592155e+00
2.545577931953644679e+00
2.654711917826332090e+00
2.768524694602631619e+00
2.887216851348768820e+00
3.010997576782956653e+00
3.140085027959568897e+00
3.274706714759537451e+00
3.415099900864621674e+00
3.561512021922230709e+00
3.714201121637817682e+00
3.873436306563407872e+00
4.039498220383825888e+00
4.212679538536510115e+00
4.393285484036660193e+00
4.581634365416839216e+00
4.778058137729115806e+00
4.982902987598479605e+00
5.196529943358656034e+00
5.419315511345670799e+00
5.651652339470564002e+00
5.893949909240803642e+00
6.146635257450022927e+00
6.410153728808035467e+00
6.684969760837587316e+00
6.971567702421202384e+00
7.270452667440757466e+00
7.582151425014276747e+00
7.907213327898952038e+00
8.246211280696638113e+00
8.599742749568251909e+00
8.968430815236640541e+00
9.352925271133752716e+00
9.753903768627580462e+00
1.017207301134724418e+01
1.060817000071120653e+01
1.106296333485367178e+01
1.153725456323864584e+01
1.203187959934892426e+01
1.254771019393985476e+01
1.308565547145452435e+01
1.364666353230794904e+01
1.423172312386450855e+01
1.484186538305350211e+01
1.547816565369395292e+01
1.614174538173196538e+01
1.683377409173044370e+01
1.755547144809499827e+01
1.830810940466873049e+01
1.909301444648424706e+01
1.991156992762422462e+01
2.076521850931060698e+01
2.165546470251951661e+01
2.258387751960324863e+01
2.355209323959236656e+01
2.456181829205194944e+01
2.561483226457453810e+01
2.671299103921000295e+01
2.785823006336079999e+01
2.905256776090660153e+01
3.029810908957088600e+01
3.159704925079892490e+01
