1.577180331016606818e+00
1.647168916152725204e+00
1.720263298357843418e+00
1.796601299755598458e+00
1.876326858431920375e+00
1.959590299835543448e+00
2.046548620222121695e+00
2.137365782676395654e+00
2.232213026270570833e+00
2.331269188941829107e+00
2.434721044697787384e+00
2.542763655785698518e+00
2.655600740489432621e+00
2.773445057247733825e+00
2.896518805818014464e+00
3.025054046242102057e+00
3.159293136403913849e+00
3.299489189004085166e+00
3.445906548813197912e+00
3.598821291103489362e+00
3.758521742198842830e+00
3.925309023124593288e+00
4.099497617382199977e+00
4.281415963919357637e+00
4.471407076413615123e+00
4.669829190037171784e+00
4.877056436922364568e+00
5.093479551601441280e+00
5.319506607750788874e+00
5.555563787628712724e+00
5.802096185657643623e+00
6.059568647665902752e+00
6.328466647371463694e+00
6.609297201760350404e+00
6.902589827085666485e+00
7.208897537289797874e+00
7.528797886732369271e+00
7.862894059190053575e+00
8.211816005181598044e+00
8.576221629762484255e+00
8.956798033028906758e+00
9.354262805670090941e+00
9.769365382011676147e+00
1.020288845310148851e+01
1.065564944250206914e+01
1.112850204757259043e+01
1.162233784914637624e+01
1.213808799263910387e+01
1.267672494375738879e+01
1.323926432211840876e+01
1.382676681623771664e+01
1.444034018349606896e+01
1.508114133885645458e+01
1.575037853626941775e+01
1.644931364687990438e+01
1.717926453833140954e+01
1.794160755965346254e+01
1.873778013641786799e+01
1.956928348105712345e+01
2.043768542345516437e+01
2.134462336714780761e+01
2.229180737670687407e+01
2.328102340212925725e+01
2.431413664631079286e+01
2.539309508195439946e+01
2.651993312454358431e+01
2.769677546830708081e+01
2.892584109240733170e+01
3.020944744490658351e+01
3.155001481239974126e+01
3.295007088355308866e+01
3.441225551515334757e+01
3.593932570965400686e+01
3.753416081360403922e+01
3.919976794676072984e+01
4.093928767212372577e+01
4.275599991758115692e+01
4.465333016033321201e+01
4.663485588575436935e+01
4.870431333287261566e+01
5.086560453918430369e+01
5.312280469808820982e+01
5.548016984281140651e+01
5.794214487131500135e+01
6.051337192731142522e+01
6.319869915319581111e+01
6.600318983139513307e+01
6.893213193137196981e+01
7.199104808028391744e+01
7.518570597609830486e+01
7.852212926279723604e+01
8.200660888817795069e+01
8.564571496566435371e+01
8.944630916249563768e+01
9.341555763764985443e+01
9.756094455389826692e+01
1.018902861894672895e+02
1.064117456759157250e+02
1.111338483900176897e+02
1.160654980286709872e+02
