7.395287958115183413e-02
2.074607329842931835e-01
2.931937172774868872e-01
4.175392670157068165e-01
4.816753926701570765e-01
5.464659685863874072e-01
6.151832460732984398e-01
6.819371727748690937e-01
6.773560209424084322e-01
7.336387434554973996e-01
7.598167539267015602e-01
7.951570680628272658e-01
8.206806282722513002e-01
8.625654450261780459e-01
8.717277486910994799e-01
9.208115183246072810e-01
8.979057591623036405e-01
9.712041884816754456e-01
9.941099476439790861e-01
9.378272251308900076e-01
9.469895287958115526e-01
1.000000000000000000e+00
9.914921465968586922e-01
9.083769633507853269e-01
9.561518324607329866e-01
8.789267015706806463e-01
8.154450261780105125e-01
8.010471204188481797e-01
7.486910994764397476e-01
6.243455497382198738e-01
5.392670157068062409e-01
4.672774869109947438e-01
3.789267015706806463e-01
2.866492146596858470e-01
1.924083769633507801e-01
1.439790575916230497e-01
9.620418848167539005e-02
8.311518324607329589e-02
4.646596858638743499e-02
3.272251308900523542e-02
1.897905759162303585e-02
7.198952879581151619e-03
5.890052356020942549e-03
3.272251308900523542e-03
1.308900523560209504e-03
0.000000000000000000e+00
0.000000000000000000e+00
0.000000000000000000e+00
0.000000000000000000e+00
0.000000000000000000e+00
