0.000000000000000000e+00
7.387343018960847423e-04
1.477468603792169485e-03
2.708692440285643838e-03
4.924895345973898282e-03
7.141098251662152292e-03
1.428219650332430458e-02
1.502093080522038868e-02
2.856439300664860917e-02
2.290076335877862593e-02
3.176557498153164544e-02
3.595173602560945703e-02
4.481654764836247307e-02
4.851021915784289873e-02
5.639005171140113598e-02
6.550110810145284845e-02
7.141098251662152119e-02
8.027579413937453723e-02
8.618566855454320996e-02
9.234178773701058607e-02
1.053927604038414206e-01
1.164737749322826837e-01
1.142575720265944367e-01
1.371583353853730591e-01
1.305097266683082902e-01
1.603053435114503711e-01
1.612903225806451568e-01
1.888697365180989907e-01
1.960108347697611386e-01
2.011819748830337429e-01
2.235902487072149725e-01
2.418123614873183835e-01
2.526471312484609433e-01
2.804727899532135083e-01
2.903225806451613100e-01
3.110071410982516715e-01
3.299679881802511927e-01
3.521300172371337189e-01
3.782319625707953881e-01
3.853730608224575360e-01
4.282196503324304238e-01
4.397931543954691214e-01
4.683575474021177132e-01
5.136665845850775236e-01
5.464171386358039895e-01
5.498645653779856701e-01
5.799064269884265377e-01
6.264466880078798372e-01
6.340802757941393919e-01
6.796355577443978779e-01
6.958877123861118008e-01
7.035213001723713555e-01
7.466141344496429744e-01
7.744397931543954838e-01
8.027579413937453445e-01
8.515144053188870021e-01
8.788475744890421604e-01
8.441270622999261786e-01
9.194779610933268010e-01
9.214479192317163170e-01
9.219404087663136682e-01
9.670032011819749140e-01
9.549372075843388652e-01
9.985225313962078353e-01
9.682344250184683476e-01
1.000000000000000000e+00
9.842403348928835394e-01
9.793154395469095830e-01
9.719280965279487594e-01
9.652794878108840182e-01
9.608470819995075241e-01
9.044570302881064228e-01
8.579167692686530122e-01
8.244274809160305750e-01
7.672986949027332804e-01
6.537798571780349954e-01
5.717803496675695207e-01
4.934745136665845688e-01
4.262496921940408523e-01
3.513912829352376366e-01
2.785028318148239368e-01
2.346712632356562356e-01
1.627677911844373215e-01
1.305097266683082902e-01
1.071164737749322887e-01
7.855208076828366914e-02
5.712878601329721834e-02
3.989165230238857218e-02
2.388574242797340472e-02
1.674464417631125329e-02
9.111056390051710738e-03
7.387343018960846990e-03
4.678650578675203585e-03
2.954937207584338969e-03
4.924895345973898282e-04
4.924895345973898282e-04
4.924895345973898282e-04
2.462447672986949141e-04
4.924895345973898282e-04
0.000000000000000000e+00
