4.827898444844520021e-01
5.039640813737165104e-01
5.260669796939634324e-01
5.491392687549622176e-01
5.732234641759151872e-01
5.983639462295647915e-01
6.246070416223221677e-01
6.520011088611157302e-01
6.805966273642664044e-01
7.104462904805948220e-01
7.416051025881676972e-01
7.741304804516095928e-01
8.080823590247522281e-01
8.435233018935844873e-01
8.805186165630183304e-01
9.191364747999126728e-01
9.594480382541095143e-01
1.001527589588969702e+00
1.045452669363040821e+00
1.091304218915094326e+00
1.139166729515824539e+00
1.189128398061057412e+00
1.241281289593363368e+00
1.295721506951555968e+00
1.352549367860694574e+00
1.411869589788912194e+00
1.473791482911711581e+00
1.538429151539304485e+00
1.605901704378167150e+00
1.676333474014265912e+00
1.749854246022395587e+00
1.826599498123813392e+00
1.906710649832868976e+00
1.990335323052657257e+00
2.077627614099895492e+00
2.168748377660292714e+00
2.263865523197653218e+00
2.363154324362918057e+00
2.466797741973293601e+00
2.574986761156623949e+00
2.687920743282269598e+00
2.805807793327001143e+00
2.928865143352854084e+00
3.057319552803590135e+00
3.191407726357390562e+00
3.331376750105769613e+00
3.477484546862458448e+00
3.630000351441263540e+00
3.789205206778701207e+00
3.955392481815615202e+00
4.128868412092099760e+00
4.309952664051867721e+00
4.498978924095931475e+00
4.696295513471049787e+00
4.902266030126001262e+00
5.117270018718444113e+00
5.341703670006991089e+00
5.575980550917281953e+00
5.820532366627349852e+00
6.075809756076597345e+00
6.342283122364261949e+00
6.620443499567577383e+00
6.910803457576904840e+00
7.213898046615208948e+00
7.530285783182342207e+00
7.860549679240947718e+00
8.205298316540504899e+00
8.565166968059141794e+00
8.940818768629748448e+00
9.332945936907510287e+00
9.742271050930579435e+00
1.016954837962441083e+01
1.061556527270331785e+01
1.108114361153043070e+01
1.156714132360960612e+01
1.207445396350006561e+01
1.260401636306686335e+01
1.315680435410825311e+01
1.373383656653410689e+01
1.433617630540904031e+01
1.496493351031906549e+01
1.562126680067226658e+01
1.630638561070243853e+01
1.702155241810993047e+01
1.776808507044640351e+01
1.854735921353032069e+01
1.936081082636809469e+01
2.020993886725206323e+01
2.109630803591117498e+01
2.202155165680440874e+01
2.298737468886980650e+01
2.399555686727536141e+01
2.504795598296112402e+01
2.614651130601570017e+01
2.729324715919548439e+01
2.849027664817154104e+01
2.973980555537805870e+01
3.104413640463750923e+01
3.240567270405235689e+01
3.382692337498207280e+01
