7.371167645140247471e-02
1.846053489889106225e-01
3.300717547292889575e-01
4.148727984344422470e-01
5.185909980430528643e-01
5.694716242661448380e-01
5.968688845401174392e-01
6.744944553163730872e-01
7.142857142857143016e-01
7.938682322243966194e-01
8.023483365949118928e-01
8.303979125896934210e-01
8.303979125896934210e-01
8.330071754729289069e-01
8.891063274624918522e-01
9.269406392694063967e-01
9.380300065231571560e-01
9.608610567514677125e-01
9.073711676451402530e-01
9.804305283757338563e-01
9.993476842791910730e-01
1.000000000000000000e+00
9.275929549902152127e-01
9.288975864318329556e-01
9.484670580560990993e-01
8.617090671885192510e-01
7.990867579908675911e-01
7.625570776255707894e-01
7.195042400521852732e-01
6.210045662100456276e-01
5.218525766470971661e-01
4.448793215916503341e-01
3.659491193737768877e-01
2.798434442270058553e-01
1.898238747553815942e-01
1.519895629484670496e-01
9.719504240052184718e-02
8.675799086757990386e-02
5.805609915198955973e-02
3.261578604044357288e-02
2.609262883235485830e-02
1.174168297455968624e-02
5.218525766470971661e-03
0.000000000000000000e+00
6.523157208088714576e-04
0.000000000000000000e+00
0.000000000000000000e+00
0.000000000000000000e+00
0.000000000000000000e+00
0.000000000000000000e+00
