0.000000000000000000e+00
1.471670345842531272e-03
7.358351729212656359e-04
7.358351729212656359e-04
7.358351729212656359e-04
1.471670345842531272e-03
4.415011037527593815e-03
1.471670345842531272e-03
4.415011037527593815e-03
5.150846210448859451e-03
8.094186902133922862e-03
6.622516556291390723e-03
6.622516556291390723e-03
1.250919793966151668e-02
1.250919793966151668e-02
2.281089036055923558e-02
1.471670345842531272e-02
2.354672553348050035e-02
2.575423105224429812e-02
2.501839587932303335e-02
3.973509933774834607e-02
3.752759381898454483e-02
5.886681383370125087e-02
6.769683590875644197e-02
6.328182487122883948e-02
6.622516556291391243e-02
9.124356144223694232e-02
9.345106696100073662e-02
1.243561442236938985e-01
1.250919793966151494e-01
1.685062545989698402e-01
1.817512877115526060e-01
2.097130242825606949e-01
2.192788815305371508e-01
2.523914643119941070e-01
2.877115526122148714e-01
3.208241353936718276e-01
3.568800588668138429e-01
4.047093451066960945e-01
4.400294334069168589e-01
4.569536423841059625e-01
5.334805003679176094e-01
5.599705665930831966e-01
6.114790286975717581e-01
6.615158204562178179e-01
6.806475349521706741e-01
7.549668874172185129e-01
7.328918322295805421e-01
7.682119205298013620e-01
8.417954378219278944e-01
8.248712288447387353e-01
9.264164827078734676e-01
9.109639440765268104e-01
1.000000000000000000e+00
8.557763061074319388e-01
8.822663723325975260e-01
8.381162619573215844e-01
8.874172185430463378e-01
8.719646799116997915e-01
8.182487122884474218e-01
7.924944812362031410e-01
7.064017660044150659e-01
6.916850625459897151e-01
6.622516556291391243e-01
5.945548197203825991e-01
5.621780721118468938e-01
4.966887417218542877e-01
4.871228844738778596e-01
4.775570272259013760e-01
3.958793230316409173e-01
3.936718175128771091e-01
3.517292126563649757e-01
2.906548933038999305e-01
2.450331125827814593e-01
2.244297277409860181e-01
1.766004415011037665e-01
1.766004415011037665e-01
1.405445180279617234e-01
1.390728476821191939e-01
1.081677704194260459e-01
8.020603384841795691e-02
7.211184694628403058e-02
5.371596762325239055e-02
4.709345106696100069e-02
5.224429727740986101e-02
2.649006622516556289e-02
2.207505518763797081e-02
1.913171449595290827e-02
1.177336276674025017e-02
1.324503311258278145e-02
8.830022075055187630e-03
4.415011037527593815e-03
6.622516556291390723e-03
2.943340691685062543e-03
2.943340691685062543e-03
1.471670345842531272e-03
0.000000000000000000e+00
7.358351729212656359e-04
7.358351729212656359e-04
0.000000000000000000e+00
