0.000000000000000000e+00
2.417794970986460363e-04
7.253384912959381361e-04
1.450676982591876272e-03
1.692456479690522281e-03
5.802707930367505089e-03
6.286266924564796674e-03
7.978723404255318521e-03
1.378143133462282448e-02
1.740812379110251440e-02
2.441972920696324975e-02
3.457446808510638431e-02
2.756286266924564896e-02
3.578336557059961370e-02
4.593810444874274479e-02
5.415860735009671301e-02
5.343326885880077259e-02
6.745647969052225024e-02
8.172147001934236543e-02
8.462282398452611321e-02
8.679883945841392057e-02
1.032398452611218570e-01
1.083172147001934260e-01
1.245164410058027110e-01
1.305609284332688580e-01
1.484526112185686753e-01
1.474854932301740695e-01
1.694874274661508640e-01
1.815764023210831857e-01
2.050290135396518332e-01
2.108317214700193287e-01
2.212282398452611321e-01
2.420212765957446832e-01
2.492746615087040596e-01
2.891682785299806713e-01
2.828820116054158729e-01
3.133462282398452592e-01
3.341392649903288103e-01
3.554158607350096921e-01
3.752417794970986376e-01
4.110251450676982721e-01
4.286750483558994240e-01
4.385880077369438967e-01
4.929883945841392889e-01
5.169245647969051838e-01
5.365087040618955472e-01
5.819632495164409614e-01
5.991295938104448382e-01
6.361218568665377715e-01
6.237911025145067567e-01
6.711798839458413823e-01
7.105899419729206912e-01
7.156673114119922463e-01
7.778046421663442622e-01
8.140715667311412274e-01
8.341392649903288659e-01
8.612185686653771599e-01
8.626692456479690962e-01
9.040135396518375055e-01
9.216634429400386574e-01
9.506769825918761629e-01
9.480174081237910944e-01
9.501934235976788878e-01
9.816247582205028799e-01
9.893617021276596146e-01
9.886363636363636465e-01
9.949226305609284449e-01
1.000000000000000000e+00
9.680851063829787329e-01
9.688104448742747010e-01
9.557543520309478291e-01
9.209381044487428003e-01
8.774177949709864865e-01
8.201160541586073327e-01
7.533849129593810368e-01
6.576402321083172353e-01
5.793036750483558928e-01
4.859767891682785224e-01
4.272243713733075432e-01
3.476789168278530129e-01
2.744197292069632255e-01
2.279980657640232056e-01
1.694874274661508640e-01
1.295938104448742800e-01
1.020309477756286276e-01
7.833655705996131480e-02
5.681818181818181629e-02
3.965183752417794638e-02
2.393617021276595730e-02
1.619922630560928500e-02
7.978723404255318521e-03
7.495164410058026937e-03
3.384912959381044563e-03
1.934235976789168291e-03
7.253384912959381361e-04
2.417794970986460363e-04
2.417794970986460363e-04
0.000000000000000000e+00
2.417794970986460363e-04
0.000000000000000000e+00
