7.007203667321545981e-02
2.134905042567125100e-01
2.796332678454486187e-01
4.099541584806810635e-01
5.121152586771446913e-01
5.533726260641781414e-01
5.965946299934512531e-01
6.732154551407989462e-01
6.974459724950884398e-01
7.504911591355599709e-01
7.694826457105435891e-01
7.845448592010477729e-01
8.421741977734119589e-01
8.827766863130320774e-01
8.880157170923379528e-01
9.502292075965946827e-01
9.286182056319580713e-01
9.790438768827767202e-01
9.738048461034708447e-01
9.685658153241650803e-01
9.430255402750491456e-01
9.855926653569089257e-01
1.000000000000000000e+00
9.089718402095612326e-01
9.345121152586771673e-01
8.834315651604452979e-01
8.559266535690897015e-01
7.721021611001964713e-01
7.138179436804191758e-01
6.555337262606417692e-01
5.396201702685002877e-01
4.734774066797642345e-01
3.497053045186640508e-01
2.789783889980353426e-01
1.886051080550098236e-01
1.309757694826457208e-01
1.106745252128356199e-01
6.745252128356253596e-02
5.304518664047151028e-02
3.732809430255402960e-02
1.440733464309102742e-02
5.893909626719056986e-03
5.239030779305828625e-03
3.929273084479371035e-03
1.309757694826457156e-03
0.000000000000000000e+00
0.000000000000000000e+00
0.000000000000000000e+00
0.000000000000000000e+00
0.000000000000000000e+00
