6.070496083550913635e-02
1.958224543080940017e-01
2.793733681462141072e-01
4.138381201044386559e-01
4.745430809399477923e-01
5.469973890339425715e-01
5.992167101827676756e-01
6.866840731070495973e-01
6.853785900783290197e-01
7.558746736292427659e-01
7.441253263707572341e-01
8.146214099216709803e-01
8.426892950391644543e-01
8.302872062663185782e-01
8.524804177545691752e-01
8.883812010443864482e-01
8.975195822454308248e-01
9.856396866840730908e-01
1.000000000000000000e+00
9.640992167101827270e-01
9.608355091383812274e-01
9.673629242819843377e-01
9.627937336814621494e-01
9.921671018276762011e-01
9.784595300261096362e-01
8.949086161879895585e-01
8.218015665796344349e-01
7.721932114882507081e-01
6.853785900783290197e-01
6.475195822454308248e-01
5.280678851174934740e-01
4.751958224543080811e-01
3.785900783289817273e-01
3.048302872062663149e-01
2.140992167101827548e-01
1.403394255874673702e-01
1.122715404699738961e-01
9.334203655352479867e-02
5.221932114882506248e-02
3.067885117493472646e-02
2.023498694516971327e-02
8.485639686684073868e-03
4.569190600522193488e-03
2.610966057441253298e-03
6.527415143603133244e-04
0.000000000000000000e+00
0.000000000000000000e+00
0.000000000000000000e+00
0.000000000000000000e+00
0.000000000000000000e+00
