1.620445890370070696e+00
1.693153552518281924e+00
1.769123529172935028e+00
1.848502196872959802e+00
1.931442499914964861e+00
2.018104245041451250e+00
2.108654409351371939e+00
2.203267462026300638e+00
2.302125700492116067e+00
2.405419601663890905e+00
2.513348188950765394e+00
2.626119415727931727e+00
2.743950566014596859e+00
2.867068673129928857e+00
2.995710957133651320e+00
3.130125281894119205e+00
3.270570632664552502e+00
3.417317615087599680e+00
3.570648976589696044e+00
3.730860151169829830e+00
3.898259828632389290e+00
4.073170549360879633e+00
4.255929325778486927e+00
4.446888291692923545e+00
4.646415380776661053e+00
4.854895035489851907e+00
5.072728947811854461e+00
5.300336833208586285e+00
5.538157239326952919e+00
5.786648390974537648e+00
6.046289073012603765e+00
6.317579552863568537e+00
6.601042544410389290e+00
6.897224215145072890e+00
7.206695238506860335e+00
7.530051893437692989e+00
7.867917213273541321e+00
8.220942186185252964e+00
8.589807009481898348e+00
8.975222400193350936e+00
9.377930964457279472e+00
9.798708628349093175e+00
1.023836613291165598e+01
1.069775059626539537e+01
1.117774714580859374e+01
1.167928062365275643e+01
1.220331736857903415e+01
1.275086707794909380e+01
1.332298475315795727e+01
1.392077273237715573e+01
1.454538281450495596e+01
1.519801847841589471e+01
1.587993720178565660e+01
1.659245288395913320e+01
1.733693837752998235e+01
1.811482813350938770e+01
1.892762096518075055e+01
1.977688293596552427e+01
2.066425037686447297e+01
2.159143303928832225e+01
2.256021738935247711e+01
2.357247004998320605e+01
2.463014139746744391e+01
2.573526931937587392e+01
2.688998314110001431e+01
2.809650772856877410e+01
2.935716777504946862e+01
3.067439228029300935e+01
3.205071923065350603e+01
3.348880048919978236e+01
3.499140690524093600e+01
3.656143365311083926e+01
3.820190581049804024e+01
3.991598418706953311e+01
4.170697141461836566e+01
4.357831831046975424e+01
4.553363052640634123e+01
4.757667549592356693e+01
4.971138969320089274e+01
5.194188621777529136e+01
5.427246271953084289e+01
5.670760967927403584e+01
5.925201906084966907e+01
6.191059335146780285e+01
6.468845500766035173e+01
6.759095632506786444e+01
7.062368975107273172e+01
7.379249866014923498e+01
7.710348861269194742e+01
8.056303911901572690e+01
8.417781593119350703e+01
8.795478388641586776e+01
9.190122032661813023e+01
9.602472912023176832e+01
1.003332553130766627e+02
1.048351004366231081e+02
1.095389385031191409e+02
1.144538327184019408e+02
1.195892529445946053e+02
1.249550939463370440e+02
