0.000000000000000000e+00
4.790419161676646650e-04
0.000000000000000000e+00
7.185628742514969976e-04
9.580838323353293301e-04
4.790419161676646650e-03
6.706586826347305311e-03
1.101796407185628816e-02
1.485029940119760548e-02
1.748502994011975897e-02
2.107784431137724526e-02
3.449101796407185588e-02
3.305389221556886276e-02
3.544910179640718695e-02
4.167664670658682846e-02
5.293413173652694592e-02
5.748502994011975981e-02
6.946107784431138077e-02
7.952095808383233266e-02
7.880239520958083610e-02
9.341317365269460882e-02
9.149700598802394669e-02
1.101796407185628712e-01
1.231137724550898233e-01
1.334131736526946166e-01
1.441916167664670789e-01
1.537724550898203479e-01
1.621556886227544791e-01
1.705389221556886103e-01
1.952095808383233488e-01
2.047904191616766456e-01
2.229940119760479011e-01
2.402395209580838187e-01
2.548502994011975775e-01
2.675449101796407159e-01
2.934131736526945922e-01
3.005988023952095856e-01
3.461077844311377105e-01
3.417964071856287589e-01
3.753293413173652837e-01
3.870658682634730563e-01
4.107784431137724290e-01
4.483832335329341334e-01
4.689820359281436923e-01
5.044311377245509487e-01
5.511377245508981559e-01
5.511377245508981559e-01
5.738922155688622739e-01
6.205988023952095922e-01
6.455089820359281028e-01
6.876646706586826419e-01
6.919760479041916490e-01
7.099401197604789937e-01
7.329341317365269948e-01
7.827544910179641269e-01
8.076646706586826374e-01
8.356886227544910728e-01
8.627544910179640869e-01
8.594011976047903900e-01
8.974850299401198050e-01
9.152095808383233777e-01
9.293413173652694814e-01
9.322155688622754122e-01
9.564071856287424955e-01
9.856287425149700132e-01
9.401197604790418882e-01
1.000000000000000000e+00
9.508982035928144061e-01
9.770059880239521100e-01
9.403592814371257713e-01
9.528143712574850266e-01
9.291017964071855983e-01
8.577245508982035416e-01
8.220359281437126242e-01
7.774850299401198095e-01
6.759281437125748138e-01
5.952095808383233155e-01
5.161676646706586657e-01
4.548502994011975886e-01
3.741317365269460904e-01
3.010778443113772407e-01
2.502994011976047983e-01
1.918562874251497075e-01
1.346107784431137822e-01
1.113772455089820368e-01
8.526946107784430517e-02
6.419161676646706338e-02
4.335329341317365609e-02
2.826347305389221437e-02
1.772455089820359347e-02
1.077844311377245540e-02
6.706586826347305311e-03
5.029940119760479417e-03
2.395209580838323325e-03
7.185628742514969976e-04
4.790419161676646650e-04
7.185628742514969976e-04
0.000000000000000000e+00
2.395209580838323325e-04
0.000000000000000000e+00
